date,adj_close,close,high,low,open,volume,ticker,revenue,net_income,eps,gross_profit,operating_income,ebitda,total_assets,total_debt,shareholders_equity,free_cash_flow,operating_cash_flow,announced_date,roe,de,revenue_growth_yoy,profit_margin,pe,vix,benchmark_return,sector_return,stock_return,sector_beta,f_score,t_score_raw_integral,t_score,m_score,m_score_adj,_fundamental_floor_violated,r_final,r_final_kalman,confidence_lower,confidence_upper,kalman_covariance,composite_base,regime_adjustment,weighted_scores,weight_f,weight_t,weight_m,vix_regime,corr_mt,component_variance,is_buy_dip,is_pump_risk,r_asre,r_asre_base,sigma_f,sigma_t,sigma_m,inv_vol_f,inv_vol_t,inv_vol_m,rating_velocity,rating_acceleration,accel_term,allocation,prev_allocation,is_rebalance_date,position,entry_price,entry_date,position_high,exit_reason,trade_pnl,days_held,tax_applied,price_return,strategy_return,position_change,transaction_cost_incurred,net_return,cumulative_return,drawdown
2020-02-13,6.739395618438721,6.769499778747559,6.836999893188477,6.727749824523926,6.755249977111816,528016000,NVDA,35082000000.0,,0.78,,,,,,,,,,15.0,0.5,10.0,55.0396214582977,2.169711467547294,14.149999618530273,-0.0010669665544831286,-0.002652561843328849,-0.006457789570888495,1.4903527064999136,40.0,,50.0,,,False,,55.0,53.04003601545995,56.95996398454005,1.5,50.0,,,0.44114190914003737,0.25222955153301774,0.3066285393269449,-0.28350000381469725,-0.1306046034157612,18.443804249614445,False,False,50.0,50.0,4.208588991711038,37.87933511293966,31.92701630657041,0.23760932748945895,0.02639961860519558,0.03132143606523624,0.0,0.0,0.0,0.0,0.0,False,0.0,,,,,0.0,0,0.0,,,,,,,
2020-02-14,7.212532997131348,7.244750022888184,7.3742499351501465,7.150000095367432,7.18149995803833,1041924000,NVDA,35082000000.0,,0.78,,,,,,,,,,15.0,0.5,10.0,55.0396214582977,2.3220352637462125,13.680000305175781,0.0016021140118473998,0.004334145547238766,0.07020463249480335,1.5087989464949505,40.0,,50.0,,,False,,55.0,53.04003601545995,56.95996398454005,1.5,50.0,,,0.44114190914003737,0.25222955153301774,0.3066285393269449,-0.28350000381469725,-0.1306046034157612,18.443804249614445,False,False,50.0,50.0,4.208588991711038,37.87933511293966,31.92701630657041,0.23760932748945895,0.02639961860519558,0.03132143606523624,0.0,0.0,0.0,0.0,0.0,False,0.0,,,,,0.0,0,0.0,0.07020463249480335,0.0,0.0,0.0,0.0,1.0,0.0
2020-02-18,7.381278991699219,7.414249897003174,7.432750225067139,7.121500015258789,7.140999794006348,620164000,NVDA,35082000000.0,,0.78,,,,,,,,,,15.0,0.5,10.0,55.0396214582977,2.376362146475376,14.829999923706055,-0.0025769997081124263,-0.0037269248414091294,0.02339623500872956,1.473412771091545,40.0,,50.0,,,False,,55.0,53.04003601545995,56.95996398454005,1.5,50.0,,,0.44114190914003737,0.25222955153301774,0.3066285393269449,-0.28350000381469725,-0.1306046034157612,18.443804249614445,False,False,50.0,50.0,4.208588991711038,37.87933511293966,31.92701630657041,0.23760932748945895,0.02639961860519558,0.03132143606523624,0.0,0.0,0.0,0.0,0.0,False,0.0,,,,,0.0,0,0.0,0.02339623500872956,0.0,0.0,0.0,0.0,1.0,0.0
2020-02-19,7.832513332366943,7.867499828338623,7.885250091552734,7.53725004196167,7.53725004196167,694332000,NVDA,35082000000.0,,0.78,,,,,,,,,,15.0,0.5,10.0,55.0396214582977,2.521634560364943,14.380000114440918,0.00478123511131856,0.011911784432580452,0.06113227064529503,1.5816509225387108,40.0,,50.0,,,False,,55.0,53.04003601545995,56.95996398454005,1.5,50.0,,,0.44114190914003737,0.25222955153301774,0.3066285393269449,-0.28350000381469725,-0.1306046034157612,18.443804249614445,False,False,50.0,50.0,4.208588991711038,37.87933511293966,31.92701630657041,0.23760932748945895,0.02639961860519558,0.03132143606523624,0.0,0.0,0.0,0.0,0.0,False,0.0,,,,,0.0,0,0.0,0.06113227064529503,0.0,0.0,0.0,0.0,1.0,0.0
2020-02-20,7.683178424835205,7.71750020980835,7.9079999923706055,7.408750057220459,7.819250106811523,810052000,NVDA,35082000000.0,,0.78,,,,,,,,,,15.0,0.5,10.0,55.0396214582977,2.473557759553958,15.5600004196167,-0.004108246574168639,-0.010409569854012757,-0.019065728859627873,1.5951788722166105,40.0,,50.0,,,False,,55.0,53.04003601545995,56.95996398454005,1.5,50.0,,,0.44114190914003737,0.25222955153301774,0.3066285393269449,-0.28350000381469725,-0.1306046034157612,18.443804249614445,False,False,50.0,50.0,4.208588991711038,37.87933511293966,31.92701630657041,0.23760932748945895,0.02639961860519558,0.03132143606523624,0.0,0.0,0.0,0.0,0.0,False,0.0,,,,,0.0,0,0.0,-0.019065728859627873,-0.0,0.0,0.0,-0.0,1.0,0.0
2020-02-21,7.319055080413818,7.351749897003174,7.630000114440918,7.266499996185303,7.604750156402588,768180000,NVDA,35082000000.0,,0.78,,,,,,,,,,15.0,0.5,10.0,55.0396214582977,2.356330095193325,17.079999923706055,-0.010298267087080704,-0.022414458827521355,-0.04739232949295358,1.6549848525631463,40.0,,50.0,,,False,,55.0,53.04003601545995,56.95996398454005,1.5,50.0,,,0.44114190914003737,0.25222955153301774,0.3066285393269449,-0.28350000381469725,-0.1306046034157612,18.443804249614445,False,False,50.0,50.0,4.208588991711038,37.87933511293966,31.92701630657041,0.23760932748945895,0.02639961860519558,0.03132143606523624,0.0,0.0,0.0,0.0,0.0,False,0.0,,,,,0.0,0,0.0,-0.04739232949295358,-0.0,0.0,0.0,-0.0,1.0,0.0
2020-02-24,6.801616668701172,6.831999778747559,7.046750068664551,6.699999809265137,6.754749774932861,856916000,NVDA,35082000000.0,,0.78,,,,,,,,,,15.0,0.5,10.0,55.0396214582977,2.1897435188293457,25.030000686645508,-0.03316539880720826,-0.041331461277601345,-0.07069747006321359,1.6390404621055823,40.0,,50.0,,,False,,55.0,53.04003601545995,56.95996398454005,1.5,50.0,,,0.44114190914003737,0.25222955153301774,0.3066285393269449,-0.28350000381469725,-0.1306046034157612,18.443804249614445,False,False,50.0,50.0,4.208588991711038,37.87933511293966,31.92701630657041,0.23760932748945895,0.02639961860519558,0.03132143606523624,0.0,0.0,0.0,0.0,0.0,False,0.0,,,,,0.0,0,0.0,-0.07069747006321359,-0.0,0.0,0.0,-0.0,1.0,0.0
2020-02-25,6.5221171379089355,6.551249980926514,6.969749927520752,6.448999881744385,6.90749979019165,1055496000,NVDA,35082000000.0,,0.78,,,,,,,,,,15.0,0.5,10.0,55.0396214582977,2.0997596092713184,27.850000381469727,-0.030302149756096908,-0.03199415706676556,-0.04109335581280005,1.6020846216825468,40.0,,50.0,,,False,,55.0,53.04003601545995,56.95996398454005,1.5,50.0,,,0.44114190914003737,0.25222955153301774,0.3066285393269449,-0.28350000381469725,-0.1306046034157612,18.443804249614445,False,False,50.0,50.0,4.208588991711038,37.87933511293966,31.92701630657041,0.23760932748945895,0.02639961860519558,0.03132143606523624,0.0,0.0,0.0,0.0,0.0,False,0.0,,,,,0.0,0,0.0,-0.04109335581280005,-0.0,0.0,0.0,-0.0,1.0,0.0
2020-02-26,6.661493301391602,6.691249847412109,6.886250019073486,6.550000190734863,6.551499843597412,747732000,NVDA,35082000000.0,,0.78,,,,,,,,,,15.0,0.5,10.0,55.0396214582977,2.144631361350035,27.559999465942383,-0.0036782149973914047,0.004551345627450631,0.021369947245669874,1.6099734783291872,40.0,,50.0,,,False,,55.0,53.04003601545995,56.95996398454005,1.5,50.0,,,0.44114190914003737,0.25222955153301774,0.3066285393269449,-0.28350000381469725,-0.1306046034157612,18.443804249614445,False,False,50.0,50.0,4.208588991711038,37.87933511293966,31.92701630657041,0.23760932748945895,0.02639961860519558,0.03132143606523624,0.0,0.0,0.0,0.0,0.0,False,0.0,,,,,0.0,0,0.0,0.021369947245669874,0.0,0.0,0.0,0.0,1.0,0.0
2020-02-27,6.290677547454834,6.315000057220459,6.675000190734863,6.222249984741211,6.372499942779541,906416000,NVDA,35082000000.0,,0.78,,,,,,,,,,15.0,0.5,10.0,55.0396214582977,2.024038479878352,39.15999984741211,-0.044911686145666097,-0.05393743435387255,-0.056230121243666886,1.4784711516999833,40.0,,50.0,,,False,,55.0,53.04003601545995,56.95996398454005,1.5,50.0,,,0.44114190914003737,0.25222955153301774,0.3066285393269449,-0.28350000381469725,-0.1306046034157612,18.443804249614445,False,False,50.0,50.0,4.208588991711038,37.87933511293966,31.92701630657041,0.23760932748945895,0.02639961860519558,0.03132143606523624,0.0,0.0,0.0,0.0,0.0,False,0.0,,,,,0.0,0,0.0,-0.056230121243666886,-0.0,0.0,0.0,-0.0,1.0,0.0
2020-02-28,6.725745677947998,6.7517499923706055,6.811500072479248,6.044750213623047,6.061500072479248,1133252000,NVDA,35082000000.0,,0.78,,,,,,,,,,15.0,0.5,10.0,55.0396214582977,2.164022433452117,40.11000061035156,-0.004201539306138757,0.007639747111225725,0.06916071752854136,1.4923753538833746,40.0,,50.0,,,False,,55.0,53.04003601545995,56.95996398454005,1.5,50.0,,,0.44114190914003737,0.25222955153301774,0.3066285393269449,-0.28350000381469725,-0.1306046034157612,18.443804249614445,False,False,50.0,50.0,4.208588991711038,37.87933511293966,31.92701630657041,0.23760932748945895,0.02639961860519558,0.03132143606523624,0.0,0.0,0.0,0.0,0.0,False,0.0,,,,,0.0,0,0.0,0.06916071752854136,0.0,0.0,0.0,0.0,1.0,0.0
2020-03-02,6.88413143157959,6.910749912261963,6.9397501945495605,6.525000095367432,6.922500133514404,890744000,NVDA,35082000000.0,,0.78,,,,,,,,,,15.0,0.5,10.0,55.0396214582977,2.2149839462378087,33.41999816894531,0.043306508301324875,0.05782505886081579,0.023549438304295345,1.2374946742556114,40.0,,50.0,,,False,,55.0,53.04003601545995,56.95996398454005,1.5,50.0,,,0.44114190914003737,0.25222955153301774,0.3066285393269449,-0.28350000381469725,-0.1306046034157612,18.443804249614445,False,False,50.0,50.0,4.208588991711038,37.87933511293966,31.92701630657041,0.23760932748945895,0.02639961860519558,0.03132143606523624,0.0,0.0,0.0,0.0,0.0,False,0.0,,,,,0.0,0,0.0,0.023549438304295345,0.0,0.0,0.0,0.0,1.0,0.0
2020-03-03,6.621647357940674,6.647250175476074,7.026750087738037,6.561500072479248,6.966750144958496,652792000,NVDA,35082000000.0,,0.78,,,,,,,,,,15.0,0.5,10.0,55.0396214582977,2.1305289023961778,36.81999969482422,-0.02863245724019159,-0.03797606893746974,-0.038128964313750235,1.2241008030261857,40.0,,50.0,,,False,,55.0,53.04003601545995,56.95996398454005,1.5,50.0,,,0.44114190914003737,0.25222955153301774,0.3066285393269449,-0.28350000381469725,-0.1306046034157612,18.443804249614445,False,False,50.0,50.0,4.208588991711038,37.87933511293966,31.92701630657041,0.23760932748945895,0.02639961860519558,0.03132143606523624,0.0,0.0,0.0,0.0,0.0,False,0.0,,,,,0.0,0,0.0,-0.038128964313750235,-0.0,0.0,0.0,-0.0,1.0,0.0
2020-03-04,7.085354328155518,7.112750053405762,7.122250080108643,6.679999828338623,6.755000114440918,597408000,NVDA,35082000000.0,,0.78,,,,,,,,,,15.0,0.5,10.0,55.0396214582977,2.2797275812197952,31.989999771118164,0.04203302533861675,0.04292227952021266,0.07002893913141284,1.2580931099987172,40.0,,50.0,,,False,,55.0,53.04003601545995,56.95996398454005,1.5,50.0,,,0.44114190914003737,0.25222955153301774,0.3066285393269449,-0.28350000381469725,-0.1306046034157612,18.443804249614445,False,False,50.0,50.0,4.208588991711038,37.87933511293966,31.92701630657041,0.23760932748945895,0.02639961860519558,0.03132143606523624,0.0,0.0,0.0,0.0,0.0,False,0.0,,,,,0.0,0,0.0,0.07002893913141284,0.0,0.0,0.0,0.0,1.0,0.0
2020-03-05,6.805934906005859,6.832250118255615,7.079999923706055,6.787499904632568,6.912499904632568,540328000,NVDA,35082000000.0,,0.78,,,,,,,,,,15.0,0.5,10.0,55.0396214582977,2.1898237558511586,39.619998931884766,-0.033241687602835635,-0.031559857720212636,-0.039436214269308656,1.2647045568483442,40.0,,50.0,,,False,,55.0,53.04003601545995,56.95996398454005,1.5,50.0,,,0.44114190914003737,0.25222955153301774,0.3066285393269449,-0.28350000381469725,-0.1306046034157612,18.443804249614445,False,False,50.0,50.0,4.208588991711038,37.87933511293966,31.92701630657041,0.23760932748945895,0.02639961860519558,0.03132143606523624,0.0,0.0,0.0,0.0,0.0,False,0.0,,,,,0.0,0,0.0,-0.039436214269308656,-0.0,0.0,0.0,-0.0,1.0,0.0
2020-03-06,6.625382423400879,6.651000022888184,6.709750175476074,6.449999809265137,6.6519999504089355,515412000,NVDA,35082000000.0,,0.78,,,,,,,,,,15.0,0.5,10.0,55.0396214582977,2.1317307765667253,41.939998626708984,-0.016531112018967953,-0.021138369814376334,-0.026528609496179856,1.2694733651003918,40.0,,50.0,,,False,,55.0,53.04003601545995,56.95996398454005,1.5,50.0,,,0.44114190914003737,0.25222955153301774,0.3066285393269449,-0.28350000381469725,-0.1306046034157612,18.443804249614445,False,False,50.0,50.0,4.208588991711038,37.87933511293966,31.92701630657041,0.23760932748945895,0.02639961860519558,0.03132143606523624,0.0,0.0,0.0,0.0,0.0,False,0.0,,,,,0.0,0,0.0,-0.026528609496179856,-0.0,0.0,0.0,-0.0,1.0,0.0
2020-03-09,6.112366676330566,6.136000156402588,6.485000133514404,5.954500198364258,5.997499942779541,614160000,NVDA,35082000000.0,,0.78,,,,,,,,,,15.0,0.5,10.0,55.0396214582977,1.9666667167957013,54.459999084472656,-0.07809447030209493,-0.07591946599903965,-0.07743194477722437,1.2232978462533626,40.0,,50.0,,,False,,55.0,53.04003601545995,56.95996398454005,1.5,50.0,,,0.44114190914003737,0.25222955153301774,0.3066285393269449,-0.28350000381469725,-0.1306046034157612,18.443804249614445,False,False,50.0,50.0,4.208588991711038,37.87933511293966,31.92701630657041,0.23760932748945895,0.02639961860519558,0.03132143606523624,0.0,0.0,0.0,0.0,0.0,False,0.0,,,,,0.0,0,0.0,-0.07743194477722437,-0.0,0.0,0.0,-0.0,1.0,0.0
2020-03-10,6.501861095428467,6.5269999504089355,6.5269999504089355,6.149750232696533,6.41349983215332,580648000,NVDA,35082000000.0,,0.78,,,,,,,,,,15.0,0.5,10.0,55.0396214582977,2.0919871635926075,47.29999923706055,0.05174489250964487,0.0666990686864628,0.0637222594589344,1.1737963765389174,40.0,,50.0,,,False,,55.0,53.04003601545995,56.95996398454005,1.5,50.0,,,0.44114190914003737,0.25222955153301774,0.3066285393269449,-0.28350000381469725,-0.1306046034157612,18.443804249614445,False,False,50.0,50.0,4.208588991711038,37.87933511293966,31.92701630657041,0.23760932748945895,0.02639961860519558,0.03132143606523624,0.0,0.0,0.0,0.0,0.0,False,0.0,,,,,0.0,0,0.0,0.0637222594589344,0.0,0.0,0.0,0.0,1.0,0.0
2020-03-11,6.138017177581787,6.161749839782715,6.414999961853027,6.0642499923706055,6.386499881744385,499964000,NVDA,35082000000.0,,0.78,,,,,,,,,,15.0,0.5,10.0,55.0396214582977,1.9749198204431777,53.900001525878906,-0.04874844817138435,-0.04723869715290563,-0.05595987642122424,1.1739842775118234,40.0,,50.0,,,False,,55.0,53.04003601545995,56.95996398454005,1.5,50.0,,,0.44114190914003737,0.25222955153301774,0.3066285393269449,-0.28350000381469725,-0.1306046034157612,18.443804249614445,False,False,50.0,50.0,4.208588991711038,37.87933511293966,31.92701630657041,0.23760932748945895,0.02639961860519558,0.03132143606523624,0.0,0.0,0.0,0.0,0.0,False,0.0,,,,,0.0,0,0.0,-0.05595987642122424,-0.0,0.0,0.0,-0.0,1.0,0.0
2020-03-12,5.3869218826293945,5.407750129699707,5.9029998779296875,5.394999980926514,5.636499881744385,816540000,NVDA,35082000000.0,,0.78,,,,,,,,,,15.0,0.5,10.0,55.0396214582977,1.733253246698624,75.47000122070312,-0.09567716191402487,-0.09760480869316057,-0.12236778994416242,1.2016961180440757,40.0,570.0357538995548,5.0,,,False,,55.0,53.04003601545995,56.95996398454005,1.5,50.0,,,0.44114190914003737,0.25222955153301774,0.3066285393269449,-0.28350000381469725,-0.1306046034157612,18.443804249614445,False,False,50.0,50.0,0.42085889917110386,10.062305898749054,31.92701630657041,2.3760932748945893,0.09938079899999065,0.03132143606523624,0.0,0.0,0.0,0.0,0.0,False,0.0,,,,,0.0,0,0.0,-0.12236778994416242,-0.0,0.0,0.0,-0.0,1.0,0.0
2020-03-13,5.997809410095215,6.020999908447266,6.0254998207092285,5.490250110626221,5.762499809265137,634836000,NVDA,35082000000.0,,0.78,,,,,,,,,,15.0,0.5,10.0,55.0396214582977,1.9298076629638672,57.83000183105469,0.08548630309818428,0.11731923220039953,0.11340201822187601,1.1371411343639757,40.0,187.7069383196563,5.0,,,False,,55.0,53.04003601545995,56.95996398454005,1.5,50.0,,,0.44114190914003737,0.25222955153301774,0.3066285393269449,-0.28350000381469725,-0.1306046034157612,18.443804249614445,False,False,50.0,50.0,0.42085889917110386,13.85070775314958,31.92701630657041,2.3760932748945893,0.07219847662821455,0.03132143606523624,0.0,0.0,0.0,0.0,0.0,False,0.0,,,,,0.0,0,0.0,0.11340201822187601,0.0,0.0,0.0,0.0,1.0,0.0
2020-03-16,4.89108943939209,4.909999847412109,5.652500152587891,4.849999904632568,5.3102498054504395,726972000,NVDA,35082000000.0,,0.78,,,,,,,,,,15.0,0.5,10.0,55.0396214582977,1.5737178998115735,82.69000244140625,-0.10942373540494488,-0.13813997559753777,-0.1845208566564599,1.1925090102573805,40.0,453.4534947237342,5.0,,,False,,55.0,53.04003601545995,56.95996398454005,1.5,50.0,,,0.44114190914003737,0.25222955153301774,0.3066285393269449,-0.28350000381469725,-0.1306046034157612,18.443804249614445,False,False,50.0,50.0,0.42085889917110386,16.485639683963548,31.92701630657041,2.3760932748945893,0.06065885335179033,0.03132143606523624,0.0,0.0,0.0,0.0,0.0,False,0.0,,,,,0.0,0,0.0,-0.1845208566564599,-0.0,0.0,0.0,-0.0,1.0,0.0
2020-03-17,5.410829067230225,5.4317498207092285,5.521500110626221,4.775000095367432,5.022749900817871,833632000,NVDA,35082000000.0,,0.78,,,,,,,,,,15.0,0.5,10.0,55.0396214582977,1.740945455355522,75.91000366210938,0.05399206428476466,0.06808162358904557,0.10626272698809047,1.212925317259132,40.0,488.77352659900316,5.0,,,False,,55.0,53.04003601545995,56.95996398454005,1.5,50.0,,,0.44114190914003737,0.25222955153301774,0.3066285393269449,-0.28350000381469725,-0.1306046034157612,18.443804249614445,False,False,50.0,50.0,0.42085889917110386,18.467610337532772,31.92701630657041,2.3760932748945893,0.05414885747116092,0.03132143606523624,0.0,0.0,0.0,0.0,0.0,False,0.0,,,,,0.0,0,0.0,0.10626272698809047,0.0,0.0,0.0,0.0,1.0,0.0
2020-03-18,5.050970554351807,5.070499897003174,5.248499870300293,4.517000198364258,5.002500057220459,874268000,NVDA,35082000000.0,,0.78,,,,,,,,,,15.0,0.5,10.0,55.0396214582977,1.625160223398453,76.44999694824219,-0.05063292285300003,-0.037677395728326624,-0.0665070991172576,1.221393495928844,40.0,435.2054172134367,5.0,,,False,,55.0,53.04003601545995,56.95996398454005,1.5,50.0,,,0.44114190914003737,0.25222955153301774,0.3066285393269449,-0.28350000381469725,-0.1306046034157612,18.443804249614445,False,False,50.0,50.0,0.42085889917110386,19.991774624369366,31.92701630657041,2.3760932748945893,0.05002057189965669,0.03132143606523624,0.0,0.0,0.0,0.0,0.0,False,0.0,,,,,0.0,0,0.0,-0.0665070991172576,-0.0,0.0,0.0,-0.0,1.0,0.0
2020-03-19,5.303743362426758,5.324250221252441,5.41825008392334,4.834750175476074,5.048999786376953,765512000,NVDA,35082000000.0,,0.78,,,,,,,,,,15.0,0.5,10.0,55.0396214582977,1.7064904555296285,72.0,0.002124977111816362,0.0036202284317186084,0.05004443928679336,1.2240508401178276,40.0,401.66481946873586,5.0,,,False,,55.0,53.04003601545995,56.95996398454005,1.5,50.0,,,0.44114190914003737,0.25222955153301774,0.3066285393269449,-0.28350000381469725,-0.1306046034157612,18.443804249614445,False,False,50.0,50.0,0.42085889917110386,21.15730556917323,31.92701630657041,2.3760932748945893,0.047264997744184745,0.03132143606523624,0.0,0.0,0.0,0.0,0.0,False,0.0,,,,,0.0,0,0.0,0.05004443928679336,0.0,0.0,0.0,0.0,1.0,0.0
2020-03-20,5.12393856048584,5.143750190734863,5.757999897003174,5.1282501220703125,5.474999904632568,804636000,NVDA,35082000000.0,,0.78,,,,,,,,,,15.0,0.5,10.0,55.0396214582977,1.6486378816457894,66.04000091552734,-0.0486881698163496,-0.045824988311278125,-0.033901492795565535,1.2143567066878422,40.0,346.4332487190413,5.0,,,False,,55.0,53.04003601545995,56.95996398454005,1.5,50.0,,,0.44114190914003737,0.25222955153301774,0.3066285393269449,-0.28350000381469725,-0.1306046034157612,18.443804249614445,False,False,50.0,50.0,0.42085889917110386,22.02122182183168,31.92701630657041,2.3760932748945893,0.04541074097026747,0.03132143606523624,0.0,0.0,0.0,0.0,0.0,False,0.0,,,,,0.0,0,0.0,-0.033901492795565535,-0.0,0.0,0.0,-0.0,1.0,0.0
2020-03-23,5.296770095825195,5.317249774932861,5.4120001792907715,4.9629998207092285,5.142749786376953,643876000,NVDA,35082000000.0,,0.78,,,,,,,,,,15.0,0.5,10.0,55.0396214582977,1.7042467227348914,61.59000015258789,-0.025568208153355143,-0.014281667169097179,0.03373017307693371,1.208240674027376,40.0,313.67945288090846,5.0,,,False,,55.0,53.04003601545995,56.95996398454005,1.5,50.0,,,0.44114190914003737,0.25222955153301774,0.3066285393269449,-0.28350000381469725,-0.1306046034157612,18.443804249614445,False,False,50.0,50.0,0.42085889917110386,22.618111047751558,31.92701630657041,2.3760932748945893,0.04421235698634564,0.03132143606523624,0.0,0.0,0.0,0.0,0.0,False,0.0,,,,,0.0,0,0.0,0.03373017307693371,0.0,0.0,0.0,0.0,1.0,0.0
2020-03-24,6.20550537109375,6.229499816894531,6.316500186920166,5.701250076293945,5.724999904632568,1101644000,NVDA,35082000000.0,,0.78,,,,,,,,,,15.0,0.5,10.0,55.0396214582977,1.996634556696965,61.66999816894531,0.09060326182884682,0.1024147575028429,0.17156426359022947,1.2591869757174816,40.0,425.3332596019274,5.0,,,False,,55.0,53.04003601545995,56.95996398454005,1.5,50.0,,,0.44114190914003737,0.25222955153301774,0.3066285393269449,-0.28350000381469725,-0.1306046034157612,18.443804249614445,False,False,50.0,50.0,0.42085889917110386,22.968800349031817,31.92701630657041,2.3760932748945893,0.043537319529278425,0.03132143606523624,0.0,0.0,0.0,0.0,0.0,False,0.0,,,,,0.0,0,0.0,0.17156426359022947,0.0,0.0,0.0,0.0,1.0,0.0
2020-03-25,6.116848945617676,6.140500068664551,6.545499801635742,6.0914998054504395,6.34499979019165,793432000,NVDA,35082000000.0,,0.78,,,,,,,,,,15.0,0.5,10.0,55.0396214582977,1.9681089963668432,63.95000076293945,0.014970180880194084,-0.001288474079817914,-0.014286820907934095,1.2593433315742488,40.0,367.54835158290206,5.0,,,False,,55.0,53.04003601545995,56.95996398454005,1.5,50.0,,,0.44114190914003737,0.25222955153301774,0.3066285393269449,-0.28350000381469725,-0.1306046034157612,18.443804249614445,False,False,50.0,50.0,0.42085889917110386,23.08451292191597,31.92701630657041,2.3760932748945893,0.043319085976928726,0.03132143606523624,0.0,0.0,0.0,0.0,0.0,False,0.0,,,,,0.0,0,0.0,-0.014286820907934095,-0.0,0.0,0.0,-0.0,1.0,0.0
2020-03-26,6.406230926513672,6.431000232696533,6.555500030517578,6.25,6.348499774932861,696108000,NVDA,35082000000.0,,0.78,,,,,,,,,,15.0,0.5,10.0,55.0396214582977,2.061218023300171,61.0,0.05838980231338309,0.06192743246125687,0.04730887725487176,1.235469112366461,40.0,374.42588024391245,5.0,,,False,,55.0,53.04003601545995,56.95996398454005,1.5,50.0,,,0.44114190914003737,0.25222955153301774,0.3066285393269449,-0.28350000381469725,-0.1306046034157612,18.443804249614445,False,False,50.0,50.0,0.42085889917110386,22.968800349031817,31.92701630657041,2.3760932748945893,0.043537319529278425,0.03132143606523624,0.0,0.0,0.0,0.0,0.0,False,0.0,,,,,0.0,0,0.0,0.04730887725487176,0.0,0.0,0.0,0.0,1.0,0.0
2020-03-27,6.293914318084717,6.3182501792907715,6.578000068664551,6.2170000076293945,6.25,638828000,NVDA,35082000000.0,,0.78,,,,,,,,,,15.0,0.5,10.0,55.0396214582977,2.025080185670119,65.54000091552734,-0.029785657253030173,-0.0451950107039546,-0.01753227325860096,1.2202154279684172,40.0,341.4166826668587,5.0,,,False,,55.0,53.04003601545995,56.95996398454005,1.5,50.0,,,0.44114190914003737,0.25222955153301774,0.3066285393269449,-0.28350000381469725,-0.1306046034157612,18.443804249614445,False,False,50.0,50.0,0.42085889917110386,22.618111047751558,31.92701630657041,2.3760932748945893,0.04421235698634564,0.03132143606523624,0.0,0.0,0.0,0.0,0.0,False,0.0,,,,,0.0,0,0.0,-0.01753227325860096,-0.0,0.0,0.0,-0.0,1.0,0.0
2020-03-30,6.6141767501831055,6.639750003814697,6.64900016784668,6.339749813079834,6.383999824523926,602252000,NVDA,35082000000.0,,0.78,,,,,,,,,,15.0,0.5,10.0,55.0396214582977,2.128125001222659,57.08000183105469,0.03247571536186511,0.04211738570081125,0.050884313757897814,1.219540060497514,40.0,329.4237934313915,5.0,,,False,,55.0,53.04003601545995,56.95996398454005,1.5,50.0,,,0.44114190914003737,0.25222955153301774,0.3066285393269449,-0.28350000381469725,-0.1306046034157612,18.443804249614445,False,False,50.0,50.0,0.42085889917110386,22.02122182183168,31.92701630657041,2.3760932748945893,0.04541074097026747,0.03132143606523624,0.0,0.0,0.0,0.0,0.0,False,0.0,,,,,0.0,0,0.0,0.050884313757897814,0.0,0.0,0.0,0.0,1.0,0.0
2020-03-31,6.564619064331055,6.590000152587891,6.885000228881836,6.443749904632568,6.679999828338623,949960000,NVDA,35082000000.0,,0.78,,,,,,,,,,15.0,0.5,10.0,55.0396214582977,2.112179536085862,53.540000915527344,-0.01490538500844496,-0.0186813034284673,-0.0074927295753942635,1.2170435301663065,40.0,303.9190768902001,5.0,,,False,,55.0,53.04003601545995,56.95996398454005,1.5,50.0,,,0.44114190914003737,0.25222955153301774,0.3066285393269449,-0.28350000381469725,-0.1306046034157612,18.443804249614445,False,False,50.0,50.0,0.42085889917110386,21.15730556917323,31.92701630657041,2.3760932748945893,0.047264997744184745,0.03132143606523624,0.0,0.0,0.0,0.0,0.0,False,0.0,,,,,0.0,0,0.0,-0.0074927295753942635,-0.0,0.0,0.0,-0.0,1.0,0.0
2020-04-01,6.0533447265625,6.076749801635742,6.538249969482422,6.0320000648498535,6.391250133514404,656912000,NVDA,35082000000.0,,0.78,,,,,,,,,,15.0,0.5,10.0,55.0396214582977,1.9476762184729943,57.060001373291016,-0.045004873340506735,-0.047654618640878055,-0.07788320774933444,1.2283289839154674,40.0,309.2396047587575,5.0,,,False,,55.0,53.04003601545995,56.95996398454005,1.5,50.0,,,0.44114190914003737,0.25222955153301774,0.3066285393269449,-0.28350000381469725,-0.1306046034157612,18.443804249614445,False,False,50.0,50.0,0.42085889917110386,19.991774624369366,31.92701630657041,2.3760932748945893,0.05002057189965669,0.03132143606523624,0.0,0.0,0.0,0.0,0.0,False,0.0,,,,,0.0,0,0.0,-0.07788320774933444,-0.0,0.0,0.0,-0.0,1.0,0.0
2020-04-02,6.362150192260742,6.386750221252441,6.400000095367432,6.057750225067139,6.105999946594238,675764000,NVDA,35082000000.0,,0.78,,,,,,,,,,15.0,0.5,10.0,55.0396214582977,2.0470353273245006,50.90999984741211,0.023075393359379692,0.023386476275364387,0.051014181879473375,1.232524581933251,40.0,275.20991918795994,5.0,,,False,,55.0,53.04003601545995,56.95996398454005,1.5,50.0,,,0.44114190914003737,0.25222955153301774,0.3066285393269449,-0.28350000381469725,-0.1306046034157612,18.443804249614445,False,False,50.0,50.0,0.42085889917110386,18.467610337532772,31.92701630657041,2.3760932748945893,0.05414885747116092,0.03132143606523624,0.0,0.0,0.0,0.0,0.0,False,0.0,,,,,0.0,0,0.0,0.051014181879473375,0.0,0.0,0.0,0.0,1.0,0.0
2020-04-03,6.074263095855713,6.097750186920166,6.390749931335449,5.959750175476074,6.348999977111816,663212000,NVDA,35082000000.0,,0.78,,,,,,,,,,15.0,0.5,10.0,55.0396214582977,1.9544071111923609,46.79999923706055,-0.014454192761712337,-0.015447453800428002,-0.045249935306786226,1.2385671916834182,40.0,277.35399918919387,5.0,,,False,,55.0,53.04003601545995,56.95996398454005,1.5,50.0,,,0.44114190914003737,0.25222955153301774,0.3066285393269449,-0.28350000381469725,-0.1306046034157612,18.443804249614445,False,False,50.0,50.0,0.42085889917110386,16.485639683963548,31.92701630657041,2.3760932748945893,0.06065885335179033,0.03132143606523624,0.0,0.0,0.0,0.0,0.0,False,0.0,,,,,0.0,0,0.0,-0.045249935306786226,-0.0,0.0,0.0,-0.0,1.0,0.0
2020-04-06,6.68415641784668,6.710000038146973,6.747000217437744,6.323249816894531,6.38100004196167,727884000,NVDA,35082000000.0,,0.78,,,,,,,,,,15.0,0.5,10.0,55.0396214582977,2.1506410378676195,45.2400016784668,0.06716621437679282,0.08532149853887017,0.10040585994160578,1.231600862212328,40.0,296.04143803974387,5.0,,,False,,55.0,53.04003601545995,56.95996398454005,1.5,50.0,,,0.44114190914003737,0.25222955153301774,0.3066285393269449,-0.28350000381469725,-0.1306046034157612,18.443804249614445,False,False,50.0,50.0,0.42085889917110386,13.85070775314958,31.92701630657041,2.3760932748945893,0.07219847662821455,0.03132143606523624,0.0,0.0,0.0,0.0,0.0,False,0.0,,,,,0.0,0,0.0,0.10040585994160578,0.0,0.0,0.0,0.0,1.0,0.0
2020-04-07,6.450807571411133,6.475749969482422,6.956250190734863,6.432499885559082,6.932499885559082,784520000,NVDA,35082000000.0,,0.78,,,,,,,,,,15.0,0.5,10.0,55.0396214582977,2.0755608876546225,46.70000076293945,0.0010194802770664424,-0.008960573803410976,-0.034910591256753665,1.233641913224434,40.0,279.56057289172855,5.0,,,False,,55.0,53.04003601545995,56.95996398454005,1.5,50.0,,,0.44114190914003737,0.25222955153301774,0.3066285393269449,-0.28350000381469725,-0.1306046034157612,18.443804249614445,False,False,50.0,50.0,0.42085889917110386,10.062305898749052,31.92701630657041,2.3760932748945893,0.09938079899999067,0.03132143606523624,0.0,0.0,0.0,0.0,0.0,False,0.0,,,,,0.0,0,0.0,-0.034910591256753665,-0.0,0.0,0.0,-0.0,1.0,0.0
2020-04-08,6.648045063018799,6.673749923706055,6.698750019073486,6.514999866485596,6.585249900817871,542444000,NVDA,35082000000.0,,0.78,,,,,,,,,,15.0,0.5,10.0,55.0396214582977,2.139022411444248,43.349998474121094,0.03356841448563386,0.02688370631677106,0.030575602078018127,1.230513534269364,40.0,273.14864947553576,5.0,,,False,,55.0,53.04003601545995,56.95996398454005,1.5,50.0,,,0.44114190914003737,0.25222955153301774,0.3066285393269449,-0.28350000381469725,-0.1306046034157612,18.443804249614445,False,False,50.0,50.0,0.42085889917110386,3.787933511293966,31.92701630657041,2.3760932748945893,0.2639961860519558,0.03132143606523624,0.0,0.0,0.0,0.0,0.0,False,0.0,,,,,0.0,0,0.0,0.030575602078018127,0.0,0.0,0.0,0.0,1.0,0.0
2020-04-09,6.548430442810059,6.573750019073486,6.822999954223633,6.510499954223633,6.800000190734863,525564000,NVDA,35082000000.0,,0.78,,,,,,,,,,15.0,0.5,10.0,55.0396214582977,2.1069711599594507,41.66999816894531,0.015217361041894195,0.0002347574899597138,-0.01498406529698626,1.2297435392431462,40.0,260.7986740530283,5.0,,,False,,55.0,53.04003601545995,56.95996398454005,1.5,50.0,,,0.44114190914003737,0.25222955153301774,0.3066285393269449,-0.28350000381469725,-0.1306046034157612,18.443804249614445,False,False,50.0,50.0,0.42085889917110386,3.787933511293966,31.92701630657041,2.3760932748945893,0.2639961860519558,0.03132143606523624,0.0,0.0,0.0,0.0,0.0,False,0.0,,,,,0.0,0,0.0,-0.01498406529698626,-0.0,0.0,0.0,-0.0,1.0,0.0
2020-04-13,6.720266342163086,6.746250152587891,6.755000114440918,6.425000190734863,6.513750076293945,398408000,NVDA,35082000000.0,,0.78,,,,,,,,,,15.0,0.5,10.0,55.0396214582977,2.1622596642909904,41.16999816894531,-0.009130152528647795,0.0022300756832382973,0.026240750410937652,1.2305201231179606,40.0,251.19497569044913,5.0,,,False,,55.0,53.04003601545995,56.95996398454005,1.5,50.0,,,0.44114190914003737,0.25222955153301774,0.3066285393269449,-0.28350000381469725,-0.1306046034157612,18.443804249614445,False,False,50.0,50.0,0.42085889917110386,3.787933511293966,31.92701630657041,2.3760932748945893,0.2639961860519558,0.03132143606523624,0.0,0.0,0.0,0.0,0.0,False,0.0,,,,,0.0,0,0.0,0.026240750410937652,0.0,0.0,0.0,0.0,1.0,0.0
2020-04-14,7.071408271789551,7.098750114440918,7.132999897003174,6.847249984741211,6.875,530948000,NVDA,35082000000.0,,0.78,,,,,,,,,,15.0,0.5,10.0,55.0396214582977,2.275240421295166,37.7599983215332,0.029492870836560936,0.041925305734206164,0.0522512438584577,1.2300253463384005,40.0,251.20860143552568,5.0,,,False,,55.0,53.04003601545995,56.95996398454005,1.5,50.0,,,0.44114190914003737,0.25222955153301774,0.3066285393269449,-0.28350000381469725,-0.1306046034157612,18.443804249614445,False,False,50.0,50.0,0.42085889917110386,3.787933511293966,31.92701630657041,2.3760932748945893,0.2639961860519558,0.03132143606523624,0.0,0.0,0.0,0.0,0.0,False,0.0,,,,,0.0,0,0.0,0.0522512438584577,0.0,0.0,0.0,0.0,1.0,0.0
2020-04-15,6.993957042694092,7.020999908447266,7.104249954223633,6.884500026702881,6.929999828338623,366148000,NVDA,35082000000.0,,0.78,,,,,,,,,,15.0,0.5,10.0,55.0396214582977,2.2503204834766874,40.84000015258789,-0.021248101052656954,-0.02180512998526085,-0.01095266134745132,1.2286571085938232,40.0,236.6234319758093,5.0,,,False,,55.0,53.04003601545995,56.95996398454005,1.5,50.0,,,0.44114190914003737,0.25222955153301774,0.3066285393269449,-0.28350000381469725,-0.1306046034157612,18.443804249614445,False,False,50.0,50.0,0.42085889917110386,3.787933511293966,31.92701630657041,2.3760932748945893,0.2639961860519558,0.03132143606523624,0.0,0.0,0.0,0.0,0.0,False,0.0,,,,,0.0,0,0.0,-0.01095266134745132,-0.0,0.0,0.0,-0.0,1.0,0.0
2020-04-16,7.339123249053955,7.367499828338623,7.474999904632568,7.163750171661377,7.177000045776367,745620000,NVDA,35082000000.0,,0.78,,,,,,,,,,15.0,0.5,10.0,55.0396214582977,2.361378150108533,40.11000061035156,0.004824295401707923,0.012179680264983617,0.04935193340117672,1.2320496034171202,40.0,243.75103120573044,5.0,,,False,,55.0,53.04003601545995,56.95996398454005,1.5,50.0,,,0.44114190914003737,0.25222955153301774,0.3066285393269449,-0.28350000381469725,-0.1306046034157612,18.443804249614445,False,False,50.0,50.0,0.42085889917110386,3.787933511293966,31.92701630657041,2.3760932748945893,0.2639961860519558,0.03132143606523624,0.0,0.0,0.0,0.0,0.0,False,0.0,,,,,0.0,0,0.0,0.04935193340117672,0.0,0.0,0.0,0.0,1.0,0.0
2020-04-17,7.279852867126465,7.308000087738037,7.471499919891357,7.173500061035156,7.449999809265137,539120000,NVDA,35082000000.0,,0.78,,,,,,,,,,15.0,0.5,10.0,55.0396214582977,2.342307720428858,38.150001525878906,0.027015436689475925,0.013281937189008497,-0.008075974480749037,1.228449338948933,40.0,232.64445996946316,5.0,,,False,,55.0,53.04003601545995,56.95996398454005,1.5,50.0,,,0.44114190914003737,0.25222955153301774,0.3066285393269449,-0.28350000381469725,-0.1306046034157612,18.443804249614445,False,False,50.0,50.0,0.42085889917110386,3.787933511293966,31.92701630657041,2.3760932748945893,0.2639961860519558,0.03132143606523624,0.0,0.0,0.0,0.0,0.0,False,0.0,,,,,0.0,0,0.0,-0.008075974480749037,-0.0,0.0,0.0,-0.0,1.0,0.0
2020-04-20,7.148610591888428,7.176249980926514,7.337500095367432,7.131750106811523,7.181000232696533,449388000,NVDA,35082000000.0,,0.78,,,,,,,,,,15.0,0.5,10.0,55.0396214582977,2.300080122091831,43.83000183105469,-0.017617980925449972,-0.01602061697235102,-0.018028202686065198,1.228876827184498,40.0,223.6552665285836,5.0,,,False,,55.0,53.04003601545995,56.95996398454005,1.5,50.0,,,0.44114190914003737,0.25222955153301774,0.3066285393269449,-0.28350000381469725,-0.1306046034157612,18.443804249614445,False,False,50.0,50.0,0.42085889917110386,3.787933511293966,31.92701630657041,2.3760932748945893,0.2639961860519558,0.03132143606523624,0.0,0.0,0.0,0.0,0.0,False,0.0,,,,,0.0,0,0.0,-0.018028202686065198,-0.0,0.0,0.0,-0.0,1.0,0.0
2020-04-21,6.711799144744873,6.737750053405762,7.1192498207092285,6.677750110626221,7.057750225067139,735160000,NVDA,35082000000.0,,0.78,,,,,,,,,,15.0,0.5,10.0,55.0396214582977,2.1595352735274878,45.40999984741211,-0.030363251195576146,-0.04189912590750533,-0.06110432728600934,1.2337345497923282,40.0,265.8969120376347,5.0,,,False,,55.0,53.04003601545995,56.95996398454005,1.5,50.0,,,0.44114190914003737,0.25222955153301774,0.3066285393269449,-0.28350000381469725,-0.1306046034157612,18.443804249614445,False,False,50.0,50.0,0.42085889917110386,3.787933511293966,31.92701630657041,2.3760932748945893,0.2639961860519558,0.03132143606523624,0.0,0.0,0.0,0.0,0.0,False,0.0,,,,,0.0,0,0.0,-0.06110432728600934,-0.0,0.0,0.0,-0.0,1.0,0.0
2020-04-22,7.126195907592773,7.153749942779541,7.196750164031982,6.885000228881836,6.930749893188477,483356000,NVDA,35082000000.0,,0.78,,,,,,,,,,15.0,0.5,10.0,55.0396214582977,2.292868571403699,41.97999954223633,0.022194540612888725,0.038502647712646,0.06174166243574164,1.233591503034135,40.0,234.3594605130484,5.0,,,False,,55.0,53.04003601545995,56.95996398454005,1.5,50.0,,,0.44114190914003737,0.25222955153301774,0.3066285393269449,-0.28350000381469725,-0.1306046034157612,18.443804249614445,False,False,50.0,50.0,0.42085889917110386,3.787933511293966,31.92701630657041,2.3760932748945893,0.2639961860519558,0.03132143606523624,0.0,0.0,0.0,0.0,0.0,False,0.0,,,,,0.0,0,0.0,0.06174166243574164,0.0,0.0,0.0,0.0,1.0,0.0
2020-04-23,7.072902679443359,7.100249767303467,7.328499794006348,7.074999809265137,7.196000099182129,424160000,NVDA,35082000000.0,,0.78,,,,,,,,,,15.0,0.5,10.0,55.0396214582977,2.2757210792639317,41.380001068115234,-7.172888144824086e-05,-0.0068657567034170475,-0.007478619731470126,1.23320174810881,40.0,226.9432699996191,5.0,,,False,,55.0,53.04003601545995,56.95996398454005,1.5,50.0,,,0.44114190914003737,0.25222955153301774,0.3066285393269449,-0.28350000381469725,-0.1306046034157612,18.443804249614445,False,False,50.0,50.0,0.42085889917110386,3.787933511293966,31.92701630657041,2.3760932748945893,0.2639961860519558,0.03132143606523624,0.0,0.0,0.0,0.0,0.0,False,0.0,,,,,0.0,0,0.0,-0.007478619731470126,-0.0,0.0,0.0,-0.0,1.0,0.0
2020-04-24,7.211864948272705,7.239749908447266,7.2417497634887695,7.014999866485596,7.090000152587891,352328000,NVDA,35082000000.0,,0.78,,,,,,,,,,15.0,0.5,10.0,55.0396214582977,2.320432662963867,35.93000030517578,0.013938708741589423,0.021200556728666164,0.01964721604389119,1.2315188535018313,40.0,227.78616476401763,5.0,,,False,,55.0,53.04003601545995,56.95996398454005,1.5,50.0,,,0.44114190914003737,0.25222955153301774,0.3066285393269449,-0.28350000381469725,-0.1306046034157612,18.443804249614445,False,False,50.0,50.0,0.42085889917110386,3.787933511293966,31.92701630657041,2.3760932748945893,0.2639961860519558,0.03132143606523624,0.0,0.0,0.0,0.0,0.0,False,0.0,,,,,0.0,0,0.0,0.01964721604389119,0.0,0.0,0.0,0.0,1.0,0.0
2020-04-27,7.398393630981445,7.427000045776367,7.587500095367432,7.349999904632568,7.374750137329102,479388000,NVDA,35082000000.0,,0.78,,,,,,,,,,15.0,0.5,10.0,55.0396214582977,2.3804487326206303,33.290000915527344,0.014418442077481775,0.008574998982087356,0.0258641720635433,1.233482682076318,40.0,225.73832729672426,5.0,,,False,,55.0,53.04003601545995,56.95996398454005,1.5,50.0,,,0.44114190914003737,0.25222955153301774,0.3066285393269449,-0.28350000381469725,-0.1306046034157612,18.443804249614445,False,False,50.0,50.0,0.42085889917110386,3.787933511293966,31.92701630657041,2.3760932748945893,0.2639961860519558,0.03132143606523624,0.0,0.0,0.0,0.0,0.0,False,0.0,,,,,0.0,0,0.0,0.0258641720635433,0.0,0.0,0.0,0.0,1.0,0.0
2020-04-28,7.25594425201416,7.283999919891357,7.605000019073486,7.278500080108643,7.574999809265137,442904000,NVDA,35082000000.0,,0.78,,,,,,,,,,15.0,0.5,10.0,55.0396214582977,2.3346153589395375,33.56999969482422,-0.004598421399664487,-0.013312478459912125,-0.01925408980794774,1.2321036691709057,40.0,216.01028500418968,5.0,,,False,,55.0,53.04003601545995,56.95996398454005,1.5,50.0,,,0.44114190914003737,0.25222955153301774,0.3066285393269449,-0.28350000381469725,-0.1306046034157612,18.443804249614445,False,False,50.0,50.0,0.42085889917110386,3.787933511293966,31.92701630657041,2.3760932748945893,0.2639961860519558,0.03132143606523624,0.0,0.0,0.0,0.0,0.0,False,0.0,,,,,0.0,0,0.0,-0.01925408980794774,-0.0,0.0,0.0,-0.0,1.0,0.0
2020-04-29,7.432761192321777,7.46150016784668,7.514500141143799,7.34375,7.419250011444092,379160000,NVDA,35082000000.0,,0.78,,,,,,,,,,15.0,0.5,10.0,55.0396214582977,2.391506464053423,31.229999542236328,0.026178490817010847,0.04104311646072212,0.024368513166865835,1.2215866855576687,40.0,211.63093410155597,5.0,,,False,,55.0,53.04003601545995,56.95996398454005,1.5,50.0,,,0.44114190914003737,0.25222955153301774,0.3066285393269449,-0.28350000381469725,-0.1306046034157612,18.443804249614445,False,False,50.0,50.0,0.42085889917110386,3.787933511293966,31.92701630657041,2.3760932748945893,0.2639961860519558,0.03132143606523624,0.0,0.0,0.0,0.0,0.0,False,0.0,,,,,0.0,0,0.0,0.024368513166865835,0.0,0.0,0.0,0.0,1.0,0.0
2020-04-30,7.278855800628662,7.307000160217285,7.46150016784668,7.293000221252441,7.407249927520752,375916000,NVDA,35082000000.0,,0.78,,,,,,,,,,15.0,0.5,10.0,55.0396214582977,2.3419872308388734,34.150001525878906,-0.009310666581320293,-0.004465214921340888,-0.020706292857188502,1.2243370710268284,40.0,211.00143897182352,5.0,,,False,,55.0,53.04003601545995,56.95996398454005,1.5,50.0,,,0.44114190914003737,0.25222955153301774,0.3066285393269449,-0.28350000381469725,-0.1306046034157612,18.443804249614445,False,False,50.0,50.0,0.42085889917110386,3.787933511293966,31.92701630657041,2.3760932748945893,0.2639961860519558,0.03132143606523624,0.0,0.0,0.0,0.0,0.0,False,0.0,,,,,0.0,0,0.0,-0.020706292857188502,-0.0,0.0,0.0,-0.0,1.0,0.0
2020-05-01,7.042272090911865,7.069499969482422,7.222499847412109,7.020999908447266,7.108749866485596,342096000,NVDA,35082000000.0,,0.78,,,,,,,,,,15.0,0.5,10.0,55.0396214582977,2.2658653748341093,37.189998626708984,-0.026473430702838252,-0.027458724818658964,-0.03250310462943806,1.2250733267501188,40.0,218.24536230148075,5.0,,,False,,55.0,53.04003601545995,56.95996398454005,1.5,50.0,,,0.44114190914003737,0.25222955153301774,0.3066285393269449,-0.28350000381469725,-0.1306046034157612,18.443804249614445,False,False,50.0,50.0,0.42085889917110386,3.787933511293966,31.92701630657041,2.3760932748945893,0.2639961860519558,0.03132143606523624,0.0,0.0,0.0,0.0,0.0,False,0.0,,,,,0.0,0,0.0,-0.03250310462943806,-0.0,0.0,0.0,-0.0,1.0,0.0
2020-05-04,7.254201412200928,7.282249927520752,7.296000003814697,7.021999835968018,7.021999835968018,317556000,NVDA,35082000000.0,,0.78,,,,,,,,,,15.0,0.5,10.0,55.0396214582977,2.334054463948959,35.970001220703125,0.0027582260890697263,0.013273344037370904,0.03009406025273753,1.2263350460674485,40.0,201.07980045059108,5.0,,,False,,55.0,53.04003601545995,56.95996398454005,1.5,50.0,,,0.44114190914003737,0.25222955153301774,0.3066285393269449,-0.28350000381469725,-0.1306046034157612,18.443804249614445,False,False,50.0,50.0,0.42085889917110386,3.787933511293966,31.92701630657041,2.3760932748945893,0.2639961860519558,0.03132143606523624,0.0,0.0,0.0,0.0,0.0,False,0.0,,,,,0.0,0,0.0,0.03009406025273753,0.0,0.0,0.0,0.0,1.0,0.0
2020-05-05,7.315215587615967,7.343500137329102,7.506750106811523,7.282249927520752,7.386750221252441,368896000,NVDA,35082000000.0,,0.78,,,,,,,,,,15.0,0.5,10.0,55.0396214582977,2.353685941451635,33.61000061035156,0.00923932379841541,0.013765517746049172,0.008410890922168957,1.2243687282245692,40.0,194.73769426121316,5.0,,,False,,55.0,53.04003601545995,56.95996398454005,1.5,50.0,,,0.44114190914003737,0.25222955153301774,0.3066285393269449,-0.28350000381469725,-0.1306046034157612,18.443804249614445,False,False,50.0,50.0,0.42085889917110386,3.787933511293966,31.92701630657041,2.3760932748945893,0.2639961860519558,0.03132143606523624,0.0,0.0,0.0,0.0,0.0,False,0.0,,,,,0.0,0,0.0,0.008410890922168957,0.0,0.0,0.0,0.0,1.0,0.0
2020-05-06,7.416075229644775,7.44474983215332,7.550000190734863,7.385250091552734,7.423250198364258,323464000,NVDA,35082000000.0,,0.78,,,,,,,,,,15.0,0.5,10.0,55.0396214582977,2.386137766715808,34.119998931884766,-0.006778721915009722,0.007774847643948313,0.013787661596074363,1.221464506427133,40.0,196.52217529863202,5.0,,,False,,55.0,53.04003601545995,56.95996398454005,1.5,50.0,,,0.44114190914003737,0.25222955153301774,0.3066285393269449,-0.28350000381469725,-0.1306046034157612,18.443804249614445,False,False,50.0,50.0,0.42085889917110386,3.787933511293966,31.92701630657041,2.3760932748945893,0.2639961860519558,0.03132143606523624,0.0,0.0,0.0,0.0,0.0,False,0.0,,,,,0.0,0,0.0,0.013787661596074363,0.0,0.0,0.0,0.0,1.0,0.0
2020-05-07,7.5923943519592285,7.6217498779296875,7.6852498054504395,7.5329999923706055,7.584499835968018,373732000,NVDA,35082000000.0,,0.78,,,,,,,,,,15.0,0.5,10.0,55.0396214582977,2.4428685506184893,31.440000534057617,0.01206681680134114,0.014995163545769241,0.023775150242378418,1.2220682146619293,40.0,202.10148723605113,5.0,,,False,,55.0,53.04003601545995,56.95996398454005,1.5,50.0,,,0.44114190914003737,0.25222955153301774,0.3066285393269449,-0.28350000381469725,-0.1306046034157612,18.443804249614445,False,False,50.0,50.0,0.42085889917110386,3.787933511293966,31.92701630657041,2.3760932748945893,0.2639961860519558,0.03132143606523624,0.0,0.0,0.0,0.0,0.0,False,0.0,,,,,0.0,0,0.0,0.023775150242378418,0.0,0.0,0.0,0.0,1.0,0.0
2020-05-08,7.78240966796875,7.8125,7.818749904632568,7.659749984741211,7.693749904632568,339216000,NVDA,35082000000.0,,0.78,,,,,,,,,,15.0,0.5,10.0,55.0396214582977,2.50400641025641,27.979999542236328,0.0165461967700673,0.014666471078870424,0.02502707713128549,1.2224410040228937,40.0,212.24582274731796,5.0,,,False,55.0,55.0,53.18542594828252,56.81457405171748,0.8571428571428571,50.0,4.999999999999999,,0.44114190914003737,0.25222955153301774,0.3066285393269449,-0.28350000381469725,-0.1306046034157612,18.443804249614445,False,False,50.0,50.0,0.42085889917110386,3.787933511293966,31.92701630657041,2.3760932748945893,0.2639961860519558,0.03132143606523624,0.0,0.0,0.0,0.0,0.0,False,0.0,,,,,0.0,0,0.0,0.02502707713128549,0.0,0.0,0.0,0.0,1.0,0.0
2020-05-11,8.034436225891113,8.065500259399414,8.112500190734863,7.778749942779541,7.807499885559082,469060000,NVDA,35082000000.0,,0.78,,,,,,,,,,15.0,0.5,10.0,55.0396214582977,2.5850962369869914,27.56999969482422,0.00020516194122843778,0.006647023537946106,0.03238403320312511,1.223412542920049,40.0,230.5946934749899,5.0,,,False,55.0,55.0,53.23765487968037,56.76234512031963,0.8085106382978723,50.0,4.999999999999999,,0.44114190914003737,0.25222955153301774,0.3066285393269449,-0.28350000381469725,-0.1306046034157612,18.443804249614445,False,False,50.0,50.0,0.42085889917110386,3.787933511293966,31.92701630657041,2.3760932748945893,0.2639961860519558,0.03132143606523624,0.0,0.0,0.0,0.0,0.0,False,0.0,,,,,0.0,0,0.0,0.03238403320312511,0.0,0.0,0.0,0.0,1.0,0.0
2020-05-12,7.772449016571045,7.802499771118164,8.172499656677246,7.792749881744385,8.123499870300293,493060000,NVDA,35082000000.0,,0.78,,,,,,,,,,15.0,0.5,10.0,55.0396214582977,2.500801208691719,33.040000915527344,-0.01993157802483969,-0.020647742847592854,-0.0326080813120988,1.223033245939425,40.0,229.19291474558872,5.0,,,False,55.0,55.0,53.25684723124695,56.74315276875305,0.7909967845659164,50.0,4.999999999999999,,0.44114190914003737,0.25222955153301774,0.3066285393269449,-0.28350000381469725,-0.1306046034157612,18.443804249614445,False,False,50.0,50.0,0.42085889917110386,3.787933511293966,31.92701630657041,2.3760932748945893,0.2639961860519558,0.03132143606523624,0.0,0.0,0.0,0.0,0.0,False,0.0,,,,,0.0,0,0.0,-0.0326080813120988,-0.0,0.0,0.0,-0.0,1.0,0.0
2020-05-13,7.750034809112549,7.78000020980835,8.078499794006348,7.594749927520752,7.917500019073486,625852000,NVDA,35082000000.0,,0.78,,,,,,,,,,15.0,0.5,10.0,55.0396214582977,2.4935898108360095,35.279998779296875,-0.01768586558320595,-0.017230314300999194,-0.002883634984918393,1.2216107859932266,40.0,223.81056208238465,5.0,,,False,55.0,55.0,53.26395115517609,56.73604884482391,0.7845627747923791,50.0,4.999999999999999,,0.44114190914003737,0.25222955153301774,0.3066285393269449,-0.28350000381469725,-0.1306046034157612,18.443804249614445,False,False,50.0,50.0,0.42085889917110386,3.787933511293966,31.92701630657041,2.3760932748945893,0.2639961860519558,0.03132143606523624,0.0,0.0,0.0,0.0,0.0,False,0.0,,,,,0.0,0,0.0,-0.002883634984918393,-0.0,0.0,0.0,-0.0,1.0,0.0
2020-05-14,7.999569892883301,8.030500411987305,8.03600025177002,7.6875,7.841750144958496,602312000,NVDA,35082000000.0,,0.78,,,,,,,,,,15.0,0.5,10.0,55.0396214582977,2.573878337175418,32.61000061035156,0.011967311946537107,0.012740914141522452,0.032197968563438595,1.218515609500691,40.0,206.82911739689308,5.0,,,False,55.0,55.0,53.26658730924066,56.73341269075934,0.7821818993083959,50.0,4.999999999999999,,0.44114190914003737,0.25222955153301774,0.3066285393269449,-0.28350000381469725,-0.1306046034157612,18.443804249614445,False,False,50.0,50.0,0.42085889917110386,3.787933511293966,31.92701630657041,2.3760932748945893,0.2639961860519558,0.03132143606523624,0.0,0.0,0.0,0.0,0.0,False,0.0,,,,,0.0,0,0.0,0.032197968563438595,0.0,0.0,0.0,0.0,1.0,0.0
2020-05-15,8.45804500579834,8.490750312805176,8.500499725341797,7.874000072479248,7.889750003814697,987660000,NVDA,35082000000.0,,0.78,,,,,,,,,,15.0,0.5,10.0,55.0396214582977,2.7213943310273,31.889999389648438,0.004596966533256808,0.005053776566700252,0.0573127298680971,1.2199690692684622,40.0,235.918944854368,5.0,,,False,55.0,55.0,53.267566445991406,56.732433554008594,0.7812985012065117,50.0,4.999999999999999,,0.44114190914003737,0.25222955153301774,0.3066285393269449,-0.28350000381469725,-0.1306046034157612,18.443804249614445,False,False,50.0,50.0,0.42085889917110386,3.787933511293966,31.92701630657041,2.3760932748945893,0.2639961860519558,0.03132143606523624,0.0,0.0,0.0,0.0,0.0,False,0.0,,,,,0.0,0,0.0,0.0573127298680971,0.0,0.0,0.0,0.0,1.0,0.0
2020-05-18,8.716547966003418,8.750249862670898,8.916500091552734,8.680500030517578,8.760499954223633,774460000,NVDA,35082000000.0,,0.78,,,,,,,,,,15.0,0.5,10.0,55.0396214582977,2.80456726367657,29.299999237060547,0.030459694208066823,0.024499848995616746,0.03056261700151075,1.2147255738777734,40.0,254.80166135688594,5.0,,,False,55.0,55.0,53.26793024647214,56.73206975352786,0.7809703998190879,50.0,4.999999999999999,,0.44114190914003737,0.25222955153301774,0.3066285393269449,-0.28350000381469725,-0.1306046034157612,18.443804249614445,False,False,50.0,50.0,0.42085889917110386,3.787933511293966,31.92701630657041,2.3760932748945893,0.2639961860519558,0.03132143606523624,0.0,0.0,0.0,0.0,0.0,False,0.0,,,,,0.0,0,0.0,0.03056261700151075,0.0,0.0,0.0,0.0,1.0,0.0
2020-05-19,8.771585464477539,8.805500030517578,9.087499618530273,8.762749671936035,8.790249824523926,717320000,NVDA,35082000000.0,,0.78,,,,,,,,,,15.0,0.5,10.0,55.0396214582977,2.822275650806916,30.530000686645508,-0.010271182302701298,-0.0036549547442905617,0.006314124592302184,1.2055038135116802,40.0,251.59492471747694,5.0,,,False,55.0,55.0,53.26806543435382,56.73193456564618,0.7808484952437976,50.0,4.999999999999999,,0.44114190914003737,0.25222955153301774,0.3066285393269449,-0.28350000381469725,-0.1306046034157612,18.443804249614445,False,False,50.0,50.0,0.42085889917110386,3.787933511293966,31.92701630657041,2.3760932748945893,0.2639961860519558,0.03132143606523624,0.0,0.0,0.0,0.0,0.0,False,0.0,,,,,0.0,0,0.0,0.006314124592302184,0.0,0.0,0.0,0.0,1.0,0.0
2020-05-20,8.935454368591309,8.970000267028809,9.043000221252441,8.888750076293945,8.991000175476074,587536000,NVDA,35082000000.0,,0.78,,,,,,,,,,15.0,0.5,10.0,55.0396214582977,2.8750000855861564,27.989999771118164,0.016988017379665044,0.02190542141987817,0.018681532671752432,1.2012384386801378,40.0,250.2637802803727,5.272625092882646,,,False,55.0,55.0,53.2681156723738,56.7318843276262,0.7808031959419197,50.0,4.999999999999999,,0.44114190914003737,0.25222955153301774,0.3066285393269449,-0.28350000381469725,-0.1306046034157612,18.443804249614445,False,False,50.0,50.0,0.42085889917110386,3.787933511293966,31.92701630657041,2.3760932748945893,0.2639961860519558,0.03132143606523624,0.0,0.0,0.0,0.0,0.0,False,0.0,,,,,0.0,0,0.0,0.018681532671752432,0.0,0.0,0.0,0.0,1.0,0.0
2020-05-21,8.741453170776367,8.775250434875488,9.052499771118164,8.737500190734863,9.05150032043457,761068000,NVDA,35082000000.0,,0.78,,,,,,,,,,15.0,0.5,10.0,55.0396214582977,2.8125802675882974,29.530000686645508,-0.006903943163488857,-0.013948724208733942,-0.021711240396409592,1.2022326891801716,40.0,251.95472658500026,5.828846249417183,,,False,55.0,55.0,53.26813434196422,56.73186565803578,0.7807863620263273,50.0,4.999999999999999,,0.44114190914003737,0.25222955153301774,0.3066285393269449,-0.28350000381469725,-0.1306046034157612,18.443804249614445,False,False,50.0,50.0,0.42085889917110386,3.787933511293966,31.92701630657041,2.3760932748945893,0.2639961860519558,0.03132143606523624,0.0,0.0,0.0,0.0,0.0,False,0.0,,,,,0.0,0,0.0,-0.021711240396409592,-0.0,0.0,0.0,-0.0,1.0,0.0
2020-05-22,8.991484642028809,9.026249885559082,9.093000411987305,8.713250160217285,8.825249671936035,1038764000,NVDA,35082000000.0,,0.78,,,,,,,,,,15.0,0.5,10.0,55.0396214582977,2.893028809474065,28.15999984741211,0.0018990692801170717,0.003640508387175778,0.02860310968289248,1.2045929812439116,40.0,239.78463181744536,5.232113152388257,,,False,55.0,55.0,53.26814128005314,56.73185871994686,0.7807801061665407,50.0,4.999999999999999,,0.44114190914003737,0.25222955153301774,0.3066285393269449,-0.28350000381469725,-0.1306046034157612,18.443804249614445,False,False,50.0,50.0,0.42085889917110386,3.787933511293966,31.92701630657041,2.3760932748945893,0.2639961860519558,0.03132143606523624,0.0,0.0,0.0,0.0,0.0,False,0.0,,,,,0.0,0,0.0,0.02860310968289248,0.0,0.0,0.0,0.0,1.0,0.0
2020-05-26,8.684172630310059,8.71774959564209,9.181750297546387,8.67199993133545,9.156749725341797,770780000,NVDA,35082000000.0,,0.78,,,,,,,,,,15.0,0.5,10.0,55.0396214582977,2.7941505114237466,28.010000228881836,0.012320552737543622,-0.0010363610357031483,-0.03417812422970423,1.2031578994248353,40.0,264.7418492479841,7.703270050372976,,,False,55.0,55.0,53.2681438584275,56.7318561415725,0.7807777813326726,50.0,4.999999999999999,,0.44114190914003737,0.25222955153301774,0.3066285393269449,-0.28350000381469725,-0.1306046034157612,18.443804249614445,False,False,50.0,50.0,0.42085889917110386,3.787933511293966,31.92701630657041,2.3760932748945893,0.2639961860519558,0.03132143606523624,0.0,0.0,0.0,0.0,0.0,False,0.0,,,,,0.0,0,0.0,-0.03417812422970423,-0.0,0.0,0.0,-0.0,1.0,0.0
2020-05-27,8.492412567138672,8.525250434875488,8.632749557495117,7.9967498779296875,8.625,1175892000,NVDA,35082000000.0,,0.78,,,,,,,,,,15.0,0.5,10.0,55.0396214582977,2.732452062460092,27.6200008392334,0.014879003633885723,0.005706017794796958,-0.022081290435645218,1.2270688601233823,40.0,273.1668802509141,11.158638534928928,,,False,55.0,55.0,53.26814481661935,56.73185518338065,0.780776917364036,50.0,4.999999999999999,,0.44114190914003737,0.25222955153301774,0.3066285393269449,-0.28350000381469725,-0.1306046034157612,18.443804249614445,False,False,50.0,50.0,0.42085889917110386,3.787933511293966,31.92701630657041,2.3760932748945893,0.2639961860519558,0.03132143606523624,0.0,0.0,0.0,0.0,0.0,False,0.0,,,,,0.0,0,0.0,-0.022081290435645218,-0.0,0.0,0.0,-0.0,1.0,0.0
2020-05-28,8.45431137084961,8.487000465393066,8.760499954223633,8.379249572753906,8.412249565124512,734896000,NVDA,35082000000.0,,0.78,,,,,,,,,,15.0,0.5,10.0,55.0396214582977,2.720192456856752,28.59000015258789,-0.0018449496288533984,-0.0019600003777706654,-0.004486668136568395,1.2292069093854203,40.0,270.33124506457267,12.806056291087243,,,False,55.0,55.0,53.2681451727088,56.7318548272912,0.7807765962905429,50.0,4.999999999999999,,0.44114190914003737,0.25222955153301774,0.3066285393269449,-0.28350000381469725,-0.1306046034157612,18.443804249614445,False,False,50.0,50.0,0.42085889917110386,3.787933511293966,31.92701630657041,2.3760932748945893,0.2639961860519558,0.03132143606523624,0.0,0.0,0.0,0.0,0.0,False,0.0,,,,,0.0,0,0.0,-0.004486668136568395,-0.0,0.0,0.0,-0.0,1.0,0.0
2020-05-29,8.841315269470215,8.875499725341797,8.875499725341797,8.484999656677246,8.554499626159668,745256000,NVDA,35082000000.0,,0.78,,,,,,,,,,15.0,0.5,10.0,55.0396214582977,2.844711450430063,27.510000228881836,0.004455906849114788,0.012609831738533694,0.04577580283315541,1.2265097556590618,40.0,267.1845551451383,13.243243305419814,,,False,55.0,55.0,53.26814530504108,56.73185469495892,0.7807764769711362,50.0,4.999999999999999,,0.44114190914003737,0.25222955153301774,0.3066285393269449,-0.28350000381469725,-0.1306046034157612,18.443804249614445,False,False,50.0,50.0,0.42085889917110386,3.787933511293966,31.92701630657041,2.3760932748945893,0.2639961860519558,0.03132143606523624,0.0,0.0,0.0,0.0,0.0,False,0.0,,,,,0.0,0,0.0,0.04577580283315541,0.0,0.0,0.0,0.0,1.0,0.0
2020-06-01,8.772333145141602,8.806249618530273,8.840749740600586,8.689499855041504,8.833250045776367,389876000,NVDA,35082000000.0,,0.78,,,,,,,,,,15.0,0.5,10.0,55.0396214582977,2.8225159033750877,28.229999542236328,0.004041733830006056,-0.0003062037248452443,-0.007802389606727966,1.2254781342716536,40.0,258.8686091148633,12.087673719256088,,,False,55.0,55.0,53.268145354219264,56.731854645780736,0.7807764326288813,50.0,4.999999999999999,,0.44114190914003737,0.25222955153301774,0.3066285393269449,-0.28350000381469725,-0.1306046034157612,18.443804249614445,False,False,50.0,50.0,0.42085889917110386,3.787933511293966,31.92701630657041,2.3760932748945893,0.2639961860519558,0.03132143606523624,0.0,0.0,0.0,1.0,0.0,True,1.0,8.806249618530273,2020-06-01,8.806249618530273,,0.0,0,0.0,-0.007802389606727966,-0.0,1.0,0.0005,-0.0005,0.9995,-0.0004999999999999449
2020-06-02,8.791261672973633,8.825249671936035,8.837249755859375,8.657999992370605,8.796250343322754,391320000,NVDA,35082000000.0,,0.78,,,,,,,,,,15.0,0.5,10.0,55.0396214582977,2.8286056640820623,26.84000015258789,0.008280146883890893,0.00939348729846845,0.0021575647101554907,1.2238147314518155,40.0,253.39329523017514,10.602392976656871,,,False,55.0,55.0,53.268145372495184,56.731854627504816,0.7807764161501228,50.0,4.999999999999999,,0.44114190914003737,0.25222955153301774,0.3066285393269449,-0.28350000381469725,-0.1306046034157612,18.443804249614445,False,False,50.0,50.0,0.42085889917110386,3.787933511293966,31.92701630657041,2.3760932748945893,0.2639961860519558,0.03132143606523624,0.0,0.0,0.0,1.0,1.0,False,1.0,8.806249618530273,2020-06-01,8.825249671936035,,0.0,0,0.0,0.0021575647101554907,0.0021575647101554907,0.0,0.0,0.0021575647101554907,1.0016564859278005,0.0
2020-06-03,8.735724449157715,8.769499778747559,8.866250038146973,8.699999809265137,8.822250366210938,365440000,NVDA,35082000000.0,,0.78,,,,,,,,,,15.0,0.5,10.0,55.0396214582977,2.8107371085729356,25.65999984741211,0.01330825201965502,0.0077887582269120514,-0.006317089630422434,1.2331743178114924,40.0,248.68984759399285,9.119993262274994,,,False,55.0,55.0,53.268145379287006,56.731854620712994,0.7807764100261788,50.0,4.999999999999999,,0.44114190914003737,0.25222955153301774,0.3066285393269449,-0.28350000381469725,-0.1306046034157612,18.443804249614445,False,False,50.0,50.0,0.42085889917110386,3.787933511293966,31.92701630657041,2.3760932748945893,0.2639961860519558,0.03132143606523624,0.0,0.0,0.0,1.0,1.0,False,1.0,8.806249618530273,2020-06-01,8.825249671936035,,0.0,0,0.0,-0.006317089630422434,-0.006317089630422434,0.0,0.0,-0.006317089630422434,0.9953289321273007,-0.006317089630422425
2020-06-04,8.736720085144043,8.766500473022461,8.943249702453613,8.677499771118164,8.727999687194824,424280000,NVDA,35082000000.0,,0.78,,,,,,,,,,15.0,0.5,10.0,55.0396214582977,2.809775792635404,25.809999465942383,-0.002626713253435109,-0.00823044983870147,-0.00034201559960878036,1.2464576116335413,40.0,242.9591777359293,7.649253899445336,,,False,55.0,55.0,53.268145381811024,56.731854618188976,0.7807764077503585,50.0,4.999999999999999,,0.44114190914003737,0.25222955153301774,0.3066285393269449,-0.28350000381469725,-0.1306046034157612,18.443804249614445,False,False,50.0,50.0,0.42085889917110386,3.787933511293966,31.92701630657041,2.3760932748945893,0.2639961860519558,0.03132143606523624,0.0,0.0,0.0,1.0,1.0,False,1.0,8.806249618530273,2020-06-01,8.825249671936035,,0.0,0,0.0,-0.00034201559960878036,-0.00034201559960878036,0.0,0.0,-0.00034201559960878036,0.9949885141057712,-0.006656944686833498
2020-06-05,8.889698028564453,8.920000076293945,8.996999740600586,8.708000183105469,8.794500350952148,481748000,NVDA,35082000000.0,,0.78,,,,,,,,,,15.0,0.5,10.0,55.0396214582977,2.8589743834275465,24.520000457763672,0.025629532893630236,0.026313188622171912,0.017509792390230983,1.242099965001349,40.0,239.1557827520386,6.418450768624441,,,False,55.0,55.0,53.26814538274902,56.73185461725098,0.7807764069046034,50.0,4.999999999999999,,0.44114190914003737,0.25222955153301774,0.3066285393269449,-0.28350000381469725,-0.1306046034157612,18.443804249614445,False,False,50.0,50.0,0.42085889917110386,3.787933511293966,31.92701630657041,2.3760932748945893,0.2639961860519558,0.03132143606523624,0.0,0.0,0.0,1.0,1.0,False,1.0,8.806249618530273,2020-06-01,8.920000076293945,,0.0,0,0.0,0.017509792390230983,0.017509792390230983,0.0,0.0,0.017509792390230983,1.0124105564184276,0.0
2020-06-08,8.775090217590332,8.805000305175781,8.889749526977539,8.685750007629395,8.877249717712402,387736000,NVDA,35082000000.0,,0.78,,,,,,,,,,15.0,0.5,10.0,55.0396214582977,2.822115482428135,25.809999465942383,0.012087480157219055,0.005029035483868016,-0.012892350911945738,1.237578593422278,40.0,234.41614257254005,5.325661452478036,,,False,55.0,55.0,53.2681453830976,56.7318546169024,0.7807764065902983,50.0,4.999999999999999,,0.44114190914003737,0.25222955153301774,0.3066285393269449,-0.28350000381469725,-0.1306046034157612,18.443804249614445,False,False,50.0,50.0,0.42085889917110386,3.787933511293966,31.92701630657041,2.3760932748945893,0.2639961860519558,0.03132143606523624,0.0,0.0,0.0,1.0,1.0,False,1.0,8.806249618530273,2020-06-01,8.920000076293945,,0.0,0,0.0,-0.012892350911945738,-0.012892350911945738,0.0,0.0,-0.012892350911945738,0.9993582042581229,-0.012892350911945778
2020-06-09,9.01526927947998,9.045999526977539,9.109749794006348,8.751250267028809,8.800000190734863,468488000,NVDA,35082000000.0,,0.78,,,,,,,,,,15.0,0.5,10.0,55.0396214582977,2.8993588227492113,27.56999969482422,-0.007456694217466864,0.004709609159705197,0.02737072270856067,1.2933573513696128,40.0,236.373128679387,5.0,,,False,55.0,55.0,53.26814538322714,56.73185461677286,0.7807764064734941,50.0,4.999999999999999,,0.44114190914003737,0.25222955153301774,0.3066285393269449,-0.28350000381469725,-0.1306046034157612,18.443804249614445,False,False,50.0,50.0,0.42085889917110386,3.787933511293966,31.92701630657041,2.3760932748945893,0.2639961860519558,0.03132143606523624,0.0,0.0,0.0,1.0,1.0,False,1.0,8.806249618530273,2020-06-01,9.045999526977539,,0.0,0,0.0,0.02737072270856067,0.02737072270856067,0.0,0.0,0.02737072270856067,1.026711360553397,0.0
2020-06-10,9.334933280944824,9.36674976348877,9.5,9.153499603271484,9.167750358581543,632180000,NVDA,35082000000.0,,0.78,,,,,,,,,,15.0,0.5,10.0,55.0396214582977,3.0021633857335797,27.56999969482422,-0.0055800009265912776,0.016699209560465667,0.035457688844076296,1.2695977815081678,40.0,243.47840141229213,5.0,,,False,55.0,55.0,53.26814538327528,56.73185461672472,0.7807764064300868,50.0,4.999999999999999,,0.44114190914003737,0.25222955153301774,0.3066285393269449,-0.28350000381469725,-0.1306046034157612,18.443804249614445,False,False,50.0,50.0,0.42085889917110386,3.787933511293966,31.92701630657041,2.3760932748945893,0.2639961860519558,0.03132143606523624,0.0,0.0,0.0,1.0,1.0,False,1.0,8.806249618530273,2020-06-01,9.36674976348877,,0.0,0,0.0,0.035457688844076296,0.035457688844076296,0.0,0.0,0.035457688844076296,1.0631161725085776,0.0
2020-06-11,8.766368865966797,8.796250343322754,9.261249542236328,8.78600025177002,9.149999618530273,583652000,NVDA,35082000000.0,,0.78,,,,,,,,,,15.0,0.5,10.0,55.0396214582977,2.8193110074752417,40.790000915527344,-0.057648948741183426,-0.05734320608686594,-0.06090687106746462,1.2380142270599708,40.0,255.9925602517406,8.052413096186859,,,False,55.0,55.0,53.268145383293174,56.731854616706826,0.7807764064139555,50.0,4.999999999999999,,0.44114190914003737,0.25222955153301774,0.3066285393269449,-0.28350000381469725,-0.1306046034157612,18.443804249614445,False,False,50.0,50.0,0.42085889917110386,3.787933511293966,31.92701630657041,2.3760932748945893,0.2639961860519558,0.03132143606523624,0.0,0.0,0.0,1.0,1.0,False,1.0,8.806249618530273,2020-06-01,9.36674976348877,,0.0,0,0.0,-0.06090687106746462,-0.06090687106746462,0.0,0.0,-0.06090687106746462,0.9983650928598612,-0.06090687106746461
2020-06-12,8.902154922485352,8.932499885559082,9.187250137329102,8.70324993133545,9.162500381469727,570908000,NVDA,35082000000.0,,0.78,,,,,,,,,,15.0,0.5,10.0,55.0396214582977,2.8629807325509877,36.09000015258789,0.011975670399988259,0.012940740578350818,0.015489502562845425,1.2163126708313974,40.0,243.83123977593192,7.692313536053308,,,False,55.0,55.0,53.268145383299824,56.731854616700176,0.7807764064079606,50.0,4.999999999999999,,0.44114190914003737,0.25222955153301774,0.3066285393269449,-0.28350000381469725,-0.1306046034157612,18.443804249614445,False,False,50.0,50.0,0.42085889917110386,3.787933511293966,31.92701630657041,2.3760932748945893,0.2639961860519558,0.03132143606523624,0.0,0.0,0.0,1.0,1.0,False,1.0,8.806249618530273,2020-06-01,9.36674976348877,,0.0,0,0.0,0.015489502562845425,0.015489502562845425,0.0,0.0,0.015489502562845425,1.0138292715243695,-0.046360785640113485
2020-06-15,9.142585754394531,9.173749923706055,9.182250022888184,8.743749618530273,8.815250396728516,400004000,NVDA,35082000000.0,,0.78,,,,,,,,,,15.0,0.5,10.0,55.0396214582977,2.9403044627262993,34.400001525878906,0.009335644514194108,0.009656966593982297,0.02700812104537431,1.2188141754609039,40.0,225.01730217187142,5.6675995652619084,,,False,55.0,55.0,53.26814538330229,56.73185461669771,0.7807764064057328,50.0,4.999999999999999,,0.44114190914003737,0.25222955153301774,0.3066285393269449,-0.28350000381469725,-0.1306046034157612,18.443804249614445,False,False,50.0,50.0,0.42085889917110386,3.787933511293966,31.92701630657041,2.3760932748945893,0.2639961860519558,0.03132143606523624,0.0,0.0,0.0,1.0,1.0,False,1.0,8.806249618530273,2020-06-01,9.36674976348877,,0.0,0,0.0,0.02700812104537431,0.02700812104537431,0.0,0.0,0.02700812104537431,1.0412108952090433,-0.02060478230506605
2020-06-16,9.037694931030273,9.068499565124512,9.26675033569336,8.838749885559082,9.225000381469727,535716000,NVDA,35082000000.0,,0.78,,,,,,,,,,15.0,0.5,10.0,55.0396214582977,2.9065703734373436,33.66999816894531,0.019247692222981838,0.02132110522156294,-0.011472991901552043,1.226743275035257,40.0,217.4532292795067,5.0,,,False,55.0,55.0,53.268145383303214,56.731854616696786,0.7807764064049049,50.0,4.999999999999999,,0.44114190914003737,0.25222955153301774,0.3066285393269449,-0.28350000381469725,-0.1306046034157612,18.443804249614445,False,False,50.0,50.0,0.42085889917110386,3.787933511293966,31.92701630657041,2.3760932748945893,0.2639961860519558,0.03132143606523624,0.0,0.0,0.0,1.0,1.0,False,1.0,8.806249618530273,2020-06-01,9.36674976348877,,0.0,0,0.0,-0.011472991901552043,-0.011472991901552043,0.0,0.0,-0.011472991901552043,1.0292650910405021,-0.0318413757060989
2020-06-17,9.204626083374023,9.236000061035156,9.298999786376953,9.070249557495117,9.113750457763672,408304000,NVDA,35082000000.0,,0.78,,,,,,,,,,15.0,0.5,10.0,55.0396214582977,2.96025642981896,33.470001220703125,-0.004153846588902832,-0.00019514459120151262,0.01847058542681257,1.2470772862463273,40.0,217.64075374526257,5.0,,,False,55.0,55.0,53.268145383303555,56.731854616696445,0.7807764064045971,50.0,4.999999999999999,,0.44114190914003737,0.25222955153301774,0.3066285393269449,-0.28350000381469725,-0.1306046034157612,18.443804249614445,False,False,50.0,50.0,0.42085889917110386,3.787933511293966,31.92701630657041,2.3760932748945893,0.2639961860519558,0.03132143606523624,0.0,0.0,0.0,1.0,1.0,False,1.0,8.806249618530273,2020-06-01,9.36674976348877,,0.0,0,0.0,0.01847058542681257,0.01847058542681257,0.0,0.0,0.01847058542681257,1.0482762198314017,-0.013958919129373066
2020-06-18,9.186688423156738,9.218000411987305,9.282500267028809,9.114500045776367,9.22700023651123,254408000,NVDA,35082000000.0,,0.78,,,,,,,,,,15.0,0.5,10.0,55.0396214582977,2.9544873115343924,32.939998626708984,0.00038501930237289095,0.004488233916094764,-0.0019488576146494685,1.1315090775346812,40.0,213.08239401544378,5.0,,,False,55.0,55.0,53.268145383303676,56.731854616696324,0.7807764064044826,50.0,4.999999999999999,,0.44114190914003737,0.25222955153301774,0.3066285393269449,-0.28350000381469725,-0.1306046034157612,18.443804249614445,False,False,50.0,50.0,0.42085889917110386,3.787933511293966,31.92701630657041,2.3760932748945893,0.2639961860519558,0.03132143606523624,0.0,0.0,0.0,1.0,1.0,False,1.0,8.806249618530273,2020-06-01,9.36674976348877,,0.0,0,0.0,-0.0019488576146494685,-0.0019488576146494685,0.0,0.0,-0.0019488576146494685,1.0462332787381274,-0.015880572798184896
2020-06-19,9.229790687561035,9.261249542236328,9.444999694824219,9.227250099182129,9.242500305175781,524160000,NVDA,35082000000.0,,0.78,,,,,,,,,,15.0,0.5,10.0,55.0396214582977,2.9683492122552333,35.119998931884766,-0.010071153195051807,-0.006896543035640912,0.004691812574968202,1.125344763186804,40.0,209.54577777518097,5.0,,,False,55.0,55.0,53.268145383303725,56.731854616696275,0.7807764064044402,50.0,4.999999999999999,,0.44114190914003737,0.25222955153301774,0.3066285393269449,-0.28350000381469725,-0.1306046034157612,18.443804249614445,False,False,50.0,50.0,0.42085889917110386,3.787933511293966,31.92701630657041,2.3760932748945893,0.2639961860519558,0.03132143606523624,0.0,0.0,0.0,1.0,1.0,False,1.0,8.806249618530273,2020-06-01,9.36674976348877,,0.0,0,0.0,0.004691812574968202,0.004691812574968202,0.0,0.0,0.004691812574968202,1.0511420091916612,-0.011263268894368881
2020-06-22,9.494386672973633,9.526749610900879,9.53125,9.273249626159668,9.300000190734863,398468000,NVDA,35082000000.0,,0.78,,,,,,,,,,15.0,0.5,10.0,55.0396214582977,3.053445388109256,31.770000457763672,0.006415177471415401,0.016040682941266038,0.02866784524633803,1.1717852423237352,40.0,213.75553495297788,5.0,,,False,55.0,55.0,53.26814538330375,56.73185461669625,0.7807764064044245,50.0,4.999999999999999,,0.44114190914003737,0.25222955153301774,0.3066285393269449,-0.28350000381469725,-0.1306046034157612,18.443804249614445,False,False,50.0,50.0,0.42085889917110386,3.787933511293966,31.92701630657041,2.3760932748945893,0.2639961860519558,0.03132143606523624,0.0,0.0,0.0,1.0,1.0,False,1.0,8.806249618530273,2020-06-01,9.526749610900879,,0.0,0,0.0,0.02866784524633803,0.02866784524633803,0.0,0.0,0.02866784524633803,1.0812759856430927,0.0
2020-06-23,9.417899131774902,9.449999809265137,9.642499923706055,9.407500267028809,9.550999641418457,375108000,NVDA,35082000000.0,,0.78,,,,,,,,,,15.0,0.5,10.0,55.0396214582977,3.028846092713185,31.3700008392334,0.00460367232715253,0.007219869270600254,-0.008056242136134428,1.2260839151437948,40.0,207.9091334768316,5.0,,,False,55.0,55.0,53.26814538330375,56.73185461669625,0.7807764064044186,50.0,4.999999999999999,,0.44114190914003737,0.25222955153301774,0.3066285393269449,-0.28350000381469725,-0.1306046034157612,18.443804249614445,False,False,50.0,50.0,0.42085889917110386,3.787933511293966,31.92701630657041,2.3760932748945893,0.2639961860519558,0.03132143606523624,0.0,0.0,0.0,1.0,1.0,False,1.0,8.806249618530273,2020-06-01,9.526749610900879,,0.0,0,0.0,-0.008056242136134428,-0.008056242136134428,0.0,0.0,-0.008056242136134428,1.0725649644867645,-0.008056242136134418
2020-06-24,9.20412826538086,9.23550033569336,9.556500434875488,9.144499778747559,9.476249694824219,449372000,NVDA,35082000000.0,,0.78,,,,,,,,,,15.0,0.5,10.0,55.0396214582977,2.9600962614401793,33.84000015258789,-0.025508706189596886,-0.02255567879482545,-0.02269835744985671,1.2250033203865112,40.0,210.83934363974672,5.0,,,False,55.0,55.0,53.268145383303754,56.731854616696246,0.7807764064044165,50.0,4.999999999999999,,0.44114190914003737,0.25222955153301774,0.3066285393269449,-0.28350000381469725,-0.1306046034157612,18.443804249614445,False,False,50.0,50.0,0.42085889917110386,3.787933511293966,31.92701630657041,2.3760932748945893,0.2639961860519558,0.03132143606523624,0.0,0.0,0.0,1.0,1.0,False,1.0,8.806249618530273,2020-06-01,9.526749610900879,,0.0,0,0.0,-0.02269835744985671,-0.02269835744985671,0.0,0.0,-0.02269835744985671,1.0482195015346512,-0.03057173612228248
2020-06-25,9.45776081085205,9.489999771118164,9.505000114440918,9.182250022888184,9.35575008392334,376072000,NVDA,35082000000.0,,0.78,,,,,,,,,,15.0,0.5,10.0,55.0396214582977,3.0416665933071036,32.220001220703125,0.010720542618582574,0.012809281617172097,0.0275566483865759,1.239500008235946,40.0,198.98131376801757,5.0,,,False,55.0,55.0,53.268145383303754,56.731854616696246,0.7807764064044155,50.0,4.999999999999999,,0.44114190914003737,0.25222955153301774,0.3066285393269449,-0.28350000381469725,-0.1306046034157612,18.443804249614445,False,False,50.0,50.0,0.42085889917110386,3.787933511293966,31.92701630657041,2.3760932748945893,0.2639961860519558,0.03132143606523624,0.0,0.0,0.0,1.0,1.0,False,1.0,8.806249618530273,2020-06-01,9.526749610900879,,0.0,0,0.0,0.0275566483865759,0.0275566483865759,0.0,0.0,0.0275566483865759,1.0771049177703933,-0.003857542318595588
2020-06-26,9.12389850616455,9.154999732971191,9.5,9.125,9.5,592084000,NVDA,35082000000.0,,0.78,,,,,,,,,,15.0,0.5,10.0,55.0396214582977,2.934294786208715,34.72999954223633,-0.023751482562483606,-0.019694930290257262,-0.03530032099331659,1.2113194791404762,40.0,218.58516492607944,5.0,,,False,55.0,55.0,53.268145383303754,56.731854616696246,0.7807764064044151,50.0,4.999999999999999,,0.44114190914003737,0.25222955153301774,0.3066285393269449,-0.28350000381469725,-0.1306046034157612,18.443804249614445,False,False,50.0,50.0,0.42085889917110386,3.787933511293966,31.92701630657041,2.3760932748945893,0.2639961860519558,0.03132143606523624,0.0,0.0,0.0,1.0,1.0,False,1.0,8.806249618530273,2020-06-01,9.526749610900879,,0.0,0,0.0,-0.03530032099331659,-0.03530032099331659,0.0,0.0,-0.03530032099331659,1.0390827684296184,-0.03902169082982055
2020-06-29,9.168745994567871,9.199999809265137,9.204500198364258,8.899999618530273,9.169750213623047,342248000,NVDA,35082000000.0,,0.78,,,,,,,,,,15.0,0.5,10.0,55.0396214582977,2.9487178875849795,31.780000686645508,0.014697563211208076,0.010931658463101623,0.00491535528197562,1.1939419350805358,40.0,213.59642491722366,5.0,,,False,55.0,55.0,53.268145383303754,56.731854616696246,0.7807764064044153,50.0,4.999999999999999,,0.44114190914003737,0.25222955153301774,0.3066285393269449,-0.28350000381469725,-0.1306046034157612,18.443804249614445,False,False,50.0,50.0,0.42085889917110386,3.787933511293966,31.92701630657041,2.3760932748945893,0.2639961860519558,0.03132143606523624,0.0,0.0,0.0,1.0,1.0,False,1.0,8.806249618530273,2020-06-01,9.526749610900879,,0.0,0,0.0,0.00491535528197562,0.00491535528197562,0.0,0.0,0.00491535528197562,1.0441902294038288,-0.034298141021976945
2020-06-30,9.465486526489258,9.497750282287598,9.526249885559082,9.266500473022461,9.314000129699707,367892000,NVDA,35082000000.0,,0.78,,,,,,,,,,15.0,0.5,10.0,55.0396214582977,3.044150731502435,30.43000030517578,0.012809544787298677,0.017924951880558426,0.03236418252124329,1.1767885468075803,40.0,206.61819467442544,5.0,,,False,55.0,55.0,53.268145383303754,56.731854616696246,0.7807764064044151,50.0,4.999999999999999,,0.44114190914003737,0.25222955153301774,0.3066285393269449,-0.28350000381469725,-0.1306046034157612,18.443804249614445,False,False,50.0,50.0,0.42085889917110386,3.787933511293966,31.92701630657041,2.3760932748945893,0.2639961860519558,0.03132143606523624,0.0,0.0,0.0,1.0,1.0,False,1.0,8.806249618530273,2020-06-01,9.526749610900879,,0.0,0,0.0,0.03236418252124329,0.03236418252124329,0.0,0.0,0.03236418252124329,1.0779845925751532,-0.0030439897969082295
2020-07-01,9.497628211975098,9.529999732971191,9.575750350952148,9.413000106811523,9.520750045776367,326648000,NVDA,35082000000.0,,0.78,,,,,,,,,,15.0,0.5,10.0,55.0396214582977,3.054487093901023,28.6200008392334,0.007004811793744015,0.0016270054724423222,0.003395483111799269,1.1835765793731814,40.0,204.2339547720443,5.0,,,False,55.0,55.0,53.268145383303754,56.731854616696246,0.7807764064044153,50.0,4.999999999999999,,0.44114190914003737,0.25222955153301774,0.3066285393269449,-0.28350000381469725,-0.1306046034157612,18.443804249614445,False,False,50.0,50.0,0.42085889917110386,3.787933511293966,31.92701630657041,2.3760932748945893,0.2639961860519558,0.03132143606523624,0.0,0.0,0.0,1.0,1.0,False,1.0,8.806249618530273,2020-06-01,9.529999732971191,,0.0,0,0.0,0.003395483111799269,0.003395483111799269,0.0,0.0,0.003395483111799269,1.081644871054022,0.0
2020-07-02,9.579596519470215,9.612250328063965,9.737500190734863,9.57824993133545,9.638999938964844,364056000,NVDA,35082000000.0,,0.78,,,,,,,,,,15.0,0.5,10.0,55.0396214582977,3.0808494641230655,27.68000030517578,0.005506962621272482,0.005828329444038438,0.008630702769928611,1.1660975460984622,40.0,204.81592349784594,5.0,,,False,55.0,55.0,53.268145383303754,56.731854616696246,0.7807764064044151,50.0,4.999999999999999,,0.44114190914003737,0.25222955153301774,0.3066285393269449,-0.28350000381469725,-0.1306046034157612,18.443804249614445,False,False,50.0,50.0,0.42085889917110386,3.787933511293966,31.92701630657041,2.3760932748945893,0.2639961860519558,0.03132143606523624,0.0,0.0,0.0,1.0,1.0,False,1.0,8.806249618530273,2020-06-01,9.612250328063965,,0.0,0,0.0,0.008630702769928611,0.008630702769928611,0.0,0.0,0.008630702769928611,1.0909802264387072,0.0
2020-07-06,9.805827140808105,9.839249610900879,9.9087495803833,9.712499618530273,9.74174976348877,315892000,NVDA,35082000000.0,,0.78,,,,,,,,,,15.0,0.5,10.0,55.0396214582977,3.153605644519512,27.940000534057617,0.01543726303379489,0.017478902117988637,0.023615623302502442,1.1703625337602013,40.0,210.05174112133395,5.0,,,False,55.0,55.0,53.268145383303754,56.731854616696246,0.7807764064044153,50.0,4.999999999999999,,0.44114190914003737,0.25222955153301774,0.3066285393269449,-0.28350000381469725,-0.1306046034157612,18.443804249614445,False,False,50.0,50.0,0.42085889917110386,3.787933511293966,31.92701630657041,2.3760932748945893,0.2639961860519558,0.03132143606523624,0.0,0.0,0.0,1.0,1.0,False,1.0,8.806249618530273,2020-06-01,9.839249610900879,,0.0,0,0.0,0.023615623302502442,0.023615623302502442,0.0,0.0,0.023615623302502442,1.1167444044967625,0.0
2020-07-07,9.838214874267578,9.871749877929688,10.069999694824219,9.850749969482422,9.946249961853027,357800000,NVDA,35082000000.0,,0.78,,,,,,,,,,15.0,0.5,10.0,55.0396214582977,3.1640223967723355,29.43000030517578,-0.010313796371464123,-0.010456565588645828,0.003303124558686088,1.1572500662553196,40.0,207.29272216942564,5.0,,,False,55.0,55.0,53.268145383303754,56.731854616696246,0.7807764064044151,50.0,4.999999999999999,,0.44114190914003737,0.25222955153301774,0.3066285393269449,-0.28350000381469725,-0.1306046034157612,18.443804249614445,False,False,50.0,50.0,0.42085889917110386,3.787933511293966,31.92701630657041,2.3760932748945893,0.2639961860519558,0.03132143606523624,0.0,0.0,0.0,1.0,1.0,False,1.0,8.806249618530273,2020-06-01,9.871749877929688,,0.0,0,0.0,0.003303124558686088,0.003303124558686088,0.0,0.0,0.003303124558686088,1.120433150365031,0.0
2020-07-08,10.181297302246094,10.215999603271484,10.225000381469727,9.965499877929688,9.993749618530273,365480000,NVDA,35082000000.0,,0.78,,,,,,,,,,15.0,0.5,10.0,55.0396214582977,3.274358847202399,28.079999923706055,0.007648651621585456,0.016322326557239863,0.03487220904081423,1.167564122262084,40.0,223.87125350494512,5.0,,,False,55.0,55.0,53.268145383303754,56.731854616696246,0.7807764064044153,50.0,4.999999999999999,,0.44114190914003737,0.25222955153301774,0.3066285393269449,-0.28350000381469725,-0.1306046034157612,18.443804249614445,False,False,50.0,50.0,0.42085889917110386,3.787933511293966,31.92701630657041,2.3760932748945893,0.2639961860519558,0.03132143606523624,0.0,0.0,0.0,1.0,1.0,False,1.0,8.806249618530273,2020-06-01,10.215999603271484,,0.0,0,0.0,0.03487220904081423,0.03487220904081423,0.0,0.0,0.03487220904081423,1.1595051294008185,0.0
2020-07-09,10.473299980163574,10.508999824523926,10.569999694824219,10.233499526977539,10.380249977111816,494548000,NVDA,35082000000.0,,0.78,,,,,,,,,,15.0,0.5,10.0,55.0396214582977,3.3682691745268993,29.260000228881836,-0.005692921230517234,0.0036204918792135388,0.028680523945851855,1.1662786936682228,40.0,234.56531078838296,17.0302908309805,,,False,55.0,55.0,53.268145383303754,56.731854616696246,0.7807764064044151,50.0,4.999999999999999,,0.44114190914003737,0.25222955153301774,0.3066285393269449,-0.28350000381469725,-0.1306046034157612,18.443804249614445,False,False,50.0,50.0,0.42085889917110386,3.787933511293966,31.92701630657041,2.3760932748945893,0.2639961860519558,0.03132143606523624,0.0,0.0,0.0,1.0,1.0,False,1.0,8.806249618530273,2020-06-01,10.508999824523926,,0.0,0,0.0,0.028680523945851855,0.028680523945851855,0.0,0.0,0.028680523945851855,1.1927603440299368,0.0
2020-07-10,10.44365119934082,10.479249954223633,10.65524959564209,10.37874984741211,10.588749885559082,497676000,NVDA,35082000000.0,,0.78,,,,,,,,,,15.0,0.5,10.0,55.0396214582977,3.358733959687062,27.290000915527344,0.01021054585285941,-0.00027748385096204586,-0.0028308945472497182,1.1845632761793563,40.0,228.8543889438463,18.74217005687862,,,False,55.0,55.0,53.268145383303754,56.731854616696246,0.7807764064044153,50.0,4.999999999999999,,0.44114190914003737,0.25222955153301774,0.3066285393269449,-0.28350000381469725,-0.1306046034157612,18.443804249614445,False,False,50.0,50.0,0.42085889917110386,3.965871617171494,31.92701630657041,2.3760932748945893,0.2521513797043213,0.03132143606523624,0.0,0.0,0.0,1.0,1.0,False,1.0,8.806249618530273,2020-06-01,10.508999824523926,,0.0,0,0.0,-0.0028308945472497182,-0.0028308945472497182,0.0,0.0,-0.0028308945472497182,1.1893837652758468,-0.002830894547249706
2020-07-13,10.018102645874023,10.052249908447266,10.79224967956543,10.024999618530273,10.595000267028809,457076000,NVDA,35082000000.0,,0.78,,,,,,,,,,15.0,0.5,10.0,55.0396214582977,3.2218749706561747,32.189998626708984,-0.008658962913536516,-0.02072543907489499,-0.0407471954234917,1.1935028836667485,40.0,258.9752703164874,45.32594661100626,,,False,55.0,55.0,53.268145383303754,56.731854616696246,0.7807764064044151,50.0,4.999999999999999,,0.44114190914003737,0.25222955153301774,0.3066285393269449,-0.28350000381469725,-0.1306046034157612,18.443804249614445,False,False,50.0,50.0,0.42085889917110386,9.56231036176337,31.92701630657041,2.3760932748945893,0.10457723731690212,0.03132143606523624,0.0,0.0,0.0,1.0,1.0,False,1.0,8.806249618530273,2020-06-01,10.508999824523926,,0.0,0,0.0,-0.0407471954234917,-0.0407471954234917,0.0,0.0,-0.0407471954234917,1.1409197125586235,-0.04346273895740133
2020-07-14,10.341750144958496,10.376999855041504,10.402750015258789,9.785499572753906,10.074999809265137,542676000,NVDA,35082000000.0,,0.78,,,,,,,,,,15.0,0.5,10.0,55.0396214582977,3.325961492000482,29.520000457763672,0.012959017714715637,0.011526844887714383,0.03230619508587229,1.2159090495809723,40.0,233.70967563892972,43.42609702285385,,,False,55.0,55.0,53.268145383303754,56.731854616696246,0.7807764064044153,50.0,4.999999999999999,,0.44114190914003737,0.25222955153301774,0.3066285393269449,-0.28350000381469725,-0.1306046034157612,18.443804249614445,False,False,50.0,50.0,0.42085889917110386,12.333210269661736,31.92701630657041,2.3760932748945893,0.0810818901271702,0.03132143606523624,0.0,0.0,0.0,1.0,1.0,False,1.0,8.806249618530273,2020-06-01,10.508999824523926,,0.0,0,0.0,0.03230619508587229,0.03230619508587229,0.0,0.0,0.03230619508587229,1.1777784873698598,-0.012560659595253095
2020-07-15,10.192511558532715,10.227250099182129,10.432999610900879,10.055749893188477,10.414250373840332,403984000,NVDA,35082000000.0,,0.78,,,,,,,,,,15.0,0.5,10.0,55.0396214582977,3.277964775378887,27.760000228881836,0.009187233639839087,0.005417540110976171,-0.014430929743785348,1.2124041295941326,40.0,241.50217629475142,52.94829234543772,,,False,55.0,55.0,53.268145383303754,56.731854616696246,0.7807764064044151,50.0,4.999999999999999,,0.44114190914003737,0.25222955153301774,0.3066285393269449,-0.28350000381469725,-0.1306046034157612,18.443804249614445,False,False,50.0,50.0,0.42085889917110386,15.5139378547376,31.92701630657041,2.3760932748945893,0.06445816718897214,0.03132143606523624,0.0,0.0,0.0,1.0,1.0,False,1.0,8.806249618530273,2020-06-01,10.508999824523926,,0.0,0,0.0,-0.014430929743785348,-0.014430929743785348,0.0,0.0,-0.014430929743785348,1.1607820487648837,-0.02681032734288366
2020-07-16,10.100323677062988,10.134750366210938,10.20674991607666,9.895500183105469,10.015000343322754,344964000,NVDA,35082000000.0,,0.78,,,,,,,,,,15.0,0.5,10.0,55.0396214582977,3.248317425067608,28.0,-0.0032934520381920906,-0.012356018567411753,-0.009044438346001549,1.172141036848225,40.0,237.8278429086115,54.934271562236695,,,False,55.0,55.0,53.268145383303754,56.731854616696246,0.7807764064044153,50.0,4.999999999999999,,0.44114190914003737,0.25222955153301774,0.3066285393269449,-0.28350000381469725,-0.1306046034157612,18.443804249614445,False,False,50.0,50.0,0.42085889917110386,18.035580602358667,31.92701630657041,2.3760932748945893,0.05544595552799789,0.03132143606523624,0.0,0.0,0.0,1.0,1.0,False,1.0,8.806249618530273,2020-06-01,10.508999824523926,,0.0,0,0.0,-0.009044438346001549,-0.009044438346001549,0.0,0.0,-0.009044438346001549,1.1502834270916844,-0.0356122813361963
2020-07-17,10.166844367980957,10.201499938964844,10.248499870300293,10.087750434875488,10.225500106811523,266284000,NVDA,35082000000.0,,0.78,,,,,,,,,,15.0,0.5,10.0,55.0396214582977,3.2697115188989883,25.68000030517578,0.0028990699554503063,0.004891395770885376,0.006586207882973483,1.1374856543575644,40.0,231.5025987055844,47.07591430101374,,,False,55.0,55.0,53.268145383303754,56.731854616696246,0.7807764064044151,50.0,4.999999999999999,,0.44114190914003737,0.25222955153301774,0.3066285393269449,-0.28350000381469725,-0.1306046034157612,18.443804249614445,False,False,50.0,50.0,0.42085889917110386,19.208795100650654,31.92701630657041,2.3760932748945893,0.052059486019824706,0.03132143606523624,0.0,0.0,0.0,1.0,1.0,False,1.0,8.806249618530273,2020-06-01,10.508999824523926,,0.0,0,0.0,0.006586207882973483,0.006586207882973483,0.0,0.0,0.006586207882973483,1.1578594328668494,-0.029260623341289912
2020-07-20,10.475046157836914,10.510749816894531,10.53125,10.156749725341797,10.274250030517578,284852000,NVDA,35082000000.0,,0.78,,,,,,,,,,15.0,0.5,10.0,55.0396214582977,3.368830069517478,24.459999084472656,0.008081580547216305,0.0255545790578231,0.03031415770033008,1.134571703243656,40.0,235.41235141361017,47.24360199710901,,,False,55.0,55.0,53.268145383303754,56.731854616696246,0.7807764064044153,50.0,4.999999999999999,,0.44114190914003737,0.25222955153301774,0.3066285393269449,-0.28350000381469725,-0.1306046034157612,18.443804249614445,False,False,50.0,50.0,0.42085889917110386,20.095940946016064,31.92701630657041,2.3760932748945893,0.049761292725048825,0.03132143606523624,0.0,0.0,0.0,1.0,1.0,False,1.0,8.806249618530273,2020-06-01,10.510749816894531,,0.0,0,0.0,0.03031415770033008,0.03031415770033008,0.0,0.0,0.03031415770033008,1.1929589663095899,0.0
2020-07-21,10.293414115905762,10.328499794006348,10.5600004196167,10.286749839782715,10.512999534606934,277036000,NVDA,35082000000.0,,0.78,,,,,,,,,,15.0,0.5,10.0,55.0396214582977,3.31041660064306,24.84000015258789,0.0021275358467678362,-0.010040146938966488,-0.017339393103548373,1.1502674573428375,40.0,229.59322608876772,39.436887383669706,,,False,55.0,55.0,53.268145383303754,56.731854616696246,0.7807764064044151,50.0,4.999999999999999,,0.44114190914003737,0.25222955153301774,0.3066285393269449,-0.28350000381469725,-0.1306046034157612,18.443804249614445,False,False,50.0,50.0,0.42085889917110386,20.27741438520199,31.92701630657041,2.3760932748945893,0.04931595227100443,0.03132143606523624,0.0,0.0,0.0,1.0,1.0,False,1.0,8.806249618530273,2020-06-01,10.510749816894531,,0.0,0,0.0,-0.017339393103548373,-0.017339393103548373,0.0,0.0,-0.017339393103548373,1.1722737818363451,-0.01733939310354841
2020-07-22,10.403288841247559,10.438750267028809,10.602499961853027,10.291500091552734,10.367500305175781,367292000,NVDA,35082000000.0,,0.78,,,,,,,,,,15.0,0.5,10.0,55.0396214582977,3.3457532907143617,24.31999969482422,0.005692057260856531,0.00802141576549742,0.010674393689434014,1.145243811671605,40.0,226.92491170142767,31.652378981734405,,,False,55.0,55.0,53.268145383303754,56.731854616696246,0.7807764064044153,50.0,4.999999999999999,,0.44114190914003737,0.25222955153301774,0.3066285393269449,-0.28350000381469725,-0.1306046034157612,18.443804249614445,False,False,50.0,50.0,0.42085889917110386,20.040947466272165,31.92701630657041,2.3760932748945893,0.04989784049296802,0.03132143606523624,0.0,0.0,0.0,1.0,1.0,False,1.0,8.806249618530273,2020-06-01,10.510749816894531,,0.0,0,0.0,0.010674393689434014,0.010674393689434014,0.0,0.0,0.010674393689434014,1.1847870936954679,-0.006850086922437601
2020-07-23,10.095340728759766,10.12975025177002,10.54699993133545,10.03125,10.449999809265137,411660000,NVDA,35082000000.0,,0.78,,,,,,,,,,15.0,0.5,10.0,55.0396214582977,3.2467148242852626,26.079999923706055,-0.011931695745166393,-0.025976437571763267,-0.029601246064366316,1.142251127554119,40.0,242.978901592404,46.66113311103424,,,False,55.0,55.0,53.268145383303754,56.731854616696246,0.7807764064044151,50.0,4.999999999999999,,0.44114190914003737,0.25222955153301774,0.3066285393269449,-0.28350000381469725,-0.1306046034157612,18.443804249614445,False,False,50.0,50.0,0.42085889917110386,20.301645248355324,31.92701630657041,2.3760932748945893,0.04925709161827719,0.03132143606523624,0.0,0.0,0.0,1.0,1.0,False,1.0,8.806249618530273,2020-06-01,10.510749816894531,,0.0,0,0.0,-0.029601246064366316,-0.029601246064366316,0.0,0.0,-0.029601246064366316,1.1497159194011028,-0.036248561878250575
2020-07-24,10.159866333007812,10.194499969482422,10.364749908447266,9.777000427246094,9.875,473292000,NVDA,35082000000.0,,0.78,,,,,,,,,,15.0,0.5,10.0,55.0396214582977,3.2674679389366736,25.84000015258789,-0.006440384652273368,-0.012113822343931435,0.006392034956744119,1.1912828975196474,40.0,237.17769218773262,48.241651188534114,,,False,55.0,55.0,53.268145383303754,56.731854616696246,0.7807764064044153,50.0,4.999999999999999,,0.44114190914003737,0.25222955153301774,0.3066285393269449,-0.28350000381469725,-0.1306046034157612,18.443804249614445,False,False,50.0,50.0,0.42085889917110386,20.420790210953417,31.92701630657041,2.3760932748945893,0.04896970144983001,0.03132143606523624,0.0,0.0,0.0,1.0,1.0,False,1.0,8.806249618530273,2020-06-01,10.510749816894531,,0.0,0,0.0,0.006392034956744119,0.006392034956744119,0.0,0.0,0.006392034956744119,1.1570649437482399,-0.030088228996163965
2020-07-27,10.386098861694336,10.421500205993652,10.441749572753906,10.21774959564209,10.232250213623047,292132000,NVDA,35082000000.0,,0.78,,,,,,,,,,15.0,0.5,10.0,55.0396214582977,3.3402244249979653,24.739999771118164,0.0072924342504456785,0.01577950294928332,0.02226693189374296,1.182844030962359,40.0,230.93162477632632,40.22543231505251,,,False,55.0,55.0,53.268145383303754,56.731854616696246,0.7807764064044151,50.0,4.999999999999999,,0.44114190914003737,0.25222955153301774,0.3066285393269449,-0.28350000381469725,-0.1306046034157612,18.443804249614445,False,False,50.0,50.0,0.42085889917110386,19.970615534093394,31.92701630657041,2.3760932748945893,0.05007356925442894,0.03132143606523624,0.0,0.0,0.0,1.0,1.0,False,1.0,8.806249618530273,2020-06-01,10.510749816894531,,0.0,0,0.0,0.02226693189374296,0.02226693189374296,0.0,0.0,0.02226693189374296,1.1828292300473195,-0.008491269648281856
2020-07-28,10.180800437927246,10.215499877929688,10.381999969482422,10.209250450134277,10.374250411987305,271636000,NVDA,35082000000.0,,0.78,,,,,,,,,,15.0,0.5,10.0,55.0396214582977,3.2741986788236175,25.440000534057617,-0.006342391514221224,-0.011697548127085788,-0.01976685928053712,1.1857545217559462,40.0,225.83898507427784,30.476779606630487,,,False,55.0,55.0,53.268145383303754,56.731854616696246,0.7807764064044153,50.0,4.999999999999999,,0.44114190914003737,0.25222955153301774,0.3066285393269449,-0.28350000381469725,-0.1306046034157612,18.443804249614445,False,False,50.0,50.0,0.42085889917110386,19.197212527162616,31.92701630657041,2.3760932748945893,0.05209089593528618,0.03132143606523624,0.0,0.0,0.0,1.0,1.0,False,1.0,8.806249618530273,2020-06-01,10.510749816894531,,0.0,0,0.0,-0.01976685928053712,-0.01976685928053712,0.0,0.0,-0.01976685928053712,1.1594484111040682,-0.028090283196568255
2020-07-29,10.429949760437012,10.465499877929688,10.516249656677246,10.347000122070312,10.39074993133545,284508000,NVDA,35082000000.0,,0.78,,,,,,,,,,15.0,0.5,10.0,55.0396214582977,3.3543268839518228,24.100000381469727,0.012298725050001957,0.014487252821272278,0.02447261543609014,1.180763705111489,40.0,228.4698538259779,25.48078900623973,,,False,55.0,55.0,53.268145383303754,56.731854616696246,0.7807764064044151,50.0,4.999999999999999,,0.44114190914003737,0.25222955153301774,0.3066285393269449,-0.28350000381469725,-0.1306046034157612,18.443804249614445,False,False,50.0,50.0,0.42085889917110386,18.338988038628152,31.92701630657041,2.3760932748945893,0.05452863581641798,0.03132143606523624,0.0,0.0,0.0,1.0,1.0,False,1.0,8.806249618530273,2020-06-01,10.510749816894531,,0.0,0,0.0,0.02447261543609014,0.02447261543609014,0.0,0.0,0.02447261543609014,1.1878231461870037,-0.004305110458638657
2020-07-30,10.5779447555542,10.61400032043457,10.623000144958496,10.295249938964844,10.375,308880000,NVDA,35082000000.0,,0.78,,,,,,,,,,15.0,0.5,10.0,55.0396214582977,3.401923179626465,24.760000228881836,-0.0035679247032814887,0.005600135127302064,0.014189522166834001,1.190424339548931,40.0,226.52766949225602,20.47407668537706,,,False,55.0,55.0,53.268145383303754,56.731854616696246,0.7807764064044153,50.0,4.999999999999999,,0.44114190914003737,0.25222955153301774,0.3066285393269449,-0.28350000381469725,-0.1306046034157612,18.443804249614445,False,False,50.0,50.0,0.42085889917110386,17.505353357463306,31.92701630657041,2.3760932748945893,0.05712538213766795,0.03132143606523624,0.0,0.0,0.0,1.0,1.0,False,1.0,8.806249618530273,2020-06-01,10.61400032043457,,0.0,0,0.0,0.014189522166834001,0.014189522166834001,0.0,0.0,0.014189522166834001,1.2046777890501026,0.0
2020-07-31,10.578690528869629,10.614749908447266,10.766500473022461,10.432999610900879,10.563249588012695,386080000,NVDA,35082000000.0,,0.78,,,,,,,,,,15.0,0.5,10.0,55.0396214582977,3.4021634321946363,24.459999084472656,0.007902202821698623,0.024967537541699114,7.062257302292707e-05,1.138292237138626,40.0,222.70301599199092,15.350018320909362,,,False,55.0,55.0,53.268145383303754,56.731854616696246,0.7807764064044151,50.0,4.999999999999999,,0.44114190914003737,0.25222955153301774,0.3066285393269449,-0.28350000381469725,-0.1306046034157612,18.443804249614445,False,False,50.0,50.0,0.42085889917110386,16.821309213830922,31.92701630657041,2.3760932748945893,0.05944840483508702,0.03132143606523624,0.0,0.0,0.0,1.0,1.0,False,1.0,8.806249618530273,2020-06-01,10.614749908447266,,0.0,0,0.0,7.062257302292707e-05,7.062257302292707e-05,0.0,0.0,7.062257302292707e-05,1.2047628664952288,0.0
2020-08-03,10.972847938537598,11.010250091552734,11.098750114440918,10.715250015258789,10.732500076293945,412720000,NVDA,35082000000.0,,0.78,,,,,,,,,,15.0,0.5,10.0,55.0396214582977,3.5289263113951073,24.280000686645508,0.006952160993595191,0.024630998942192672,0.037259491416818724,1.1448811462154462,40.0,237.32657031276244,23.880418638577865,,,False,55.0,55.0,53.268145383303754,56.731854616696246,0.7807764064044153,50.0,4.999999999999999,,0.44114190914003737,0.25222955153301774,0.3066285393269449,-0.28350000381469725,-0.1306046034157612,18.443804249614445,False,False,50.0,50.0,0.42085889917110386,15.720911905220627,31.92701630657041,2.3760932748945893,0.06360954161112743,0.03132143606523624,0.0,0.0,0.0,1.0,1.0,False,1.0,8.806249618530273,2020-06-01,11.010250091552734,,0.0,0,0.0,0.037259491416818724,0.037259491416818724,0.0,0.0,0.037259491416818724,1.2496517181787097,0.0
2020-08-04,11.189611434936523,11.227749824523926,11.227749824523926,10.906000137329102,11.050000190734863,310336000,NVDA,35082000000.0,,0.78,,,,,,,,,,15.0,0.5,10.0,55.0396214582977,3.5986377642704888,23.760000228881836,0.003862614375942597,0.002562977566209046,0.019754295421323897,1.1396956799655884,40.0,243.07535339978344,37.343784465833515,100.0,100.0,False,55.234870309511216,55.09169059811563,53.35983598141939,56.82354521481188,0.7807764064044151,50.234870309511216,4.999999999999999,57.72773630665885,0.44114190914003737,0.25222955153301774,0.3066285393269449,-0.28350000381469725,-0.1306046034157612,18.443804249614445,False,False,35.432375310402385,35.432375310402385,0.42085889917110386,14.295499906244931,31.92701630657041,2.3760932748945893,0.06995208328203717,0.03132143606523624,0.23487030951121568,0.23487030951121568,0.0,1.0,1.0,False,1.0,8.806249618530273,2020-06-01,11.227749824523926,,0.0,0,0.0,0.019754295421323897,0.019754295421323897,0.0,0.0,0.019754295421323897,1.2743377073933768,0.0
2020-08-05,11.248408317565918,11.286749839782715,11.371749877929688,11.166250228881836,11.244000434875488,249924000,NVDA,35082000000.0,,0.78,,,,,,,,,,15.0,0.5,10.0,55.0396214582977,3.617548025571383,22.989999771118164,0.0062109550025213345,0.0037023815224461742,0.005254838786122651,1.1339798115008184,40.0,241.81629409600862,44.237020867631905,100.0,100.0,False,58.275671503597366,56.33467918283679,54.60282456614054,58.06653379953303,0.7807764064044153,53.275671503597366,4.999999999999999,59.46641423289553,0.44114190914003737,0.25222955153301774,0.3066285393269449,-0.28350000381469725,-0.1306046034157612,18.443804249614445,False,False,35.90787971410617,35.90787971410617,0.42085889917110386,12.621452412790248,31.92701630657041,2.3760932748945893,0.07923018423669104,0.03132143606523624,3.04080119408615,1.518727130426143,0.0,1.0,1.0,False,1.0,8.806249618530273,2020-06-01,11.286749839782715,,0.0,0,0.0,0.005254838786122651,0.005254838786122651,0.0,0.0,0.005254838786122651,1.281034146604806,0.0
2020-08-06,11.296993255615234,11.33549976348877,11.357999801635742,11.178750038146973,11.349749565124512,244316000,NVDA,35082000000.0,,0.78,,,,,,,,,,15.0,0.5,10.0,55.0396214582977,3.633173001118195,22.649999618530273,0.006684536203731106,0.0140523315083807,0.004319217170404954,1.102310523214238,40.0,238.68055205421172,43.87062217609908,100.0,100.0,False,58.11468816768804,57.02957369211665,55.2977190754204,58.761428308812896,0.7807764064044151,53.11468816768804,4.999999999999999,59.37399765524792,0.44114190914003737,0.25222955153301774,0.3066285393269449,-0.28350000381469725,-0.1306046034157612,18.443804249614445,False,False,35.81204093155776,35.81204093155776,0.42085889917110386,11.844285079272725,31.92701630657041,2.3760932748945893,0.08442890333245871,0.03132143606523624,-0.16098333590932867,-1.518727130426143,0.0,1.0,1.0,False,1.0,8.806249618530273,2020-06-01,11.33549976348877,,0.0,0,0.0,0.004319217170404954,0.004319217170404954,0.0,0.0,0.004319217170404954,1.2865672112866966,0.0
2020-08-07,11.161457061767578,11.19950008392334,11.50475025177002,11.037500381469727,11.3125,342516000,NVDA,35082000000.0,,0.78,,,,,,,,,,15.0,0.5,10.0,55.0396214582977,3.5895833602318397,22.209999084472656,0.0007179157167860328,-0.01489694469376135,-0.011997678302943404,1.1208541924438749,40.0,237.83934918247203,42.05147487158599,100.0,100.0,False,57.31400873821964,57.14061377869253,55.40875916199629,58.87246839538878,0.7807764064044153,52.31400873821964,4.999999999999999,58.91515494645808,0.44114190914003737,0.25222955153301774,0.3066285393269449,-0.28350000381469725,-0.1306046034157612,18.443804249614445,False,False,35.537136250993115,35.537136250993115,0.42085889917110386,10.980288870437294,31.92701630657041,2.3760932748945893,0.09107228523762642,0.03132143606523624,-0.8006794294683957,-0.639696093559067,0.0,1.0,1.0,False,1.0,8.806249618530273,2020-06-01,11.33549976348877,,0.0,0,0.0,-0.011997678302943404,-0.011997678302943404,0.0,0.0,-0.011997678302943404,1.2711313917705638,-0.011997678302943418
2020-08-10,11.127071380615234,11.164999961853027,11.408249855041504,10.856499671936035,11.334250450134277,427796000,NVDA,35082000000.0,,0.78,,,,,,,,,,15.0,0.5,10.0,55.0396214582977,3.578525628799047,22.1299991607666,0.0029889110742402636,-0.002813431517798115,-0.003080505541478318,1.110936847442525,40.0,235.1087065129799,36.641241424438775,100.0,100.0,False,54.92421007507064,56.27535591926486,54.543501302568615,58.00721053596111,0.7807764064044151,49.92421007507064,4.999999999999999,57.55053419039521,0.44114190914003737,0.25222955153301774,0.3066285393269449,-0.28350000381469725,-0.1306046034157612,18.443804249614445,False,False,34.93934523718491,34.93934523718491,0.42085889917110386,10.88899827669854,31.92701630657041,2.3760932748945893,0.0918358121279079,0.03132143606523624,-2.3897986631490014,-1.518727130426143,0.0,1.0,1.0,False,1.0,8.806249618530273,2020-06-01,11.33549976348877,,0.0,0,0.0,-0.003080505541478318,-0.003080505541478318,0.0,0.0,-0.003080505541478318,1.2672156644742676,-0.015041224929924584
2020-08-11,10.813139915466309,10.850000381469727,11.136750221252441,10.79574966430664,11.073749542236328,354512000,NVDA,35082000000.0,,0.78,,,,,,,,,,15.0,0.5,10.0,55.0396214582977,3.4775642248300405,24.030000686645508,-0.008254669579494611,-0.017986254174406247,-0.02821312865737091,1.1192074643048489,40.0,263.36654501018234,57.164262144393184,100.0,100.0,False,63.8501239291581,59.232455992320645,57.5006013756244,60.96431060901689,0.7807764064044153,58.8501239291581,4.999999999999999,62.72704650269214,0.44114190914003737,0.25222955153301774,0.3066285393269449,-0.28350000381469725,-0.1306046034157612,18.443804249614445,False,False,37.20225874806903,37.18346912330813,0.42085889917110386,11.619442390287482,31.92701630657041,2.3760932748945893,0.0860626496875517,0.03132143606523624,8.925913854087462,1.518727130426143,0.018789624760897256,1.0,1.0,False,1.0,8.806249618530273,2020-06-01,11.33549976348877,,0.0,0,0.0,-0.02821312865737091,-0.02821312865737091,0.0,0.0,-0.02821312865737091,1.2314635458958194,-0.042829993573183
2020-08-12,11.401384353637695,11.440250396728516,11.467000007629395,10.958250045776367,10.990750312805176,464412000,NVDA,35082000000.0,,0.78,,,,,,,,,,15.0,0.5,10.0,55.0396214582977,3.6667469220283704,22.280000686645508,0.013942352219447729,0.022715087727422034,0.05440092115267148,1.1559313504095328,40.0,254.9882452277949,68.8698327904571,100.0,100.0,False,68.6086321443815,62.89280455323107,61.16094993653483,64.62465916992731,0.7807764064044151,63.60863214438151,4.999999999999999,65.6795373371869,0.44114190914003737,0.25222955153301774,0.3066285393269449,-0.28350000381469725,-0.1306046034157612,18.443804249614445,False,False,38.386190599677654,38.26469242924356,0.42085889917110386,13.061822381730494,31.92701630657041,2.3760932748945893,0.0765589954276744,0.03132143606523624,4.758508215223401,-1.518727130426143,0.12149817043409143,1.0,1.0,False,1.0,8.806249618530273,2020-06-01,11.440250396728516,,0.0,0,0.0,0.05440092115267148,0.05440092115267148,0.0,0.0,0.05440092115267148,1.2984562971584872,0.0
2020-08-13,11.404128074645996,11.442999839782715,11.721750259399414,11.35575008392334,11.545999526977539,374460000,NVDA,35082000000.0,,0.78,,,,,,,,,,15.0,0.5,10.0,55.0396214582977,3.667628153776511,22.1299991607666,-0.001807775796370037,0.00043890282465075536,0.00024033067099527017,1.160782256925796,40.0,250.81484706704939,74.20043041333433,100.0,100.0,False,70.64848390939093,65.92053028169478,64.18867566499853,67.65238489839103,0.7807764064044153,65.64848390939093,4.999999999999999,67.02407158500819,0.44114190914003737,0.25222955153301774,0.3066285393269449,-0.28350000381469725,-0.1306046034157612,18.443804249614445,False,False,38.433499726452695,38.55499789688679,0.42085889917110386,14.80960511672567,31.92701630657041,2.3760932748945893,0.06752374503697064,0.03132143606523624,2.0398517650094306,-1.518727130426143,-0.12149817043409143,1.0,1.0,False,1.0,8.806249618530273,2020-06-01,11.442999839782715,,0.0,0,0.0,0.00024033067099527017,0.00024033067099527017,0.0,0.0,0.00024033067099527017,1.2987683560316414,0.0
2020-08-14,11.524718284606934,11.564000129699707,11.704750061035156,11.440500259399414,11.529999732971191,366436000,NVDA,35082000000.0,,0.78,,,,,,,,,,15.0,0.5,10.0,55.0396214582977,3.7064102979806752,22.049999237060547,2.9717560858788516e-05,-0.0007020167751614625,0.010574175619256998,1.169371732968213,40.0,255.2175261563621,80.29545444156822,100.0,100.0,False,72.86737050800983,68.63249475557873,66.9006401388825,70.36434937227497,0.7807764064044151,67.86737050800983,4.999999999999999,68.5614167622326,0.44114190914003737,0.25222955153301774,0.3066285393269449,-0.28350000381469725,-0.1306046034157612,18.443804249614445,False,False,38.72070901602223,38.77188470350695,0.42085889917110386,17.194374113813133,31.92701630657041,2.3760932748945893,0.05815855775736833,0.03132143606523624,2.2188865986188944,0.17903483360946382,-0.05117568748472536,1.0,1.0,False,1.0,8.806249618530273,2020-06-01,11.564000129699707,,0.0,0,0.0,0.010574175619256998,0.010574175619256998,0.0,0.0,0.010574175619256998,1.3125017607170537,0.0
2020-08-17,12.295089721679688,12.336999893188477,12.409749984741211,11.81725025177002,11.851249694824219,621300000,NVDA,35082000000.0,,0.78,,,,,,,,,,15.0,0.5,10.0,55.0396214582977,3.954166632432204,21.350000381469727,0.0031766041320859806,0.006673710524766063,0.06684536101858751,1.1765926654138805,40.0,288.10968810206964,86.85496915745956,100.0,100.0,False,75.10968962054287,71.16111522070264,69.4292606040064,72.89296983739888,0.7807764064044153,70.10968962054287,4.999999999999999,70.2159202172961,0.44114190914003737,0.25222955153301774,0.3066285393269449,-0.28350000381469725,-0.1306046034157612,18.443804249614445,False,False,38.82011898505607,38.941617155490164,0.42085889917110386,19.826418370522926,31.92701630657041,2.3760932748945893,0.05043775337086386,0.03132143606523624,2.242319112533039,0.023432513914144693,-0.12149817043409143,1.0,1.0,False,1.0,8.806249618530273,2020-06-01,12.336999893188477,,0.0,0,0.0,0.06684536101858751,0.06684536101858751,0.0,0.0,0.06684536101858751,1.4002364147497168,0.0
2020-08-18,12.219101905822754,12.260749816894531,12.496000289916992,12.086250305175781,12.449999809265137,503448000,NVDA,35082000000.0,,0.78,,,,,,,,,,15.0,0.5,10.0,55.0396214582977,3.9297275054149137,21.510000228881836,0.002160371040858866,0.0037508749778885075,-0.00618060119592323,1.174908057188172,40.0,280.742596007534,91.20252499526087,100.0,100.0,False,76.50882261328339,73.2487971009434,71.51694248424717,74.98065171763965,0.7807764064044151,71.50882261328339,4.999999999999999,71.31250227652947,0.44114190914003737,0.25222955153301774,0.3066285393269449,-0.28350000381469725,-0.1306046034157612,18.443804249614445,False,False,39.07924066284522,38.95774249241113,0.42085889917110386,22.328306293663776,31.92701630657041,2.3760932748945893,0.044786200388328395,0.03132143606523624,1.399132992740519,-0.8431861197925201,0.12149817043409143,1.0,1.0,False,1.0,8.806249618530273,2020-06-01,12.336999893188477,,0.0,0,0.0,-0.00618060119592323,-0.00618060119592323,0.0,0.0,-0.00618060119592323,1.3915821118901395,-0.006180601195923231
2020-08-19,12.097267150878906,12.138500213623047,12.3149995803833,12.097999572753906,12.296500205993652,622624000,NVDA,35082000000.0,,0.78,,,,,,,,,,15.0,0.5,10.0,55.0396214582977,3.890544940263797,22.540000915527344,-0.0041637243123001655,-0.0012166454333860655,-0.00997080970553954,1.1674400850134876,40.0,275.3631913141046,94.04355046889259,100.0,100.0,False,77.38482314811134,74.86345287789483,73.13159826119858,76.59530749459108,0.7807764064044153,72.38482314811134,4.999999999999999,72.02909285763748,0.44114190914003737,0.25222955153301774,0.3066285393269449,-0.28350000381469725,-0.1306046034157612,18.443804249614445,False,False,38.81520653844131,38.9367047088754,0.42085889917110386,24.304149739161033,31.92701630657041,2.3760932748945893,0.04114523695468803,0.03132143606523624,0.876000534827952,-0.5231324579125669,-0.12149817043409143,1.0,1.0,False,1.0,8.806249618530273,2020-06-01,12.336999893188477,,0.0,0,0.0,-0.00997080970553954,-0.00997080970553954,0.0,0.0,-0.00997080970553954,1.37770691146285,-0.016089785303072462
2020-08-20,12.099756240844727,12.140999794006348,12.375,11.87874984741211,11.975000381469727,921388000,NVDA,35082000000.0,,0.78,,,,,,,,,,15.0,0.5,10.0,55.0396214582977,3.891346087822547,22.719999313354492,0.0031135656933312106,0.01331244040054158,0.00020592168219391027,1.159878158972028,40.0,270.8614631371287,95.0,100.0,100.0,False,77.67287600997435,75.96021852646207,74.22836390976583,77.69207314315831,0.7807764064044151,72.67287600997435,4.999999999999999,72.27033769393267,0.44114190914003737,0.25222955153301774,0.3066285393269449,-0.28350000381469725,-0.1306046034157612,18.443804249614445,False,False,38.70762447506537,38.82912264549947,0.42085889917110386,26.241380791415835,31.92701630657041,2.3760932748945893,0.03810775080582357,0.03132143606523624,0.28805286186300805,-0.587947672964944,-0.12149817043409143,1.0,1.0,False,1.0,8.806249618530273,2020-06-01,12.336999893188477,,0.0,0,0.0,0.00020592168219391027,0.00020592168219391027,0.0,0.0,0.00020592168219391027,1.3779906111876286,-0.015887176856534305
2020-08-21,12.640416145324707,12.683500289916992,12.80875015258789,12.195249557495117,12.201749801635742,999868000,NVDA,35082000000.0,,0.78,,,,,,,,,,15.0,0.5,10.0,55.0396214582977,4.065224451896472,22.540000915527344,0.0035473933172565086,0.012708254925024365,0.04468334610947444,1.1772000181206261,40.0,270.9156440714863,95.0,100.0,100.0,False,77.67287600997435,76.62881980415125,74.89696518745501,78.36067442084749,0.7807764064044153,72.67287600997435,4.999999999999999,72.27033769393267,0.44114190914003737,0.25222955153301774,0.3066285393269449,-0.28350000381469725,-0.1306046034157612,18.443804249614445,False,False,38.72878779742344,38.714465010734685,0.42085889917110386,27.848067934888615,31.92701630657041,2.3760932748945893,0.03590913388814238,0.03132143606523624,0.0,-0.28805286186300805,0.014322786688757106,1.0,1.0,False,1.0,8.806249618530273,2020-06-01,12.683500289916992,,0.0,0,0.0,0.04468334610947444,0.04468334610947444,0.0,0.0,0.04468334610947444,1.4395638426029316,0.0
2020-08-24,12.677038192749023,12.720250129699707,12.912500381469727,12.507499694824219,12.883749961853027,490564000,NVDA,35082000000.0,,0.78,,,,,,,,,,15.0,0.5,10.0,55.0396214582977,4.077003246698624,22.3700008392334,0.010133151673383134,0.008648436679261184,0.0028974525125315953,1.1534776040118464,40.0,267.61458180946056,95.0,100.0,100.0,False,77.67287600997435,77.03640703038464,75.3045524136884,78.76826164708088,0.7807764064044151,72.67287600997435,4.999999999999999,72.27033769393267,0.44114190914003737,0.25222955153301774,0.3066285393269449,-0.28350000381469725,-0.1306046034157612,18.443804249614445,False,False,38.64347907636855,38.64160447525542,0.42085889917110386,28.97539575409081,31.92701630657041,2.3760932748945893,0.034512039403597025,0.03132143606523624,0.0,0.0,0.0018746011131315753,1.0,1.0,False,1.0,8.806249618530273,2020-06-01,12.720250129699707,,0.0,0,0.0,0.0028974525125315953,0.0028974525125315953,0.0,0.0,0.0028974525125315953,1.4437349104756312,0.0
2020-08-25,12.706686973571777,12.75,12.761249542236328,12.573749542236328,12.630749702453613,289076000,NVDA,35082000000.0,,0.78,,,,,,,,,,15.0,0.5,10.0,55.0396214582977,4.086538461538462,22.030000686645508,0.0034993049179556923,0.005043699384152056,0.0023387802910284083,1.1499588042177895,40.0,264.2096151496948,95.0,100.0,100.0,False,77.67287600997435,77.28487701172061,75.55302239502436,79.01673162841686,0.7807764064044153,72.67287600997435,4.999999999999999,72.27033769393267,0.44114190914003737,0.25222955153301774,0.3066285393269449,-0.28350000381469725,-0.1306046034157612,18.443804249614445,False,False,38.550921251218156,38.61837614080156,0.42085889917110386,29.354228018735483,31.92701630657041,2.3760932748945893,0.03406664278010462,0.03132143606523624,0.0,0.0,-0.06745488958340161,1.0,1.0,False,1.0,8.806249618530273,2020-06-01,12.75,,0.0,0,0.0,0.0023387802910284083,0.0023387802910284083,0.0,0.0,0.0023387802910284083,1.4471114892297212,0.0
2020-08-26,12.729609489440918,12.77299976348877,12.868499755859375,12.677749633789062,12.799249649047852,321244000,NVDA,35082000000.0,,0.78,,,,,,,,,,15.0,0.5,10.0,55.0396214582977,4.093910180605374,23.270000457763672,0.010025608090155735,0.020324526219439587,0.0018039030187271266,1.124835440895936,40.0,260.0661934234777,95.0,100.0,100.0,False,77.67287600997435,77.43634724349315,75.7044926267969,79.16820186018938,0.7807764064044151,72.67287600997435,4.999999999999999,72.27033769393267,0.44114190914003737,0.25222955153301774,0.3066285393269449,-0.28350000381469725,-0.1306046034157612,18.443804249614445,False,False,38.59643701901407,38.63828761564707,0.42085889917110386,29.0288911673136,31.92701630657041,2.3760932748945893,0.03444843946109783,0.03132143606523624,0.0,0.0,-0.04185059663300535,1.0,1.0,False,1.0,8.806249618530273,2020-06-01,12.77299976348877,,0.0,0,0.0,0.0018039030187271266,0.0018039030187271266,0.0,0.0,0.0018039030187271266,1.4497219380135775,0.0
2020-08-27,12.585351943969727,12.628250122070312,12.850000381469727,12.566499710083008,12.781499862670898,317604000,NVDA,35082000000.0,,0.78,,,,,,,,,,15.0,0.5,10.0,55.0396214582977,4.047516064766126,24.469999313354492,0.002186550139632537,0.0008197268290206505,-0.011332470374909032,1.1333259808391836,40.0,260.3432585530749,95.0,100.0,100.0,False,77.67287600997435,77.52868528364537,75.79683066694912,79.26053990034163,0.7807764064044153,72.67287600997435,4.999999999999999,72.27033769393267,0.44114190914003737,0.25222955153301774,0.3066285393269449,-0.28350000381469725,-0.1306046034157612,18.443804249614445,False,False,38.66874562002329,38.715781433860485,0.42085889917110386,27.82850571283328,31.92701630657041,2.3760932748945893,0.03593437643828803,0.03132143606523624,0.0,0.0,-0.04703581383719552,1.0,1.0,False,1.0,8.806249618530273,2020-06-01,12.77299976348877,,0.0,0,0.0,-0.011332470374909032,-0.011332470374909032,0.0,0.0,-0.011332470374909032,1.433293007099183,-0.011332470374909026
2020-08-28,13.103087425231934,13.147749900817871,13.14799976348877,12.642499923706055,12.675000190734863,537160000,NVDA,35082000000.0,,0.78,,,,,,,,,,15.0,0.5,10.0,55.0396214582977,4.214022404108292,22.959999084472656,0.006459392204906322,0.008764086791005044,0.04113790697252906,1.150051353424429,40.0,255.4546282962623,94.35907932207256,100.0,100.0,False,77.4802331029447,77.5097701238804,75.77791550718416,79.24162474057664,0.7807764064044151,72.4802331029447,4.999999999999999,72.10867855877079,0.44114190914003737,0.25222955153301774,0.3066285393269449,-0.28350000381469725,-0.1306046034157612,18.443804249614445,False,False,38.837758248853376,38.860802477802416,0.42085889917110386,25.419944570403874,31.92701630657041,2.3760932748945893,0.03933918884954169,0.03132143606523624,-0.1926429070296507,-0.1926429070296507,-0.023044228949040645,1.0,1.0,False,1.0,8.806249618530273,2020-06-01,13.147749900817871,,0.0,0,0.0,0.04113790697252906,0.04113790697252906,0.0,0.0,0.04113790697252906,1.4922556814896055,0.0
2020-08-31,13.329068183898926,13.374500274658203,13.574999809265137,13.037750244140625,13.18274974822998,500840000,NVDA,35082000000.0,,0.78,,,,,,,,,,15.0,0.5,10.0,55.0396214582977,4.286698805980193,26.40999984741211,-0.0036225371165335973,0.0031666074866187888,0.01724632545879401,1.177499400080119,40.0,252.74485176670817,90.85494774223253,100.0,100.0,False,76.39956378711081,77.07635866688521,75.34450405018896,78.80821328358147,0.7807764064044153,71.39956378711081,4.999999999999999,71.22483302187506,0.44114190914003737,0.25222955153301774,0.3066285393269449,-0.28350000381469725,-0.1306046034157612,18.443804249614445,False,False,54.58602143134365,54.58602143134365,0.42085889917110386,23.00966402603705,3.192701630657041,2.3760932748945893,0.043460000062079555,0.3132143606523624,-1.0806693158338874,-0.8880264088042367,0.0,1.2,1.0,True,1.2,8.806249618530273,2020-06-01,13.374500274658203,,0.0,0,0.0,0.01724632545879401,0.01724632545879401,0.19999999999999996,9.999999999999998e-05,0.01714632545879401,1.5178423830721608,0.0
2020-09-01,13.778169631958008,13.821000099182129,13.993749618530273,13.43649959564209,13.479999542236328,511316000,NVDA,35082000000.0,,0.78,,,,,,,,,,15.0,0.5,10.0,55.0396214582977,4.429807724096836,26.1200008392334,0.009418592562241201,0.01910158277667473,0.03338441178022533,1.1891427720944976,40.0,270.84044640557175,93.63795684031952,100.0,100.0,False,77.26162644182952,77.148685020657,75.41683040396076,78.88053963735324,0.7807764064044151,72.26162644182952,4.999999999999999,71.92679015859784,0.44114190914003737,0.25222955153301774,0.3066285393269449,-0.28350000381469725,-0.1306046034157612,18.443804249614445,False,False,54.866816057691786,54.866816057691786,0.42085889917110386,21.47567427445968,3.192701630657041,2.3760932748945893,0.04656431212449834,0.3132143606523624,0.8620626547187129,1.518727130426143,0.0,1.2,1.2,False,1.2,8.806249618530273,2020-06-01,13.821000099182129,,0.0,0,0.0,0.03338441178022533,0.040061294136270395,0.0,0.0,0.040061294136270395,1.5786491132329121,0.0
2020-09-02,14.302043914794922,14.346500396728516,14.726750373840332,13.899999618530273,14.703749656677246,874012000,NVDA,35082000000.0,,0.78,,,,,,,,,,15.0,0.5,10.0,55.0396214582977,4.598237306643755,26.56999969482422,0.01446399890877581,0.008895203594728729,0.03802187206246277,1.1972516853950463,40.0,281.4464976113059,95.0,100.0,100.0,False,77.67287600997435,77.35332299911138,75.62146838241515,79.08517761580762,0.7807764064044153,72.67287600997435,4.999999999999999,72.27033769393267,0.44114190914003737,0.25222955153301774,0.3066285393269449,-0.28350000381469725,-0.1306046034157612,18.443804249614445,False,False,55.07544608746278,55.07544608746278,0.42085889917110386,20.184746091715258,3.192701630657041,2.3760932748945893,0.04954236211127995,0.3132143606523624,0.41124956814482516,-0.45081308657388774,0.0,1.2,1.2,False,1.2,8.806249618530273,2020-06-01,14.346500396728516,,0.0,0,0.0,0.03802187206246277,0.04562624647495532,0.0,0.0,0.04562624647495532,1.6506769467707465,0.0
2020-09-03,12.975166320800781,13.01550006866455,13.884499549865723,12.87874984741211,13.828749656677246,945128000,NVDA,35082000000.0,,0.78,,,,,,,,,,15.0,0.5,10.0,55.0396214582977,4.171634637392484,33.599998474121094,-0.03441430567094561,-0.05699439450006116,-0.09277526164969663,1.2883227920957134,40.0,392.22296365130273,95.0,100.0,100.0,False,77.67287600997435,77.47807272485004,75.7462181081538,79.20992734154628,0.7807764064044151,72.67287600997435,4.999999999999999,72.27033769393267,0.44114190914003737,0.25222955153301774,0.3066285393269449,-0.28350000381469725,-0.1306046034157612,18.443804249614445,False,False,55.28515480500441,55.28515480500441,0.42085889917110386,18.399985882529872,3.192701630657041,2.3760932748945893,0.05434786778556522,0.3132143606523624,0.0,-0.41124956814482516,0.0,1.2,1.2,False,1.2,8.806249618530273,2020-06-01,14.346500396728516,,0.0,0,0.0,-0.09277526164969663,-0.11133031397963596,0.0,0.0,-0.11133031397963596,1.4669065640078125,-0.11133031397963594
2020-09-04,12.58338451385498,12.6225004196167,13.175000190734863,11.704750061035156,12.7837495803833,1463684000,NVDA,35082000000.0,,0.78,,,,,,,,,,15.0,0.5,10.0,55.0396214582977,4.045673211415608,30.75,-0.00816470426074467,-0.013941048135753364,-0.03019474065341654,1.3552040768427804,40.0,424.8445373488139,95.0,100.0,100.0,False,77.67287600997435,77.5541216293076,75.82226701261135,79.28597624600386,0.7807764064044153,72.67287600997435,4.999999999999999,72.27033769393267,0.44114190914003737,0.25222955153301774,0.3066285393269449,-0.28350000381469725,-0.1306046034157612,18.443804249614445,False,False,55.668097041900815,55.68350847446319,0.42085889917110386,15.737638661536524,3.192701630657041,2.3760932748945893,0.0635419341812723,0.3132143606523624,0.0,0.0,-0.015411432562372056,1.2,1.2,False,1.2,8.806249618530273,2020-06-01,14.346500396728516,,0.0,0,0.0,-0.03019474065341654,-0.03623368878409985,0.0,0.0,-0.03623368878409985,1.4137551280922003,-0.14353009481476148
2020-09-08,11.876084327697754,11.913000106811523,12.550000190734863,11.70425033569336,11.73449993133545,795728000,NVDA,35082000000.0,,0.78,,,,,,,,,,15.0,0.5,10.0,55.0396214582977,3.818269265003693,31.459999084472656,-0.027322928654060497,-0.0452082953193097,-0.056209173239759824,1.348688211413635,40.0,505.9579242344491,95.0,100.0,100.0,False,70.01491008959023,74.610902382756,72.87904776605976,76.34275699945223,0.7807764064044151,65.01491008959023,4.999999999999999,72.27033769393267,0.44114190914003737,0.25222955153301774,0.3066285393269449,-0.28350000381469725,-0.1306046034157612,18.443804249614445,False,False,81.33158621835153,81.40262833105587,0.42085889917110386,10.667178202571646,3.192701630657041,2.3760932748945893,0.0937455042945584,0.3132143606523624,-7.657965920384115,-1.518727130426143,-0.07104211270433894,1.2,1.2,False,1.2,11.913000106811523,2020-09-08,11.913000106811523,Trailing_Stop,0.35984506859524484,99,0.15,-0.056209173239759824,-0.06745100788771179,0.0,0.0,-0.06745100788771179,1.3183959197959603,-0.20129985314499876
2020-09-09,12.675600051879883,12.71500015258789,12.809249877929688,12.231749534606934,12.399999618530273,736200000,NVDA,35082000000.0,,0.78,,,,,,,,,,15.0,0.5,10.0,55.0396214582977,4.075320561726888,28.809999465942383,0.019747358298320528,0.03262990197736482,0.06732141682075587,1.382733688822629,40.0,493.9375976112413,95.0,100.0,100.0,False,69.62807219758758,72.66566425990638,70.93380964321014,74.39751887660262,0.7807764064044153,64.62807219758758,4.999999999999999,72.27033769393267,0.44114190914003737,0.25222955153301774,0.3066285393269449,-0.28350000381469725,-0.1306046034157612,18.443804249614445,False,False,81.4828005569762,81.3613023865421,0.42085889917110386,7.634005281598479,3.192701630657041,2.3760932748945893,0.13099283575431464,0.3132143606523624,-0.38683789200264584,1.518727130426143,0.12149817043409143,1.2,1.2,False,1.2,11.913000106811523,2020-09-08,12.71500015258789,,0.0,0,0.0,0.06732141682075587,0.08078570018490705,0.0,0.0,0.08078570018490705,1.4249034572976014,-0.1367763025435295
2020-09-10,12.273597717285156,12.311750411987305,13.065250396728516,12.166999816894531,12.989250183105469,698684000,NVDA,35082000000.0,,0.78,,,,,,,,,,15.0,0.5,10.0,55.0396214582977,3.9460738499959307,29.709999084472656,-0.017363647394312287,-0.022582837661799582,-0.031714489639114385,1.4377831404553003,40.0,488.2325454206781,95.0,100.0,100.0,False,69.26994975606159,71.34001737616273,69.6081627594665,73.07187199285897,0.7807764064044151,64.26994975606159,4.999999999999999,72.27033769393267,0.44114190914003737,0.25222955153301774,0.3066285393269449,-0.28350000381469725,-0.1306046034157612,18.443804249614445,False,False,81.53647984061593,81.57254488754184,0.42085889917110386,5.6250344614269,3.192701630657041,2.3760932748945893,0.17777668863318047,0.3132143606523624,-0.3581224415259925,0.02871545047665336,-0.03606504692591102,1.2,1.2,False,1.2,11.913000106811523,2020-09-08,12.71500015258789,,0.0,0,0.0,-0.031714489639114385,-0.03805738756693726,0.0,0.0,-0.03805738756693726,1.3706753541777579,-0.16962834135459487
2020-09-11,12.126806259155273,12.16450023651123,12.65250015258789,11.895750045776367,12.48550033569336,636928000,NVDA,35082000000.0,,0.78,,,,,,,,,,15.0,0.5,10.0,55.0396214582977,3.8988782809330864,26.8700008392334,0.0005090985135784987,-0.007643000374130571,-0.01196013325064682,1.4418147655599494,40.0,479.4616747906204,95.0,100.0,100.0,False,68.93713718381238,70.4019612953609,68.67010667866467,72.13381591205714,0.7807764064044153,63.93713718381239,4.999999999999999,72.27033769393267,0.44114190914003737,0.25222955153301774,0.3066285393269449,-0.28350000381469725,-0.1306046034157612,18.443804249614445,False,False,82.61412173861636,82.64702170406795,0.42085889917110386,3.787933511293966,3.192701630657041,2.3760932748945893,0.2639961860519558,0.3132143606523624,-0.33281257224921035,0.025309869276782138,-0.032899965451586015,1.2,1.2,False,1.2,11.913000106811523,2020-09-08,12.71500015258789,,0.0,0,0.0,-0.01196013325064682,-0.014352159900776184,0.0,0.0,-0.014352159900776184,1.3510032023225456,-0.18154596817654653
2020-09-14,12.83236026763916,12.872249603271484,13.3149995803833,12.631250381469727,13.081000328063965,1201744000,NVDA,35082000000.0,,0.78,,,,,,,,,,15.0,0.5,10.0,55.0396214582977,4.125721026689578,25.850000381469727,0.013171268420765214,0.020980902671659196,0.05818154079490867,1.4719461007400578,40.0,478.17379773432526,95.0,100.0,100.0,False,68.62677061634007,69.70894779583665,67.97709317914041,71.44080241253289,0.7807764064044151,63.62677061634007,4.999999999999999,72.27033769393267,0.44114190914003737,0.25222955153301774,0.3066285393269449,-0.28350000381469725,-0.1306046034157612,18.443804249614445,False,False,81.27312378296985,81.27312378296985,0.42085889917110386,3.787933511293966,3.192701630657041,2.3760932748945893,0.2639961860519558,0.3132143606523624,-0.3103665674723146,0.022446004776895734,0.0,1.2,1.2,False,1.2,11.913000106811523,2020-09-08,12.872249603271484,,0.0,0,0.0,0.05818154079490867,0.0698178489538904,0.0,0.0,0.0698178489538904,1.4453273398385231,-0.12440326820699414
2020-09-15,12.95074462890625,12.991000175476074,13.298749923706055,12.827750205993652,13.279999732971191,727556000,NVDA,35082000000.0,,0.78,,,,,,,,,,15.0,0.5,10.0,55.0396214582977,4.163782107524383,25.59000015258789,0.0050523607393142544,0.009884673298786506,0.009225316154094054,1.4746697849412298,40.0,474.074302959333,95.0,88.6069755482911,88.6069755482911,False,54.55947493570546,63.79477230650943,62.06291768981318,65.52662692320567,0.7807764064044153,49.55947493570546,4.999999999999999,68.776911247789,0.44114190914003737,0.25222955153301774,0.3066285393269449,-0.28350000381469725,-0.1306046034157612,18.443804249614445,False,False,76.11575368578137,76.23725185621547,0.42085889917110386,3.787933511293966,3.192701630657041,2.3760932748945893,0.2639961860519558,0.3132143606523624,-14.067295680634608,-1.518727130426143,-0.12149817043409143,1.2,1.2,False,1.2,11.913000106811523,2020-09-08,12.991000175476074,,0.0,0,0.0,0.009225316154094054,0.011070379384912865,0.0,0.0,0.011070379384912865,1.4613276618259226,-0.11471008019785572
2020-09-16,12.475719451904297,12.51449966430664,13.09274959564209,12.513750076293945,12.957249641418457,556384000,NVDA,35082000000.0,,0.78,,,,,,,,,,15.0,0.5,10.0,55.0396214582977,4.011057584713667,26.040000915527344,-0.003968621719216969,-0.015454649548315214,-0.036679278326002485,1.489510378278684,40.0,462.6723270307916,95.0,94.05745426233555,94.05745426233555,False,61.51535217379674,62.90491357655679,61.17305895986054,64.63676819325303,0.7807764064044151,56.51535217379674,4.999999999999999,70.44818357450906,0.44114190914003737,0.25222955153301774,0.3066285393269449,-0.28350000381469725,-0.1306046034157612,18.443804249614445,False,False,77.57240568117446,77.45090751074036,0.42085889917110386,3.787933511293966,3.192701630657041,2.3760932748945893,0.2639961860519558,0.3132143606523624,6.955877238091283,1.518727130426143,0.12149817043409143,1.2,1.2,False,1.2,11.913000106811523,2020-09-08,12.991000175476074,,0.0,0,0.0,-0.036679278326002485,-0.04401513399120298,0.0,0.0,-0.04401513399120298,1.3970071289856032,-0.15367623463900845
2020-09-17,12.424880981445312,12.463500022888184,12.589750289916992,12.034749984741211,12.13224983215332,792512000,NVDA,35082000000.0,,0.78,,,,,,,,,,15.0,0.5,10.0,55.0396214582977,3.9947115457974944,26.459999084472656,-0.008795262741012055,-0.008284616407183809,-0.004075244139717049,1.4931387684992818,40.0,456.92615699684325,95.0,98.65087582452983,98.65087582452983,False,67.03251726832072,64.51628136531531,62.78442674861906,66.24813598201155,0.7807764064044153,62.03251726832072,4.999999999999999,71.85665771863759,0.44114190914003737,0.25222955153301774,0.3066285393269449,-0.28350000381469725,-0.1306046034157612,18.443804249614445,False,False,78.14268626524826,78.14038902921013,0.42085889917110386,3.787933511293966,3.192701630657041,2.3760932748945893,0.2639961860519558,0.3132143606523624,5.517165094523975,-1.438712143567308,0.002297236038132269,1.2,1.2,False,1.2,11.913000106811523,2020-09-08,12.991000175476074,,0.0,0,0.0,-0.004075244139717049,-0.004890292967660459,0.0,0.0,-0.004890292967660459,1.3901753548469535,-0.15781500579711713
2020-09-18,12.151476860046387,12.189249992370605,12.632499694824219,11.988750457763672,12.59375,698460000,NVDA,35082000000.0,,0.78,,,,,,,,,,15.0,0.5,10.0,55.0396214582977,3.9068108949905787,25.829999923706055,-0.015453794955930578,-0.017235306572577103,-0.02200425482520485,1.503860645169493,40.0,457.82458109237916,95.0,100.0,100.0,False,68.39176106885122,66.02922292332532,64.29736830662908,67.76107754002156,0.7807764064044151,63.39176106885123,4.999999999999999,72.27033769393267,0.44114190914003737,0.25222955153301774,0.3066285393269449,-0.28350000381469725,-0.1306046034157612,18.443804249614445,False,False,77.67420728226617,77.67218249272402,0.42085889917110386,3.787933511293966,3.192701630657041,2.3760932748945893,0.2639961860519558,0.3132143606523624,1.359243800530507,-1.518727130426143,0.002024789542142571,1.2,1.2,False,1.2,11.913000106811523,2020-09-08,12.991000175476074,,0.0,0,0.0,-0.02200425482520485,-0.02640510579024582,0.0,0.0,-0.02640510579024582,1.3534676275352273,-0.18005298966400174
2020-09-21,12.478459358215332,12.517250061035156,12.522500038146973,11.904500007629395,11.925000190734863,721044000,NVDA,35082000000.0,,0.78,,,,,,,,,,15.0,0.5,10.0,55.0396214582977,4.011939122126653,27.780000686645508,-0.011129571279935746,0.006084469328721864,0.02690896231268125,1.504173704669994,40.0,452.4208919162303,95.0,100.0,100.0,False,68.14157098785087,66.85385868877312,65.12200407207686,68.58571330546937,0.7807764064044153,63.14157098785087,4.999999999999999,72.27033769393267,0.44114190914003737,0.25222955153301774,0.3066285393269449,-0.28350000381469725,-0.1306046034157612,18.443804249614445,False,False,76.80500182919184,76.80320614880969,0.42085889917110386,3.787933511293966,3.192701630657041,2.3760932748945893,0.2639961860519558,0.3132143606523624,-0.2501900810003548,-1.518727130426143,0.0017956803821516586,1.2,1.2,False,1.2,11.913000106811523,2020-09-08,12.991000175476074,,0.0,0,0.0,0.02690896231268125,0.0322907547752175,0.0,0.0,0.0322907547752175,1.3971721187921629,-0.15357628182456926
2020-09-22,12.598587989807129,12.637749671936035,12.64799976348877,12.155500411987305,12.574999809265137,646452000,NVDA,35082000000.0,,0.78,,,,,,,,,,15.0,0.5,10.0,55.0396214582977,4.0505607922871905,26.860000610351562,0.010184379483847206,0.015830654043470505,0.009626684001143415,1.478794946847481,40.0,447.26728376694433,95.0,100.0,100.0,False,67.90499105487609,67.26420836450374,65.5323537478075,68.99606298119998,0.7807764064044151,62.9049910548761,4.999999999999999,72.27033769393267,0.44114190914003737,0.25222955153301774,0.3066285393269449,-0.28350000381469725,-0.1306046034157612,18.443804249614445,False,False,75.88728673782266,76.00878490825676,0.42085889917110386,3.787933511293966,3.192701630657041,2.3760932748945893,0.2639961860519558,0.3132143606523624,-0.2365799329747773,0.013610148025577473,-0.12149817043409143,1.2,1.2,False,1.2,11.913000106811523,2020-09-08,12.991000175476074,,0.0,0,0.0,0.009626684001143415,0.011552020801372099,0.0,0.0,0.011552020801372099,1.4133122801715472,-0.14379837742543186
2020-09-23,12.08617877960205,12.123749732971191,12.72700023651123,12.07925033569336,12.575499534606934,647012000,NVDA,35082000000.0,,0.78,,,,,,,,,,15.0,0.5,10.0,55.0396214582977,3.885817222106151,28.579999923706055,-0.023190958000678163,-0.031167899847198366,-0.04067179302548263,1.4813421015088875,40.0,441.59093497381605,95.0,100.0,100.0,False,67.68082495551934,67.42685056689456,65.69499595019832,69.1587051835908,0.7807764064044153,62.68082495551935,4.999999999999999,72.27033769393267,0.44114190914003737,0.25222955153301774,0.3066285393269449,-0.28350000381469725,-0.1306046034157612,18.443804249614445,False,False,75.40090348456093,75.27940531412683,0.42085889917110386,3.787933511293966,3.192701630657041,2.3760932748945893,0.2639961860519558,0.3132143606523624,-0.2241660993567507,0.012413833618026615,0.12149817043409143,1.2,1.2,False,1.2,11.913000106811523,2020-09-08,12.991000175476074,,0.0,0,0.0,-0.04067179302548263,-0.04880615163057915,0.0,0.0,-0.04880615163057915,1.344333946724135,-0.18558628364315413
2020-09-24,12.309734344482422,12.347999572753906,12.569499969482422,12.013999938964844,12.072250366210938,731240000,NVDA,35082000000.0,,0.78,,,,,,,,,,15.0,0.5,10.0,55.0396214582977,3.957692170754457,28.510000228881836,0.002665464023424269,0.005602702843573004,0.01849673943473573,1.4804341660172065,40.0,434.5899155750162,95.0,100.0,100.0,False,67.46801902251053,67.44292224631108,65.71106762961485,69.17477686300732,0.7807764064044151,62.46801902251054,4.999999999999999,72.27033769393267,0.44114190914003737,0.25222955153301774,0.3066285393269449,-0.28350000381469725,-0.1306046034157612,18.443804249614445,False,False,74.49192323962264,74.60702021110802,0.42085889917110386,3.787933511293966,3.192701630657041,2.3760932748945893,0.2639961860519558,0.3132143606523624,-0.21280593300880923,0.011360166347941458,-0.11509697148538464,1.2,1.2,False,1.2,11.913000106811523,2020-09-08,12.991000175476074,,0.0,0,0.0,0.01849673943473573,0.022196087321682878,0.0,0.0,0.022196087321682878,1.3741729003951266,-0.1675094856789213
2020-09-25,12.833856582641602,12.873749732971191,12.883500099182129,12.245750427246094,12.447500228881836,588016000,NVDA,35082000000.0,,0.78,,,,,,,,,,15.0,0.5,10.0,55.0396214582977,4.1262018374907665,26.3799991607666,0.016166958226671246,0.023903699598208927,0.04257775983223744,1.4856661500139665,40.0,433.89553780885234,95.0,100.0,100.0,False,67.26564104778471,67.37371375775685,65.64185914106059,69.1055683744531,0.7807764064044153,62.26564104778472,4.999999999999999,72.27033769393267,0.44114190914003737,0.25222955153301774,0.3066285393269449,-0.28350000381469725,-0.1306046034157612,18.443804249614445,False,False,73.86332130440988,73.98481947484397,0.42085889917110386,3.787933511293966,3.192701630657041,2.3760932748945893,0.2639961860519558,0.3132143606523624,-0.2023779747258203,0.010427958282988925,-0.12149817043409143,1.2,1.2,False,1.2,11.913000106811523,2020-09-08,12.991000175476074,,0.0,0,0.0,0.04257775983223744,0.051093311798684926,0.0,0.0,0.051093311798684926,1.444383944860318,-0.12497478826126687
2020-09-28,12.994606018066406,13.03499984741211,13.051750183105469,12.75,13.040249824523926,573808000,NVDA,35082000000.0,,0.78,,,,,,,,,,15.0,0.5,10.0,55.0396214582977,4.17788456647824,26.190000534057617,0.016609348926481804,0.019132879221209764,0.012525497060731139,1.468016431991254,40.0,433.2878747684264,95.0,100.0,100.0,False,67.07286282202159,67.25626510152345,65.52441048482721,68.98811971821969,0.7807764064044151,62.07286282202159,4.999999999999999,72.27033769393267,0.44114190914003737,0.25222955153301774,0.3066285393269449,-0.28350000381469725,-0.1306046034157612,18.443804249614445,False,False,73.28552487078652,73.40702304122061,0.42085889917110386,3.787933511293966,3.192701630657041,2.3760932748945893,0.2639961860519558,0.3132143606523624,-0.19277822576312076,0.00959974896269955,-0.12149817043409143,1.2,1.2,False,1.2,11.913000106811523,2020-09-08,13.03499984741211,,0.0,0,0.0,0.012525497060731139,0.015030596472877366,0.0,0.0,0.015030596472877366,1.4660938970874162,-0.11182263740002786
2020-09-29,13.184769630432129,13.225749969482422,13.442749977111816,12.933250427246094,12.9375,621460000,NVDA,35082000000.0,,0.78,,,,,,,,,,15.0,0.5,10.0,55.0396214582977,4.23902242611616,26.270000457763672,-0.005446025646855923,-0.003358589221699959,0.014633688093842467,1.467991763344045,40.0,432.9932796289047,95.0,100.0,100.0,False,66.88894565035652,67.11286792098117,65.38101330428492,68.84472253767743,0.7807764064044153,61.888945650356526,4.999999999999999,72.27033769393267,0.44114190914003737,0.25222955153301774,0.3066285393269449,-0.28350000381469725,-0.1306046034157612,18.443804249614445,False,False,72.86979359363089,72.86870478178884,0.42085889917110386,3.787933511293966,3.192701630657041,2.3760932748945893,0.2639961860519558,0.3132143606523624,-0.1839171716650725,0.008861054098048271,0.0010888118420461978,1.2,1.2,False,1.2,11.913000106811523,2020-09-08,13.225749969482422,,0.0,0,0.0,0.014633688093842467,0.01756042571261096,0.0,0.0,0.01756042571261096,1.491839130054932,-0.09622586480446833
2020-09-30,13.488572120666504,13.530500411987305,13.6225004196167,13.150250434875488,13.157500267028809,689184000,NVDA,35082000000.0,,0.78,,,,,,,,,,15.0,0.5,10.0,55.0396214582977,4.336698849995931,26.3700008392334,0.007581970599847665,0.008381522191068802,0.023042205032461238,1.4814267692411944,40.0,433.02612781838155,95.0,100.0,100.0,False,66.71322826243714,66.95685331275382,65.22499869605758,68.68870792945006,0.7807764064044151,61.71322826243715,4.999999999999999,72.27033769393267,0.44114190914003737,0.25222955153301774,0.3066285393269449,-0.28350000381469725,-0.1306046034157612,18.443804249614445,False,False,72.3666396322287,72.36564652553926,0.42085889917110386,3.787933511293966,3.192701630657041,2.3760932748945893,0.2639961860519558,0.3132143606523624,-0.1757173879193772,0.0081997837456953,0.0009931066894421291,1.0,1.2,True,1.0,11.913000106811523,2020-09-08,13.530500411987305,,0.0,0,0.0,0.023042205032461238,0.027650646038953484,0.19999999999999996,9.999999999999998e-05,0.027550646038953484,1.5329402618741357,-0.07132630350653503
2020-10-01,13.572311401367188,13.614500045776367,13.762749671936035,13.460749626159668,13.758000373840332,525004000,NVDA,35082000000.0,,0.78,,,,,,,,,,15.0,0.5,10.0,55.0396214582977,4.363621809543707,26.700000762939453,0.006420000007290261,0.010539874799475157,0.006208169042635214,1.468743091139577,40.0,428.56015061594974,95.0,100.0,100.0,False,66.54511666243106,66.79611618164182,65.06426156494558,68.52797079833806,0.7807764064044153,61.545116662431056,4.999999999999999,72.27033769393267,0.44114190914003737,0.25222955153301774,0.3066285393269449,-0.28350000381469725,-0.1306046034157612,18.443804249614445,False,False,71.89512728614491,71.89421847283708,0.42085889917110386,3.787933511293966,3.192701630657041,2.3760932748945893,0.2639961860519558,0.3132143606523624,-0.16811160000608538,0.007605787913291806,0.0009088133078353167,1.0,1.0,False,1.0,11.913000106811523,2020-09-08,13.614500045776367,,0.0,0,0.0,0.006208169042635214,0.006208169042635214,0.0,0.0,0.006208169042635214,1.542457014152112,-0.06556094021325463
2020-10-02,13.021773338317871,13.062250137329102,13.519499778747559,13.050999641418457,13.225000381469727,552496000,NVDA,35082000000.0,,0.78,,,,,,,,,,15.0,0.5,10.0,55.0396214582977,4.186618633759327,27.6299991607666,-0.009494458004693396,-0.025354005393302015,-0.040563363075428516,1.4748984895808295,40.0,433.15705207003845,95.0,100.0,100.0,False,66.38407556128544,66.63526038421458,64.90340576751834,68.36711500091081,0.7807764064044151,61.38407556128544,4.999999999999999,72.27033769393267,0.44114190914003737,0.25222955153301774,0.3066285393269449,-0.28350000381469725,-0.1306046034157612,18.443804249614445,False,False,71.45211588250015,71.45128164583751,0.42085889917110386,3.787933511293966,3.192701630657041,2.3760932748945893,0.2639961860519558,0.3132143606523624,-0.16104110114561365,0.00707049886047173,0.0008342366626391141,1.0,1.0,False,1.0,11.913000106811523,2020-09-08,13.614500045776367,,0.0,0,0.0,-0.040563363075428516,-0.040563363075428516,0.0,0.0,-0.040563363075428516,1.4798897702588183,-0.1034649310672465
2020-10-05,13.600224494934082,13.642499923706055,13.64424991607666,13.222749710083008,13.236000061035156,479820000,NVDA,35082000000.0,,0.78,,,,,,,,,,15.0,0.5,10.0,55.0396214582977,4.372596129392966,27.959999084472656,0.017733086187020408,0.021924452666955974,0.044421885990280074,1.485064922942308,40.0,421.7195335814031,95.0,100.0,100.0,False,66.2296211075667,66.47690359585577,64.74504897915952,68.20875821255203,0.7807764064044153,61.22962110756671,4.999999999999999,72.27033769393267,0.44114190914003737,0.25222955153301774,0.3066285393269449,-0.28350000381469725,-0.1306046034157612,18.443804249614445,False,False,71.03487631130116,71.03410833138415,0.42085889917110386,3.787933511293966,3.192701630657041,2.3760932748945893,0.2639961860519558,0.3132143606523624,-0.154454453718742,0.00658664742687165,0.000767979917015964,1.0,1.0,False,1.0,11.913000106811523,2020-09-08,13.642499923706055,,0.0,0,0.0,0.044421885990280074,0.044421885990280074,0.0,0.0,0.044421885990280074,1.5456292649114374,-0.06363915244882778
2020-10-06,13.693931579589844,13.736499786376953,14.142000198364258,13.664999961853027,13.829999923706055,784420000,NVDA,35082000000.0,,0.78,,,,,,,,,,15.0,0.5,10.0,55.0396214582977,4.402724290505433,29.479999542236328,-0.014215967009112207,-0.015494633994636353,0.0068902227008671435,1.4445054578904493,40.0,415.06294265662063,94.57356260916292,100.0,100.0,False,65.60411940487454,66.13617894375531,64.40432432705907,67.86803356045155,0.7807764064044151,60.60411940487454,4.999999999999999,72.16277758208493,0.44114190914003737,0.25222955153301774,0.3066285393269449,-0.28350000381469725,-0.1306046034157612,18.443804249614445,False,False,70.47643750400329,70.47572861967544,0.42085889917110386,3.787933511293966,3.192701630657041,2.3760932748945893,0.2639961860519558,0.3132143606523624,-0.6255017026921621,-0.4710472489734201,0.0007088843278438617,1.0,1.0,False,1.0,11.913000106811523,2020-09-08,13.736499786376953,,0.0,0,0.0,0.0068902227008671435,0.0068902227008671435,0.0,0.0,0.0068902227008671435,1.5562789947596547,-0.05718741768082754
2020-10-07,13.920727729797363,13.96399974822998,14.119250297546387,13.863499641418457,13.999750137329102,418084000,NVDA,35082000000.0,,0.78,,,,,,,,,,15.0,0.5,10.0,55.0396214582977,4.475640944945506,28.059999465942383,0.017406673685050666,0.01833278067944888,0.016561712619007185,1.426248986376834,40.0,417.3304498280728,93.41600078258693,100.0,100.0,False,64.14142573182035,65.3574508215162,63.62559620481995,67.08930543821245,0.7807764064044153,59.141425731820355,4.999999999999999,71.87080628169592,0.44114190914003737,0.25222955153301774,0.3066285393269449,-0.28350000381469725,-0.1306046034157612,18.443804249614445,False,False,69.65038186686257,69.64972588416292,0.42085889917110386,3.787933511293966,3.192701630657041,2.3760932748945893,0.2639961860519558,0.3132143606523624,-1.46269367305419,-0.8371919703620279,0.000655982699655624,1.0,1.0,False,1.0,11.913000106811523,2020-09-08,13.96399974822998,,0.0,0,0.0,0.016561712619007185,0.016561712619007185,0.0,0.0,0.016561712619007185,1.5820536402258616,-0.04157282663887329
2020-10-08,13.795865058898926,13.838749885559082,14.084500312805176,13.758000373840332,14.074999809265137,378900000,NVDA,35082000000.0,,0.78,,,,,,,,,,15.0,0.5,10.0,55.0396214582977,4.435496758192014,26.360000610351562,0.008862510057295214,0.005180032262956935,-0.008969483309162474,1.4276389281197772,40.0,411.36570333972264,91.53348041562761,100.0,100.0,False,61.79786044872665,63.96782873174701,62.235974115050766,65.69968334844326,0.7807764064044151,56.79786044872665,4.999999999999999,71.39597901378599,0.44114190914003737,0.25222955153301774,0.3066285393269449,-0.28350000381469725,-0.1306046034157612,18.443804249614445,False,False,68.54297742097357,68.54236895794051,0.42085889917110386,3.787933511293966,3.192701630657041,2.3760932748945893,0.2639961860519558,0.3132143606523624,-2.343565283093696,-0.880871610039506,0.0006084630330633445,1.0,1.0,False,1.0,11.913000106811523,2020-09-08,13.96399974822998,,0.0,0,0.0,-0.008969483309162474,-0.008969483309162474,0.0,0.0,-0.008969483309162474,1.567863436505656,-0.05016942317338363
2020-10-09,13.720099449157715,13.762749671936035,13.824250221252441,13.660750389099121,13.767000198364258,346892000,NVDA,35082000000.0,,0.78,,,,,,,,,,15.0,0.5,10.0,55.0396214582977,4.411137715364114,25.0,0.00893015107080064,0.015291015600200408,-0.0054918409720197126,1.4106748775906977,40.0,406.36539109165375,89.03417390458229,100.0,100.0,False,58.64874916055011,61.89132281525789,60.15946819856164,63.62317743195413,0.7807764064044153,53.64874916055011,4.999999999999999,70.76558005336149,0.44114190914003737,0.25222955153301774,0.3066285393269449,-0.28350000381469725,-0.1306046034157612,18.443804249614445,False,False,67.17597382456385,67.17540818465501,0.42085889917110386,3.787933511293966,3.192701630657041,2.3760932748945893,0.2639961860519558,0.3132143606523624,-3.1491112881765417,-0.8055460050828458,0.0005656399088377384,1.0,1.0,False,1.0,11.913000106811523,2020-09-08,13.96399974822998,,0.0,0,0.0,-0.0054918409720197126,-0.0054918409720197126,0.0,0.0,-0.0054918409720197126,1.5592529798465227,-0.055385741651677166
2020-10-12,14.181915283203125,14.22599983215332,14.347000122070312,13.912500381469727,13.989500045776367,434744000,NVDA,35082000000.0,,0.78,,,,,,,,,,15.0,0.5,10.0,55.0396214582977,4.559615330818372,25.06999969482422,0.016087606959996226,0.02729238451462712,0.03365970981524935,1.401635824654371,40.0,402.9883808449345,86.20110849990157,100.0,100.0,False,55.03124696076686,59.213230128592286,57.48137551189604,60.94508474528853,0.7807764064044151,50.03124696076686,4.999999999999999,70.05099723687516,0.44114190914003737,0.25222955153301774,0.3066285393269449,-0.28350000381469725,-0.1306046034157612,18.443804249614445,False,False,65.65050349944426,65.6499765676501,0.42085889917110386,3.787933511293966,3.192701630657041,2.3760932748945893,0.2639961860519558,0.3132143606523624,-3.617502199783253,-0.4683909116067113,0.000526931794149732,1.0,1.0,False,1.0,11.913000106811523,2020-09-08,14.22599983215332,,0.0,0,0.0,0.03365970981524935,0.03365970981524935,0.0,0.0,0.03365970981524935,1.6117369826767194,-0.023590299828325688
2020-10-13,14.204097747802734,14.248250007629395,14.34850025177002,14.018750190734863,14.296500205993652,344604000,NVDA,35082000000.0,,0.78,,,,,,,,,,15.0,0.5,10.0,55.0396214582977,4.566746797317114,26.06999969482422,-0.006526084160733192,-0.006398841093355423,0.0015640500308304883,1.4078730628839344,40.0,397.84196703121944,82.54656575625188,100.0,100.0,False,50.37179507645943,55.76163818486113,54.02978356816488,57.49349280155737,0.7807764064044153,45.37179507645943,4.999999999999999,69.12921355958616,0.44114190914003737,0.25222955153301774,0.3066285393269449,-0.28350000381469725,-0.1306046034157612,18.443804249614445,False,False,63.67734137231238,63.71502515223025,0.42085889917110386,3.787933511293966,3.192701630657041,2.3760932748945893,0.2639961860519558,0.3132143606523624,-4.65945188430743,-1.0419496845241767,-0.03768377991787361,1.0,1.0,False,1.0,11.913000106811523,2020-09-08,14.248250007629395,,0.0,0,0.0,0.0015640500308304883,0.0015640500308304883,0.0,0.0,0.0015640500308304883,1.6142578199541655,-0.022063146206669017
2020-10-14,14.051570892333984,14.095250129699707,14.34274959564209,13.960000038146973,14.290499687194824,276100000,NVDA,35082000000.0,,0.78,,,,,,,,,,15.0,0.5,10.0,55.0396214582977,4.517708374903752,26.399999618530273,-0.006283415235342593,-0.005298781573174094,-0.010738152253628508,1.4064155563232281,40.0,391.31790386244387,77.64831941715833,100.0,100.0,False,42.2192563996132,50.474852092639885,48.74299747594364,52.20670670933613,0.7807764064044151,37.2192563996132,4.999999999999999,67.89373108217835,0.44114190914003737,0.25222955153301774,0.3066285393269449,-0.28350000381469725,-0.1306046034157612,18.443804249614445,False,False,58.45190023441872,58.518875592047685,0.42085889917110386,4.913215390573057,3.192701630657041,2.3760932748945893,0.20353270119577727,0.3132143606523624,-8.152538676846227,-1.518727130426143,-0.06697535762896223,1.0,1.0,False,1.0,11.913000106811523,2020-09-08,14.248250007629395,,0.0,0,0.0,-0.010738152253628508,-0.010738152253628508,0.0,0.0,-0.010738152253628508,1.5969236737068873,-0.03256438103713624
2020-10-15,13.926711082458496,13.970000267028809,14.005749702453613,13.767749786376953,13.810750007629395,267224000,NVDA,35082000000.0,,0.78,,,,,,,,,,15.0,0.5,10.0,55.0396214582977,4.477564188150259,26.969999313354492,-0.0012358597557926565,-0.004507420402347084,-0.008885962399985181,1.4092686784622888,40.0,389.74564492678365,73.18897509705113,100.0,100.0,False,34.95088806837608,44.41447967063183,42.68262505393558,46.146334287328074,0.7807764064044153,29.95088806837608,4.999999999999999,66.7689526641864,0.44114190914003737,0.25222955153301774,0.3066285393269449,-0.28350000381469725,-0.1306046034157612,18.443804249614445,False,False,54.40607337925834,54.4765431080615,0.42085889917110386,6.494660218337561,3.192701630657041,2.3760932748945893,0.15397264312250197,0.3132143606523624,-7.26836833123712,0.8841703456091068,-0.07046972880316048,1.0,1.0,False,1.0,11.913000106811523,2020-09-08,14.248250007629395,,0.0,0,0.0,-0.008885962399985181,-0.008885962399985181,0.0,0.0,-0.008885962399985181,1.5827334699866817,-0.041160977571646586
2020-10-16,13.768699645996094,13.81149959564209,14.121500015258789,13.792499542236328,14.036749839782715,242392000,NVDA,35082000000.0,,0.78,,,,,,,,,,15.0,0.5,10.0,55.0396214582977,4.426762690910926,27.40999984741211,-0.0006042919570593552,-0.0028813572948366284,-0.01134578871560965,1.419072019858924,40.0,392.3467693112944,70.36468084630427,100.0,100.0,False,29.797882558398197,38.70833258705636,36.976477970360115,40.44018720375261,0.7807764064044151,24.797882558398197,4.999999999999999,66.05658219192324,0.44114190914003737,0.25222955153301774,0.3066285393269449,-0.28350000381469725,-0.1306046034157612,18.443804249614445,False,False,52.01904775500421,52.083491435410835,0.42085889917110386,7.950377683932371,3.192701630657041,2.3760932748945893,0.12578018803068808,0.3132143606523624,-5.153005509977884,1.518727130426143,-0.06444368040662767,1.0,1.0,False,1.0,11.913000106811523,2020-09-08,14.248250007629395,,0.0,0,0.0,-0.01134578871560965,-0.01134578871560965,0.0,0.0,-0.01134578871560965,1.564776110443089,-0.05203976253240043
2020-10-19,13.455921173095703,13.497750282287598,13.983499526977539,13.406749725341797,13.902999877929688,298068000,NVDA,35082000000.0,,0.78,,,,,,,,,,15.0,0.5,10.0,55.0396214582977,4.326202013553717,29.18000030517578,-0.015203428401004304,-0.018328939649613463,-0.02271652771531696,1.4347694750595188,40.0,406.5046939109484,71.97644438683695,100.0,100.0,False,28.64607405652623,34.78014555916662,33.04829094247037,36.512000175862866,0.7807764064044153,23.64607405652623,4.999999999999999,66.46311658692906,0.44114190914003737,0.25222955153301774,0.3066285393269449,-0.28350000381469725,-0.1306046034157612,18.443804249614445,False,False,51.41502077004549,51.45249204297402,0.42085889917110386,8.832893094058473,3.192701630657041,2.3760932748945893,0.1132131895349961,0.3132143606523624,-1.1518085018719653,1.518727130426143,-0.03747127292853691,1.0,1.0,False,1.0,11.913000106811523,2020-09-08,14.248250007629395,,0.0,0,0.0,-0.02271652771531696,-0.02271652771531696,0.0,0.0,-0.02271652771531696,1.5292298305619427,-0.07357412753985162
2020-10-20,13.603216171264648,13.645500183105469,13.799750328063965,13.506999969482422,13.583499908447266,229212000,NVDA,35082000000.0,,0.78,,,,,,,,,,15.0,0.5,10.0,55.0396214582977,4.373557750995342,29.350000381469727,0.004005716435394158,0.0034482424512467524,0.010946261245605937,1.4369047761789295,40.0,396.2045067730636,69.28505604985473,100.0,100.0,False,21.97287486049916,29.780338163189548,28.0484835464933,31.512192779885794,0.7807764064044151,16.97287486049916,4.999999999999999,65.78426891369084,0.44114190914003737,0.25222955153301774,0.3066285393269449,-0.28350000381469725,-0.1306046034157612,18.443804249614445,False,False,49.53339018420437,49.61674615896631,0.42085889917110386,9.74203842015846,3.192701630657041,2.3760932748945893,0.10264792201299226,0.3132143606523624,-6.6731991960270705,-1.518727130426143,-0.08335597476193414,1.0,1.0,False,1.0,11.913000106811523,2020-09-08,14.248250007629395,,0.0,0,0.0,0.010946261245605937,0.010946261245605937,0.0,0.0,0.010946261245605937,1.5459691797918476,-0.06343322791521437
2020-10-21,13.482839584350586,13.524749755859375,13.791500091552734,13.477499961853027,13.625,219596000,NVDA,35082000000.0,,0.78,,,,,,,,,,15.0,0.5,10.0,55.0396214582977,4.334855690980569,28.649999618530273,-0.0018929287880528056,-0.0015086774692739668,-0.008849102314006374,1.434782327657824,40.0,394.2509893987409,66.05499773596345,100.0,100.0,False,19.21632254515388,25.656271087464546,23.9244164707683,27.388125704160792,0.7807764064044153,14.21632254515388,4.999999999999999,64.96955275375255,0.44114190914003737,0.25222955153301774,0.3066285393269449,-0.28350000381469725,-0.1306046034157612,18.443804249614445,False,False,47.70772232868992,47.82922049912401,0.42085889917110386,10.708551538237284,3.192701630657041,2.3760932748945893,0.09338331112562477,0.3132143606523624,-2.7565523153452816,1.518727130426143,-0.12149817043409143,1.0,1.0,False,1.0,11.913000106811523,2020-09-08,14.248250007629395,,0.0,0,0.0,-0.008849102314006374,-0.008849102314006374,0.0,0.0,-0.008849102314006374,1.532288740345569,-0.07172100310529135
2020-10-22,13.319596290588379,13.361000061035156,13.611749649047852,13.231749534606934,13.522500038146973,290480000,NVDA,35082000000.0,,0.78,,,,,,,,,,15.0,0.5,10.0,55.0396214582977,4.282371814434345,28.110000610351562,0.005485292518808249,-0.004700726697764446,-0.012107410324045165,1.4363275883015405,40.0,390.98718484572686,61.93013608464332,100.0,100.0,False,18.15021950488437,22.725997096997983,20.994142480301736,24.45785171369423,0.7807764064044151,13.150219504884369,4.999999999999999,63.92914074930433,0.44114190914003737,0.25222955153301774,0.3066285393269449,-0.28350000381469725,-0.1306046034157612,18.443804249614445,False,False,46.0526801518181,45.98194652416937,0.42085889917110386,11.791441564686824,3.192701630657041,2.3760932748945893,0.08480727267434493,0.3132143606523624,-1.0661030402695104,1.518727130426143,0.07073362764872855,1.0,1.0,False,1.0,11.913000106811523,2020-09-08,14.248250007629395,,0.0,0,0.0,-0.012107410324045165,-0.012107410324045165,0.0,0.0,-0.012107410324045165,1.513736691831291,-0.08296005781588861
2020-10-23,13.548135757446289,13.590250015258789,13.593250274658203,13.291250228881836,13.449999809265137,233484000,NVDA,35082000000.0,,0.78,,,,,,,,,,15.0,0.5,10.0,55.0396214582977,4.355849363864996,27.549999237060547,0.003395181444149742,-0.0010963755903901085,0.017158143340796572,1.4326893478589988,40.0,385.9312763459771,56.472761253191116,100.0,100.0,False,17.601837061837607,20.725585467951163,18.993730851254917,22.45744008464741,0.7807764064044153,12.601837061837607,4.999999999999999,62.55262954301956,0.44114190914003737,0.25222955153301774,0.3066285393269449,-0.28350000381469725,-0.1306046034157612,18.443804249614445,False,False,44.10999490196813,43.988496731534035,0.42085889917110386,13.085530329522218,3.192701630657041,2.3760932748945893,0.07642028827398027,0.3132143606523624,-0.5483824430467621,0.5177205972227483,0.12149817043409143,1.0,1.0,False,1.0,11.913000106811523,2020-09-08,14.248250007629395,,0.0,0,0.0,0.017158143340796572,0.017158143340796572,0.0,0.0,0.017158143340796572,1.5397096029699553,-0.06722535503865788
2020-10-26,13.1005277633667,13.141249656677246,13.692749977111816,13.03849983215332,13.427000045776367,336896000,NVDA,35082000000.0,,0.78,,,,,,,,,,15.0,0.5,10.0,55.0396214582977,4.211938992524758,32.459999084472656,-0.018479912526513598,-0.021698747398250284,-0.033038417842013,1.48940390095281,40.0,393.38875574082414,54.80459578470977,100.0,100.0,False,18.02470789567532,19.671194725441257,17.93934010874501,21.403049342137503,0.7807764064044151,13.02470789567532,4.999999999999999,62.13186891502164,0.44114190914003737,0.25222955153301774,0.3066285393269449,-0.28350000381469725,-0.1306046034157612,18.443804249614445,False,False,42.98343281755912,42.861934647125025,0.42085889917110386,14.142843641429799,3.192701630657041,2.3760932748945893,0.07070713820738408,0.3132143606523624,0.4228708338377132,0.9712532768844753,0.12149817043409143,1.0,1.0,False,1.0,11.913000106811523,2020-09-08,14.248250007629395,,0.0,0,0.0,-0.033038417842013,-0.033038417842013,0.0,0.0,-0.033038417842013,1.488840033751674,-0.09804275351132596
2020-10-27,13.35523509979248,13.396750450134277,13.442000389099121,13.191499710083008,13.305999755859375,250520000,NVDA,35082000000.0,,0.78,,,,,,,,,,15.0,0.5,10.0,55.0396214582977,4.293830272478935,33.349998474121094,-0.0034474008581141247,0.005005559574626561,0.019442655769591033,1.4946592772267397,40.0,393.1646858830082,52.77877223084962,100.0,100.0,False,18.46357381502491,19.199753768074405,17.46789915137816,20.93160838477065,0.7807764064044153,13.463573815024908,4.999999999999999,61.620896348546474,0.44114190914003737,0.25222955153301774,0.3066285393269449,-0.28350000381469725,-0.1306046034157612,18.443804249614445,False,False,41.519767370039546,41.64126554047364,0.42085889917110386,15.020134108959196,3.192701630657041,2.3760932748945893,0.0665773016902373,0.3132143606523624,0.4388659193495883,0.015995085511875118,-0.12149817043409143,1.0,1.0,False,1.0,11.913000106811523,2020-09-08,14.248250007629395,,0.0,0,0.0,0.019442655769591033,0.019442655769591033,0.0,0.0,0.019442655769591033,1.5177870380238943,-0.08050630924895845
2020-10-28,12.587870597839355,12.626999855041504,13.260000228881836,12.609000205993652,13.197999954223633,376520000,NVDA,35082000000.0,,0.78,,,,,,,,,,15.0,0.5,10.0,55.0396214582977,4.047115338154328,40.279998779296875,-0.03417892944495127,-0.042421596749438906,-0.057458008041424535,1.485692397210768,40.0,435.44765364248525,63.93711282718624,100.0,100.0,False,24.258804880522987,21.174747641771337,19.44289302507509,22.906602258467583,0.7807764064044151,19.258804880522987,4.999999999999999,64.43535959301312,0.44114190914003737,0.25222955153301774,0.3066285393269449,-0.28350000381469725,-0.1306046034157612,18.443804249614445,False,False,42.995443132413214,42.87394496197912,0.42085889917110386,14.838938668087792,3.192701630657041,2.3760932748945893,0.06739026438262544,0.3132143606523624,5.795231065498079,1.518727130426143,0.12149817043409143,1.0,1.0,False,1.0,11.913000106811523,2020-09-08,14.248250007629395,,0.0,0,0.0,-0.057458008041424535,-0.057458008041424535,0.0,0.0,-0.057458008041424535,1.4305780181879475,-0.13333858512617086
2020-10-29,12.983642578125,13.02400016784668,13.192749977111816,12.75,12.838500022888184,320080000,NVDA,35082000000.0,,0.78,,,,,,,,,,15.0,0.5,10.0,55.0396214582977,4.174359028155987,37.59000015258789,0.010163495031527914,0.016680123529001722,0.031440589004732455,1.4897379075718906,40.0,436.7328275650118,71.18052854686168,100.0,100.0,False,31.50913213387628,25.209169434844945,23.4773148181487,26.94102405154119,0.7807764064044153,26.50913213387628,4.999999999999999,66.26236309155408,0.44114190914003737,0.25222955153301774,0.3066285393269449,-0.28350000381469725,-0.1306046034157612,18.443804249614445,False,False,43.56555533491322,43.444057164479126,0.42085889917110386,14.26619948297003,3.192701630657041,2.3760932748945893,0.0700957533359693,0.3132143606523624,7.250327253353294,1.455096187855215,0.12149817043409143,1.0,1.0,False,1.0,11.913000106811523,2020-09-08,14.248250007629395,,0.0,0,0.0,0.031440589004732455,0.031440589004732455,0.0,0.0,0.031440589004732455,1.4755562336969994,-0.1060902397748629
2020-10-30,12.495161056518555,12.534000396728516,12.93649959564209,12.300000190734863,12.850000381469727,416820000,NVDA,35082000000.0,,0.78,,,,,,,,,,15.0,0.5,10.0,55.0396214582977,4.017307819464268,38.02000045776367,-0.010424881286366094,-0.02213991422264605,-0.03762283206413519,1.5124520343190224,40.0,449.00737829428783,77.66644903936981,100.0,100.0,False,40.55557033273249,31.20022330699201,29.468368690295765,32.932077923688254,0.7807764064044151,35.55557033273249,4.999999999999999,67.8983039086582,0.44114190914003737,0.25222955153301774,0.3066285393269449,-0.28350000381469725,-0.1306046034157612,18.443804249614445,False,False,44.045965248090916,44.004547600313096,0.42085889917110386,13.549893824956744,3.192701630657041,2.3760932748945893,0.07380131629947974,0.3132143606523624,9.046438198856212,1.518727130426143,0.041417647777819866,1.0,1.0,False,1.0,11.913000106811523,2020-09-08,14.248250007629395,,0.0,0,0.0,-0.03762283206413519,-0.03762283206413519,0.0,0.0,-0.03762283206413519,1.4200416293154294,-0.13972165656430455
2020-11-02,12.541764259338379,12.580750465393066,12.836750030517578,12.395000457763672,12.657750129699707,299652000,NVDA,35082000000.0,,0.78,,,,,,,,,,15.0,0.5,10.0,55.0396214582977,4.032291815831111,37.130001068115234,0.011208438679286337,0.002525697075187683,0.0037298601551627453,1.5178164218198158,40.0,443.957019543943,80.82351976142733,100.0,100.0,False,45.95420471082614,36.9600035973136,35.228148980617355,38.69185821400985,0.7807764064044153,40.95420471082614,4.999999999999999,68.6946104410408,0.44114190914003737,0.25222955153301774,0.3066285393269449,-0.28350000381469725,-0.1306046034157612,18.443804249614445,False,False,43.94360700777302,43.86590674562226,0.42085889917110386,12.797371488455205,3.192701630657041,2.3760932748945893,0.07814104645646353,0.3132143606523624,5.3986343780936465,-1.518727130426143,0.07770026215075802,0.5,1.0,True,0.5,11.913000106811523,2020-09-08,14.248250007629395,,0.0,0,0.0,0.0037298601551627453,0.0037298601551627453,0.5,0.00025,0.003479860155162745,1.4249831755999565,-0.13672800823463332
2020-11-03,12.979155540466309,13.019499778747559,13.104999542236328,12.602749824523926,12.708499908447266,272900000,NVDA,35082000000.0,,0.78,,,,,,,,,,15.0,0.5,10.0,55.0396214582977,4.172916595752422,35.54999923706055,0.017655924762989716,0.017635406651398622,0.03487465350826224,1.5223746529217232,40.0,445.1426185754795,82.75911861811211,100.0,100.0,False,49.58592733513616,41.88901527909025,40.157160662394006,43.6208698957865,0.7807764064044151,44.58592733513616,4.999999999999999,69.18282567261022,0.44114190914003737,0.25222955153301774,0.3066285393269449,-0.28350000381469725,-0.1306046034157612,18.443804249614445,False,False,43.401072953413006,43.399793346572054,0.42085889917110386,12.06245462172442,3.192701630657041,2.3760932748945893,0.0829018662751282,0.3132143606523624,3.6317226243100222,-1.518727130426143,0.0012796068409500095,0.5,0.5,False,0.5,11.913000106811523,2020-09-08,14.248250007629395,,0.0,0,0.0,0.03487465350826224,0.01743732675413112,0.0,0.0,0.01743732675413112,1.449831072852032,-0.1216748524365312
2020-11-04,13.751504898071289,13.794249534606934,13.827500343322754,13.336999893188477,13.389249801635742,410228000,NVDA,35082000000.0,,0.78,,,,,,,,,,15.0,0.5,10.0,55.0396214582977,4.42123382519453,29.56999969482422,0.022349224155303826,0.038903639126800504,0.059506875765230394,1.5141899575692037,40.0,502.7961384672497,88.18681375161806,100.0,100.0,False,59.24994876676443,48.66651890925641,46.934664292560164,50.39837352595266,0.7807764064044153,54.24994876676443,4.999999999999999,70.55185078199237,0.44114190914003737,0.25222955153301774,0.3066285393269449,-0.28350000381469725,-0.1306046034157612,18.443804249614445,False,False,43.970864085923765,43.84936591548967,0.42085889917110386,11.662187164257793,3.192701630657041,2.3760932748945893,0.08574720898536035,0.3132143606523624,9.66402143162827,1.518727130426143,0.12149817043409143,0.5,0.5,False,0.5,11.913000106811523,2020-09-08,14.248250007629395,,0.0,0,0.0,0.059506875765230394,0.029753437882615197,0.0,0.0,0.029753437882615197,1.4929685316184202,-0.09554165971776275
2020-11-05,14.116122245788574,14.15999984741211,14.33899974822998,13.991000175476074,14.162500381469727,319028000,NVDA,35082000000.0,,0.78,,,,,,,,,,15.0,0.5,10.0,55.0396214582977,4.538461489555163,27.579999923706055,0.019502769758408034,0.031063842773437544,0.026514694539023997,1.4635460208104731,40.0,530.0509294219812,92.0224487834443,100.0,100.0,False,65.83947561996911,55.370638623220835,53.63878400652459,57.10249323991708,0.7807764064044151,60.839475619969114,4.999999999999999,71.51931128591423,0.44114190914003737,0.25222955153301774,0.3066285393269449,-0.28350000381469725,-0.1306046034157612,18.443804249614445,False,False,43.44611796598075,43.32971027095233,0.42085889917110386,11.702603946595701,3.192701630657041,2.3760932748945893,0.08545106751996857,0.3132143606523624,6.589526853204674,-1.518727130426143,0.1164076950284172,0.5,0.5,False,0.5,11.913000106811523,2020-09-08,14.248250007629395,,0.0,0,0.0,0.026514694539023997,0.013257347269511999,0.0,0.0,0.013257347269511999,1.5127613339045392,-0.08355094140983463
2020-11-06,14.516877174377441,14.562000274658203,14.588749885559082,13.895000457763672,14.109749794006348,383348000,NVDA,35082000000.0,,0.78,,,,,,,,,,15.0,0.5,10.0,55.0396214582977,4.667307780339168,24.860000610351562,-0.00022837646898088426,0.003549321500288416,0.028389860987150017,1.4657150686709113,40.0,550.4062421935314,94.63286525713052,100.0,100.0,False,69.95625215957133,61.0646900842785,59.33283546758226,62.79654470097475,0.7807764064044153,64.95625215957133,4.999999999999999,72.17773546238651,0.44114190914003737,0.25222955153301774,0.3066285393269449,-0.28350000381469725,-0.1306046034157612,18.443804249614445,False,False,41.632460109438924,41.51096193900483,0.42085889917110386,12.153459153636863,3.192701630657041,2.3760932748945893,0.08228110099014525,0.3132143606523624,4.116776539602228,-1.518727130426143,0.12149817043409143,0.5,0.5,False,0.5,11.913000106811523,2020-09-08,14.562000274658203,,0.0,0,0.0,0.028389860987150017,0.014194930493575009,0.0,0.0,0.014194930493575009,1.5342348758926818,-0.07054201072224503
2020-11-09,13.588509559631348,13.630749702453613,14.691499710083008,13.610750198364258,14.552499771118164,582976000,NVDA,35082000000.0,,0.78,,,,,,,,,,15.0,0.5,10.0,55.0396214582977,4.368830032837696,25.75,0.012565666696560118,-0.007238072623451219,-0.06395073167422038,1.4887099762642337,40.0,566.5127575009682,95.0,100.0,100.0,False,70.47794385583619,64.73951331044331,63.00765869374707,66.47136792713955,0.7807764064044151,65.47794385583619,4.999999999999999,72.27033769393267,0.44114190914003737,0.25222955153301774,0.3066285393269449,-0.28350000381469725,-0.1306046034157612,18.443804249614445,False,False,37.47250591731062,37.594004087744715,0.42085889917110386,12.772421387807361,3.192701630657041,2.3760932748945893,0.0782936899462624,0.3132143606523624,0.5216916962648526,-1.518727130426143,-0.12149817043409143,0.5,0.5,False,0.5,11.913000106811523,2020-09-08,14.562000274658203,,0.0,0,0.0,-0.06395073167422038,-0.03197536583711019,0.0,0.0,-0.03197536583711019,1.4851771544559598,-0.1002617699596262
2020-11-10,12.730429649353027,12.770000457763672,13.606499671936035,12.628250122070312,13.606499671936035,644068000,NVDA,35082000000.0,,0.78,,,,,,,,,,15.0,0.5,10.0,55.0396214582977,4.092948864667844,24.799999237060547,-0.0014665755224853028,-0.01864125979195208,-0.06314760842061395,1.506703924435599,40.0,612.6039528824681,95.0,100.0,100.0,False,70.30201898109382,66.91104990451066,65.17919528781442,68.6429045212069,0.7807764064044153,65.30201898109382,4.999999999999999,72.27033769393267,0.44114190914003737,0.25222955153301774,0.3066285393269449,-0.28350000381469725,-0.1306046034157612,18.443804249614445,False,False,36.426699927356594,36.54819809779069,0.42085889917110386,13.486254222745522,3.192701630657041,2.3760932748945893,0.07414957359423266,0.3132143606523624,-0.17592487474236407,-0.6976165710072166,-0.12149817043409143,0.5,0.5,False,0.5,11.913000106811523,2020-09-08,14.562000274658203,,0.0,0,0.0,-0.06314760842061395,-0.03157380421030698,0.0,0.0,-0.03157380421030698,1.4382844617635464,-0.12866992867544913
2020-11-11,13.376419067382812,13.418000221252441,13.4350004196167,12.948249816894531,13.053750038146973,404744000,NVDA,35082000000.0,,0.78,,,,,,,,,,15.0,0.5,10.0,55.0396214582977,4.300641096555269,23.450000762939453,0.007428552760524454,0.023723134321532724,0.0507439107486336,1.5235764347331602,40.0,573.073186567586,95.0,100.0,100.0,False,70.2412426250537,68.21111785700053,66.47926324030429,69.94297247369677,0.7807764064044151,65.2412426250537,4.999999999999999,72.27033769393267,0.44114190914003737,0.25222955153301774,0.3066285393269449,-0.28350000381469725,-0.1306046034157612,18.443804249614445,False,False,35.75726324250327,35.63576507206918,0.42085889917110386,14.2183572997885,3.192701630657041,2.3760932748945893,0.07033161278165903,0.3132143606523624,-0.06077635604012244,0.11514851870224163,0.12149817043409143,0.5,0.5,False,0.5,11.913000106811523,2020-09-08,14.562000274658203,,0.0,0,0.0,0.0507439107486336,0.0253719553743168,0.0,0.0,0.0253719553743168,1.4747765509429844,-0.10656258098950232
2020-11-12,13.415050506591797,13.45674991607666,13.765999794006348,13.315999984741211,13.479000091552734,365812000,NVDA,35082000000.0,,0.78,,,,,,,,,,15.0,0.5,10.0,55.0396214582977,4.313060870537391,25.350000381469727,-0.009700905157134287,-0.008906496882965187,0.0028878889689420983,1.5156211070866057,40.0,565.8155640586004,95.0,100.0,100.0,False,70.24124262505364,69.00365461747708,67.27180000078084,70.73550923417332,0.7807764064044153,65.24124262505364,4.999999999999999,72.27033769393267,0.44114190914003737,0.25222955153301774,0.3066285393269449,-0.28350000381469725,-0.1306046034157612,18.443804249614445,False,False,34.82501641753148,34.946514587965574,0.42085889917110386,14.842168667047417,3.192701630657041,2.3760932748945893,0.06737559870345632,0.3132143606523624,-5.684341886080802e-14,0.06077635604006559,-0.12149817043409143,0.5,0.5,False,0.5,11.913000106811523,2020-09-08,14.562000274658203,,0.0,0,0.0,0.0028878889689420983,0.0014439444844710492,0.0,0.0,0.0014439444844710492,1.476906046409546,-0.10527250695610191
2020-11-13,13.255792617797852,13.29699993133545,13.668749809265137,13.059249877929688,13.627249717712402,346312000,NVDA,35082000000.0,,0.78,,,,,,,,,,15.0,0.5,10.0,55.0396214582977,4.261858952351106,23.100000381469727,0.01384449694724843,0.008487241142255852,-0.011871364611625856,1.5185367004072612,40.0,555.9987743384688,95.0,100.0,100.0,False,70.24124262505364,69.48679437605949,67.75493975936325,71.21864899275573,0.7807764064044151,65.24124262505364,4.999999999999999,72.27033769393267,0.44114190914003737,0.25222955153301774,0.3066285393269449,-0.28350000381469725,-0.1306046034157612,18.443804249614445,False,False,34.36526929479403,34.48676746522813,0.42085889917110386,15.30008502287163,3.192701630657041,2.3760932748945893,0.06535911392029067,0.3132143606523624,0.0,5.684341886080802e-14,-0.12149817043409143,0.5,0.5,False,0.5,11.913000106811523,2020-09-08,14.562000274658203,,0.0,0,0.0,-0.011871364611625856,-0.005935682305812928,0.0,0.0,-0.005935682305812928,1.4681396013225247,-0.11058332510508695
2020-11-16,13.473369598388672,13.515250205993652,13.649499893188477,13.156000137329102,13.172499656677246,413776000,NVDA,35082000000.0,,0.78,,,,,,,,,,15.0,0.5,10.0,55.0396214582977,4.331810963459504,22.450000762939453,0.0124825499707224,0.009653513430693206,0.01641349746448295,1.5055777055080544,40.0,550.0019633520535,95.0,100.0,100.0,False,70.2412426250537,69.7813220723934,68.04946745569714,71.51317668908965,0.7807764064044153,65.2412426250537,4.999999999999999,72.27033769393267,0.44114190914003737,0.25222955153301774,0.3066285393269449,-0.28350000381469725,-0.1306046034157612,18.443804249614445,False,False,34.05359289875072,34.175091069184816,0.42085889917110386,15.686226658255999,3.192701630657041,2.3760932748945893,0.06375019447227473,0.3132143606523624,5.684341886080802e-14,5.684341886080802e-14,-0.12149817043409143,0.5,0.5,False,0.5,11.913000106811523,2020-09-08,14.562000274658203,,0.0,0,0.0,0.01641349746448295,0.008206748732241476,0.0,0.0,0.008206748732241476,1.4801882541344318,-0.10328410593595874
2020-11-17,13.380657196044922,13.422249794006348,13.5962495803833,13.303750038146973,13.552499771118164,312028000,NVDA,35082000000.0,,0.78,,,,,,,,,,15.0,0.5,10.0,55.0396214582977,4.302003139104598,22.709999084472656,-0.005378305341422029,-0.005556919914302849,-0.006881146154886664,1.5091585071855194,40.0,543.2992394565309,95.0,100.0,100.0,False,70.2412426250537,69.96086963056221,68.22901501386598,71.69272424725845,0.7807764064044151,65.2412426250537,4.999999999999999,72.27033769393267,0.44114190914003737,0.25222955153301774,0.3066285393269449,-0.28350000381469725,-0.1306046034157612,18.443804249614445,False,False,34.133707886682316,34.189517212362894,0.42085889917110386,15.889642746259605,3.192701630657041,2.3760932748945893,0.06293407699398391,0.3132143606523624,0.0,-5.684341886080802e-14,-0.05580932568057733,0.5,0.5,False,0.5,11.913000106811523,2020-09-08,14.562000274658203,,0.0,0,0.0,-0.006881146154886664,-0.003440573077443332,0.0,0.0,-0.003440573077443332,1.475095558277709,-0.10636932249919102
2020-11-18,13.387137413024902,13.428750038146973,13.60575008392334,13.1850004196167,13.465250015258789,510924000,NVDA,35082000000.0,,0.78,,,,,,,,,,15.0,0.5,10.0,55.0396214582977,4.304086550688132,23.84000015258789,-0.012034818913688627,-0.010682907598623559,0.0004842887176430555,1.502436608911796,40.0,536.6184092007869,95.0,100.0,100.0,False,70.24124262505364,70.07032394010815,68.33846932341191,71.80217855680439,0.7807764064044153,65.24124262505364,4.999999999999999,72.27033769393267,0.44114190914003737,0.25222955153301774,0.3066285393269449,-0.28350000381469725,-0.1306046034157612,18.443804249614445,False,False,34.57545164225311,34.56623976075693,0.42085889917110386,15.83118253098594,3.192701630657041,2.3760932748945893,0.06316647528020901,0.3132143606523624,-5.684341886080802e-14,-5.684341886080802e-14,0.00921188149617933,0.5,0.5,False,0.5,11.913000106811523,2020-09-08,14.562000274658203,,0.0,0,0.0,0.0004842887176430555,0.00024214435882152774,0.0,0.0,0.00024214435882152774,1.4754527443458685,-0.10615293487176443
2020-11-19,13.398599624633789,13.440250396728516,13.487500190734863,13.100000381469727,13.212750434875488,565936000,NVDA,35082000000.0,,0.78,,,,,,,,,,15.0,0.5,10.0,55.0396214582977,4.307772563054011,23.110000610351562,0.004210171789433614,0.008057157784042035,0.000856398290896232,1.5256593245385748,40.0,529.9662488670914,95.0,100.0,100.0,False,70.24124262505364,70.1370485784177,68.40519396172147,71.86890319511394,0.7807764064044151,65.24124262505364,4.999999999999999,72.27033769393267,0.44114190914003737,0.25222955153301774,0.3066285393269449,-0.28350000381469725,-0.1306046034157612,18.443804249614445,False,False,35.4115116304497,35.4066495219665,0.42085889917110386,15.360057441106445,3.192701630657041,2.3760932748945893,0.06510392320043082,0.3132143606523624,0.0,5.684341886080802e-14,0.004862108483205248,0.5,0.5,False,0.5,11.913000106811523,2020-09-08,14.562000274658203,,0.0,0,0.0,0.000856398290896232,0.000428199145448116,0.0,0.0,0.000428199145448116,1.4760845319501463,-0.1057701903223153
2020-11-20,13.047194480895996,13.087750434875488,13.494500160217285,13.0649995803833,13.454000473022461,341088000,NVDA,35082000000.0,,0.78,,,,,,,,,,15.0,0.5,10.0,55.0396214582977,4.194791806049836,23.700000762939453,-0.006847817696322922,-0.010299934028620839,-0.02622718710202221,1.5317499959434289,40.0,529.67065302728,95.0,100.0,100.0,False,70.2412426250537,70.1777247050683,68.44587008837206,71.90957932176454,0.7807764064044153,65.2412426250537,4.999999999999999,72.27033769393267,0.44114190914003737,0.25222955153301774,0.3066285393269449,-0.28350000381469725,-0.1306046034157612,18.443804249614445,False,False,37.08193985615754,37.08193985615753,0.42085889917110386,14.159311552941961,3.192701630657041,2.3760932748945893,0.0706249026487608,0.3132143606523624,5.684341886080802e-14,5.684341886080802e-14,4.547473508864641e-15,0.5,0.5,False,0.5,11.913000106811523,2020-09-08,14.562000274658203,,0.0,0,0.0,-0.02622718710202221,-0.013113593551011105,0.0,0.0,-0.013113593551011105,1.4567277593512176,-0.11749675658762651
2020-11-23,13.099283218383789,13.140000343322754,13.382499694824219,13.01550006866455,13.171250343322754,361356000,NVDA,35082000000.0,,0.78,,,,,,,,,,15.0,0.5,10.0,55.0396214582977,4.2115385715778055,22.65999984741211,0.00599444168323604,-0.00024976087873140873,0.003992275731972583,1.5207853135315175,40.0,522.418733418721,95.0,100.0,100.0,False,70.2412426250537,70.20252135172254,68.4706667350263,71.93437596841878,0.7807764064044151,65.2412426250537,4.999999999999999,72.27033769393267,0.44114190914003737,0.25222955153301774,0.3066285393269449,-0.28350000381469725,-0.1306046034157612,18.443804249614445,False,False,39.84475856934481,39.844758569344805,0.42085889917110386,12.314623966967144,3.192701630657041,2.3760932748945893,0.0812042659753484,0.3132143606523624,0.0,-5.684341886080802e-14,4.547473508864641e-15,0.5,0.5,False,0.5,11.913000106811523,2020-09-08,14.562000274658203,,0.0,0,0.0,0.003992275731972583,0.0019961378659862916,0.0,0.0,0.0019961378659862916,1.459635588792092,-0.11573515844659531
2020-11-24,12.917596817016602,12.95775032043457,13.161999702453613,12.885000228881836,13.142499923706055,346500000,NVDA,35082000000.0,,0.78,,,,,,,,,,15.0,0.5,10.0,55.0396214582977,4.153125102703388,21.639999389648438,0.016113718747035932,0.013907379609261694,-0.013869864393176834,1.4961695141362812,40.0,520.6079537817842,95.0,100.0,100.0,False,69.77647199597394,70.03619670925639,68.30434209256015,71.76805132595263,0.7807764064044153,64.77647199597394,4.999999999999999,72.27033769393267,0.44114190914003737,0.25222955153301774,0.3066285393269449,-0.28350000381469725,-0.1306046034157612,18.443804249614445,False,False,45.780426019053714,45.78042601905372,0.42085889917110386,9.310939800575701,3.192701630657041,2.3760932748945893,0.10740054402866715,0.3132143606523624,-0.46477062907976574,-0.46477062907976574,-4.547473508864641e-15,0.5,0.5,False,0.5,11.913000106811523,2020-09-08,14.562000274658203,,0.0,0,0.0,-0.013869864393176834,-0.006934932196588417,0.0,0.0,-0.006934932196588417,1.4495131149520915,-0.12186747516659514
2020-11-25,13.19373893737793,13.234749794006348,13.269499778747559,13.020000457763672,13.032500267028809,259916000,NVDA,35082000000.0,,0.78,,,,,,,,,,15.0,0.5,10.0,55.0396214582977,4.241906985258445,21.25,-0.0015417585945479706,0.0021355411600039176,0.021377126948876723,1.4940023859277736,40.0,518.3123569224994,94.81268572656093,76.24919454821291,76.24919454821291,False,27.66346791830251,53.49438325178145,51.762528635085204,55.226237868477696,0.7807764064044151,22.66346791830251,4.999999999999999,64.94041671522749,0.44114190914003737,0.25222955153301774,0.3066285393269449,-0.28350000381469725,-0.1306046034157612,18.443804249614445,False,False,15.013321217247631,15.013321217247636,0.42085889917110386,7.147117064696156,5.310841551056854,2.3760932748945893,0.13991655529746286,0.1882940755031565,-42.11300407767143,-1.518727130426143,-4.547473508864641e-15,0.5,0.5,False,0.5,11.913000106811523,2020-09-08,14.562000274658203,,0.0,0,0.0,0.021377126948876723,0.010688563474438362,0.0,0.0,0.010688563474438362,1.4650063278882877,-0.11248149993594453
2020-11-27,13.220154762268066,13.261249542236328,13.407500267028809,13.170499801635742,13.375,167276000,NVDA,35082000000.0,,0.78,,,,,,,,,,15.0,0.5,10.0,55.0396214582977,4.250400494306516,20.84000015258789,0.0027850045646777843,0.005327444590593089,0.0020022855469457035,1.481755701736864,40.0,512.3336807076233,93.15740913546581,37.82982629147711,37.82982629147711,False,16.7478423882921,39.14896719018735,37.4171125734911,40.880821806883596,0.7807764064044153,11.7478423882921,4.999999999999999,52.74243227256557,0.44114190914003737,0.25222955153301774,0.3066285393269449,-0.28350000381469725,-0.1306046034157612,18.443804249614445,False,False,12.871565781374619,12.871565781374613,0.42085889917110386,5.398134375977117,14.618140362618723,2.3760932748945893,0.18524918617258207,0.06840815419704029,-10.91562553001041,1.518727130426143,4.547473508864641e-15,0.5,0.5,False,0.5,11.913000106811523,2020-09-08,14.562000274658203,,0.0,0,0.0,0.0020022855469457035,0.0010011427734728517,0.0,0.0,0.0010011427734728517,1.466473008386545,-0.11159296720328199
2020-11-30,13.359970092773438,13.40149974822998,13.412500381469727,12.972249984741211,13.265000343322754,286952000,NVDA,35082000000.0,,0.78,,,,,,,,,,15.0,0.5,10.0,55.0396214582977,4.2953524834070445,20.56999969482422,-0.004427133966767305,0.006685143244272718,0.01057594199905254,1.45635784600211,40.0,510.9458162784728,91.355857913359,35.42288762434367,35.42288762434367,False,16.999131546716647,30.501932652108607,28.77007803541236,32.23378726880485,0.7807764064044151,11.999131546716647,4.999999999999999,51.54999172799714,0.44114190914003737,0.25222955153301774,0.3066285393269449,-0.28350000381469725,-0.1306046034157612,18.443804249614445,False,False,15.20578173245134,15.205781732451335,0.42085889917110386,4.190790572234973,19.824162454646753,2.3760932748945893,0.23861846178266413,0.050443492999402935,0.251289158424548,1.518727130426143,4.547473508864641e-15,0.25,0.5,True,0.25,11.913000106811523,2020-09-08,14.562000274658203,,0.0,0,0.0,0.01057594199905254,0.00528797099952627,0.25,0.000125,0.00516297099952627,1.4740443660004325,-0.10700614745717746
2020-12-01,13.348508834838867,13.390000343322754,13.5287504196167,13.228249549865723,13.492250442504883,296948000,NVDA,35082000000.0,,0.78,,,,,,,,,,15.0,0.5,10.0,55.0396214582977,4.291666776706011,20.770000457763672,0.010937390161245952,0.012795547122662398,-0.0008580685089925044,1.4356673676236817,40.0,504.58348062161565,87.82301801685287,35.65572878201175,35.65572878201175,False,17.433551826866378,25.40019094298011,23.668336326283864,27.132045559676357,0.7807764064044153,12.433551826866378,4.999999999999999,50.7303008493344,0.44114190914003737,0.25222955153301774,0.3066285393269449,-0.28350000381469725,-0.1306046034157612,18.443804249614445,False,False,16.272412160792324,16.272412160792328,0.42085889917110386,3.787933511293966,23.43160023088888,2.3760932748945893,0.2639961860519558,0.04267740957281026,0.43442028014973033,0.1831311217251823,-4.547473508864641e-15,0.25,0.25,False,0.25,11.913000106811523,2020-09-08,14.562000274658203,,0.0,0,0.0,-0.0008580685089925044,-0.0002145171272481261,0.0,0.0,-0.0002145171272481261,1.4737281582376018,-0.10719770993307517
2020-12-02,13.502527236938477,13.544500350952148,13.673500061035156,13.23425006866455,13.350500106811523,283360000,NVDA,35082000000.0,,0.78,,,,,,,,,,15.0,0.5,10.0,55.0396214582977,4.34118600992056,21.170000076293945,0.002103763604072606,-0.0015192292957042497,0.011538461812395706,1.4587983727884433,40.0,502.0120116552171,84.52740911405193,36.78604279210367,36.78604279210367,False,18.06260995616295,22.53568588568588,20.803831268989633,24.267540502382126,0.7807764064044151,13.062609956162952,4.999999999999999,50.24563742764797,0.44114190914003737,0.25222955153301774,0.3066285393269449,-0.28350000381469725,-0.1306046034157612,18.443804249614445,False,False,16.147388669845164,16.184570320171545,0.42085889917110386,3.787933511293966,26.026159382895916,2.3760932748945893,0.2639961860519558,0.03842288004495923,0.629058129296574,0.19463784914684368,-0.03718165032638126,0.25,0.25,False,0.25,11.913000106811523,2020-09-08,14.562000274658203,,0.0,0,0.0,0.011538461812395706,0.0028846154530989265,0.0,0.0,0.0028846154530989265,1.477979297256521,-0.10462231865058598
2020-12-03,13.358430862426758,13.395999908447266,13.65999984741211,13.329000473022461,13.587499618530273,199520000,NVDA,35082000000.0,,0.78,,,,,,,,,,15.0,0.5,10.0,55.0396214582977,4.293589714245918,21.280000686645508,-0.00027265220203887,-0.0006406809425403281,-0.010963892255681729,1.4187043637578431,40.0,496.5429991921555,79.89448299658382,36.94979692599536,36.94979692599536,False,18.492109363248538,20.957121312580934,19.225266695884688,22.68897592927718,0.7807764064044153,13.492109363248538,4.999999999999999,49.12728824163734,0.44114190914003737,0.25222955153301774,0.3066285393269449,-0.28350000381469725,-0.1306046034157612,18.443804249614445,False,False,14.982631846574083,15.104130017008174,0.42085889917110386,4.15374819954176,27.997433557741807,2.3760932748945893,0.24074641792449517,0.03571755953764846,0.4294994070855864,-0.19955872221098758,-0.12149817043409143,0.25,0.25,False,0.25,11.913000106811523,2020-09-08,14.562000274658203,,0.0,0,0.0,-0.010963892255681729,-0.002740973063920432,0.0,0.0,-0.002740973063920432,1.473928195813709,-0.10707652475720025
2020-12-04,13.52022933959961,13.558250427246094,13.5600004196167,13.388750076293945,13.44849967956543,202244000,NVDA,35082000000.0,,0.78,,,,,,,,,,15.0,0.5,10.0,55.0396214582977,4.345593085655799,20.790000915527344,0.008617643352887283,0.01001682819800731,0.012111863235868991,1.4193360256562602,40.0,492.4091991897673,74.66224639359972,38.92746740688815,38.92746740688815,False,19.095577226119246,20.230396461485462,18.498541844789216,21.96225107818171,0.7807764064044151,14.095577226119246,4.999999999999999,48.41397376057819,0.44114190914003737,0.25222955153301774,0.3066285393269449,-0.28350000381469725,-0.1306046034157612,18.443804249614445,False,False,14.001286956033052,13.879788785598961,0.42085889917110386,5.826383887425693,29.337785077187814,2.3760932748945893,0.1716330436376097,0.034085736103424184,0.6034678628707084,0.173968455785122,0.12149817043409143,0.25,0.25,False,0.25,11.913000106811523,2020-09-08,14.562000274658203,,0.0,0,0.0,0.012111863235868991,0.003027965808967248,0.0,0.0,0.003027965808967248,1.4783911999955057,-0.10437278300414078
2020-12-07,13.568591117858887,13.606749534606934,13.731249809265137,13.5,13.601249694824219,223244000,NVDA,35082000000.0,,0.78,,,,,,,,,,15.0,0.5,10.0,55.0396214582977,4.361137671348376,21.299999237060547,-0.0020549134867724472,0.0028562409372945297,0.0035770918689759235,1.419007635999426,40.0,486.5603494967718,67.83841343164954,40.658801107214956,40.658801107214956,False,19.456080175554348,19.92811251791061,18.196257901214363,21.659967134606855,0.7807764064044153,14.456080175554348,4.999999999999999,47.223677756468,0.44114190914003737,0.25222955153301774,0.3066285393269449,-0.28350000381469725,-0.1306046034157612,18.443804249614445,False,False,13.755818271234919,13.634320100800828,0.42085889917110386,7.90822929086688,30.1855117653123,2.3760932748945893,0.12645055716263665,0.03312847593159413,0.3605029494351015,-0.2429649134356069,0.12149817043409143,0.25,0.25,False,0.25,11.913000106811523,2020-09-08,14.562000274658203,,0.0,0,0.0,0.0035770918689759235,0.0008942729672439809,0.0,0.0,0.0008942729672439809,1.4797132852806734,-0.10357184779525327
2020-12-08,13.312561988830566,13.350000381469727,13.598750114440918,13.281499862670898,13.585000038146973,271920000,NVDA,35082000000.0,,0.78,,,,,,,,,,15.0,0.5,10.0,55.0396214582977,4.278846276112092,20.68000030517578,0.00292616191324524,0.0032436394601695895,-0.018869249594416382,1.3767727195332664,40.0,483.81635286673816,61.64396543857023,39.031530599938016,39.031530599938016,False,19.4072001577059,19.724754477584472,17.992899860888226,21.45660909428072,0.7807764064044151,14.407200157705901,4.999999999999999,45.16228733844286,0.44114190914003737,0.25222955153301774,0.3066285393269449,-0.28350000381469725,-0.1306046034157612,18.443804249614445,False,False,13.86583993606804,13.851189446330025,0.42085889917110386,10.153122889126877,30.804660862780494,2.3760932748945893,0.09849186412102962,0.03246262000593042,-0.048880017848446755,-0.4093829672835483,0.014650489738014584,0.25,0.25,False,0.25,11.913000106811523,2020-09-08,14.562000274658203,,0.0,0,0.0,-0.018869249594416382,-0.0047173123986040955,0.0,0.0,-0.0047173123986040955,1.4727330154536398,-0.1078005794321064
2020-12-09,12.894488334655762,12.930749893188477,13.413999557495117,12.868249893188477,13.30049991607666,401300000,NVDA,35082000000.0,,0.78,,,,,,,,,,15.0,0.5,10.0,55.0396214582977,4.1444711196116915,22.270000457763672,-0.008968871609766116,-0.019162529390105654,-0.03140453006002786,1.3836994972908407,40.0,508.9386224364069,69.11465013169044,30.673822382831403,30.673822382831403,False,20.0447058309423,19.84965971153395,18.117805094837703,21.581514328230195,0.7807764064044153,15.044705830942299,4.999999999999999,44.48390292550094,0.44114190914003737,0.25222955153301774,0.3066285393269449,-0.28350000381469725,-0.1306046034157612,18.443804249614445,False,False,15.011546301476193,14.995975273544445,0.42085889917110386,10.969836208246875,31.600477875006877,2.3760932748945893,0.09115906391092901,0.031645091063350964,0.6375056732363973,0.686385691084844,0.015571027931747495,0.25,0.25,False,0.25,11.913000106811523,2020-09-08,14.562000274658203,,0.0,0,0.0,-0.03140453006002786,-0.007851132515006964,0.0,0.0,-0.007851132515006964,1.4611703933900875,-0.11480535531279734
2020-12-10,12.935871124267578,12.972249984741211,13.068750381469727,12.849499702453613,12.869000434875488,207764000,NVDA,35082000000.0,,0.78,,,,,,,,,,15.0,0.5,10.0,55.0396214582977,4.157772431006798,22.520000457763672,-0.0003270958571379712,0.001447180488427291,0.003209411046964483,1.3670535908078973,40.0,499.6822557232557,70.27059087456838,30.283616362398746,30.283616362398746,False,21.13158510168205,20.350108261233153,18.618253644536907,22.0819628779294,0.7807764064044151,16.13158510168205,4.999999999999999,44.655817038593945,0.44114190914003737,0.25222955153301774,0.3066285393269449,-0.28350000381469725,-0.1306046034157612,18.443804249614445,False,False,15.902360798998616,15.918325496775495,0.42085889917110386,11.489992954781616,32.00711253600972,2.3760932748945893,0.0870322552794817,0.031243055707538325,1.0868792707397503,0.44937359750335304,-0.015964697776879005,0.25,0.25,False,0.25,11.913000106811523,2020-09-08,14.562000274658203,,0.0,0,0.0,0.003209411046964483,0.0008023527617411208,0.0,0.0,0.0008023527617411208,1.4623427674905984,-0.11409511694495408
2020-12-11,12.976757049560547,13.013250350952148,13.020000457763672,12.822999954223633,12.967249870300293,209264000,NVDA,35082000000.0,,0.78,,,,,,,,,,15.0,0.5,10.0,55.0396214582977,4.170913574023125,23.309999465942383,-0.0011725879542904272,-0.0020873034034352145,0.0031606210379204747,1.3710608536666344,40.0,492.43389762971776,67.04567191937394,30.583853545979366,30.583853545979366,False,21.65790099814936,20.860655117958768,19.12880050126252,22.592509734655014,0.7807764064044153,16.65790099814936,4.999999999999999,43.93445846584788,0.44114190914003737,0.25222955153301774,0.3066285393269449,-0.28350000381469725,-0.1306046034157612,18.443804249614445,False,False,16.49216190009475,16.478244423631942,0.42085889917110386,12.086985309782724,31.995251182578343,2.3760932748945893,0.08273361589929623,0.031254638205325536,0.5263158964673096,-0.5605633742724407,0.013917476462809759,0.25,0.25,False,0.25,11.913000106811523,2020-09-08,14.562000274658203,,0.0,0,0.0,0.0031606210379204747,0.0007901552594801187,0.0,0.0,0.0007901552594801187,1.463498245319494,-0.11339511454220891
2020-12-14,13.271429061889648,13.30875015258789,13.388750076293945,13.077500343322754,13.088000297546387,270156000,NVDA,35082000000.0,,0.78,,,,,,,,,,15.0,0.5,10.0,55.0396214582977,4.265625048906375,24.719999313354492,-0.004477161303609645,0.0036202488913439357,0.022707609065103496,1.3772292691104473,40.0,504.60987490593953,70.36262043046165,32.2070619793914,32.2070619793914,False,23.59747153274558,21.9290759606217,20.197221343925452,23.660930577317945,0.7807764064044151,18.59747153274558,4.999999999999999,45.268812932217955,0.44114190914003737,0.25222955153301774,0.3066285393269449,-0.28350000381469725,-0.1306046034157612,18.443804249614445,False,False,17.64246119185271,17.66189838492756,0.42085889917110386,12.279636739443752,31.506897153678025,2.3760932748945893,0.08143563374215078,0.03173908224356085,1.9395705345962213,1.4132546381289117,-0.019437193074848553,0.25,0.25,False,0.25,11.913000106811523,2020-09-08,14.562000274658203,,0.0,0,0.0,0.022707609065103496,0.005676902266275874,0.0,0.0,0.005676902266275874,1.471806381825039,-0.10836194525866227
2020-12-15,13.323034286499023,13.36050033569336,13.46399974822998,13.186750411987305,13.439749717712402,193016000,NVDA,35082000000.0,,0.78,,,,,,,,,,15.0,0.5,10.0,55.0396214582977,4.282211646055564,22.889999389648438,0.01351942254777505,0.016673361371179807,0.0038884329867299172,1.3526673878378792,40.0,501.7914676579984,70.96884064047333,33.934404417529905,33.934404417529905,False,25.11314613102322,23.172099393314497,21.44024477661825,24.903954010010743,0.7807764064044153,20.11314613102322,4.999999999999999,45.95137207264331,0.44114190914003737,0.25222955153301774,0.3066285393269449,-0.28350000381469725,-0.1306046034157612,18.443804249614445,False,False,18.56045690801703,18.593207545399714,0.42085889917110386,12.309496256681298,30.548073198607916,2.3760932748945893,0.08123809286324159,0.03273528885106804,1.5156745982776414,-0.4238959363185799,-0.03275063738268386,0.25,0.25,False,0.25,11.913000106811523,2020-09-08,14.562000274658203,,0.0,0,0.0,0.0038884329867299172,0.0009721082466824793,0.0,0.0,0.0009721082466824793,1.473237136946331,-0.10749517655259232
2020-12-16,13.205364227294922,13.242500305175781,13.437250137329102,13.212499618530273,13.422499656677246,223116000,NVDA,35082000000.0,,0.78,,,,,,,,,,15.0,0.5,10.0,55.0396214582977,4.244391123453776,22.5,0.0015693527844120592,0.006780734825637902,-0.008832006852492968,1.357298982024681,40.0,491.4397275723432,65.5843242093156,34.09381697709614,34.09381697709614,False,24.8407871668866,23.823535414944804,22.091680798248557,25.55539003164105,0.7807764064044151,19.8407871668866,4.999999999999999,44.64211834828039,0.44114190914003737,0.25222955153301774,0.3066285393269449,-0.28350000381469725,-0.1306046034157612,18.443804249614445,False,False,18.83936645050852,18.784455595221733,0.42085889917110386,12.514847221768859,29.161391596478072,2.3760932748945893,0.07990509051205653,0.03429191630624286,-0.27235896413662175,-1.518727130426143,0.054910855286787526,0.25,0.25,False,0.25,11.913000106811523,2020-09-08,14.562000274658203,,0.0,0,0.0,-0.008832006852492968,-0.002208001713123242,0.0,0.0,-0.002208001713123242,1.4699842268241168,-0.10946582873173497
2020-12-17,13.303836822509766,13.3412504196167,13.379500389099121,13.178500175476074,13.36674976348877,231384000,NVDA,35082000000.0,,0.78,,,,,,,,,,15.0,0.5,10.0,55.0396214582977,4.276041801159199,21.93000030517578,0.00559196242686677,0.0079097383313107,0.007457059631127416,1.3651306040350109,40.0,485.9218340231173,58.44501902272274,34.75564129623753,34.75564129623753,False,24.403223001496215,24.049838610277234,22.317983993580988,25.78169322697348,0.7807764064044153,19.403223001496215,4.999999999999999,43.044308827078105,0.44114190914003737,0.25222955153301774,0.3066285393269449,-0.28350000381469725,-0.1306046034157612,18.443804249614445,False,False,18.84343903859984,18.807489150799572,0.42085889917110386,13.05165802822839,27.269572147910132,2.3760932748945893,0.07661861794395622,0.03667090904749077,-0.4375641653903841,-0.16520520125376237,0.03594988780026825,0.25,0.25,False,0.25,11.913000106811523,2020-09-08,14.562000274658203,,0.0,0,0.0,0.007457059631127416,0.001864264907781854,0.0,0.0,0.001864264907781854,1.4727246668331777,-0.10780563712705901
2020-12-18,13.234779357910156,13.272000312805176,13.404999732971191,13.070500373840332,13.378999710083008,342064000,NVDA,35082000000.0,,0.78,,,,,,,,,,15.0,0.5,10.0,55.0396214582977,4.253846254104223,21.56999969482422,-0.008220496558328017,-0.003496479867230784,-0.005190675883701257,1.3614516549240612,40.0,481.2250998102015,50.71149563289939,36.720229246598905,36.720229246598905,False,24.249483837976136,24.127777751996504,22.395923135300258,25.85963236869275,0.7807764064044151,19.249483837976136,4.999999999999999,41.696084424291485,0.44114190914003737,0.25222955153301774,0.3066285393269449,-0.28350000381469725,-0.1306046034157612,18.443804249614445,False,False,18.848859957923562,18.89370502786536,0.42085889917110386,13.984924132225073,24.741489457209944,2.3760932748945893,0.071505572039231,0.04041793852910456,-0.1537391635200791,0.283825001870305,-0.04484506994179526,0.25,0.25,False,0.25,11.913000106811523,2020-09-08,14.562000274658203,,0.0,0,0.0,-0.005190675883701257,-0.0012976689709253142,0.0,0.0,-0.0012976689709253142,1.470813557730312,-0.10896341006779364
2020-12-21,13.294862747192383,13.332249641418457,13.369999885559082,12.967499732971191,13.074749946594238,302332000,NVDA,35082000000.0,,0.78,,,,,,,,,,15.0,0.5,10.0,55.0396214582977,4.27315693635207,25.15999984741211,-0.003575511540187981,-0.0013255217851486645,0.004539581614924293,1.337943264233536,40.0,476.3703226996386,42.83565372761105,36.00193295922581,36.00193295922581,False,23.553632194790197,23.903638099542203,22.171783482845957,25.63549271623845,0.7807764064044153,18.553632194790197,4.999999999999999,39.489314211174474,0.44114190914003737,0.25222955153301774,0.3066285393269449,-0.28350000381469725,-0.1306046034157612,18.443804249614445,False,False,19.029386097890484,18.91632572684017,0.42085889917110386,15.28659664941183,21.450974993246156,2.3760932748945893,0.065416784581575,0.04661792763801413,-0.6958516431859394,-0.5421124796658603,0.11306037105031294,0.25,0.25,False,0.25,11.913000106811523,2020-09-08,14.562000274658203,,0.0,0,0.0,0.004539581614924293,0.0011348954037310732,0.0,0.0,0.0011348954037310732,1.4724827772767257,-0.10795217673732327
2020-12-22,13.241013526916504,13.278249740600586,13.337249755859375,13.053999900817871,13.319250106811523,185580000,NVDA,35082000000.0,,0.78,,,,,,,,,,15.0,0.5,10.0,55.0396214582977,4.255849275833521,24.229999542236328,-0.0016854105960858456,0.008666463104956224,-0.0040503217589110685,1.346287273962959,40.0,471.3884537066922,35.26390225276361,32.769227676848516,32.769227676848516,False,22.62783276890815,23.405578748880178,21.67372413218393,25.137433365576424,0.7807764064044151,17.62783276890815,4.999999999999999,36.58825503354439,0.44114190914003737,0.25222955153301774,0.3066285393269449,-0.28350000381469725,-0.1306046034157612,18.443804249614445,False,False,18.759804457530237,18.793716132435723,0.42085889917110386,16.838271424780523,16.990909171628488,2.3760932748945893,0.05938851885522652,0.05885500239562256,-0.9257994258820474,-0.22994778269610805,-0.0339116749054864,0.25,0.25,False,0.25,11.913000106811523,2020-09-08,14.562000274658203,,0.0,0,0.0,-0.0040503217589110685,-0.0010125804397277671,0.0,0.0,-0.0010125804397277671,1.4709917700186192,-0.10885544691446081
2020-12-23,12.97276782989502,13.009249687194824,13.274999618530273,13.005000114440918,13.255999565124512,179144000,NVDA,35082000000.0,,0.78,,,,,,,,,,15.0,0.5,10.0,55.0396214582977,4.169631309998341,23.309999465942383,0.0008986414840963519,-0.007585693234919866,-0.020258698146281007,1.3616812574482926,40.0,479.05183991880665,33.15079506555349,24.268273263863932,24.268273263863932,False,21.85677724226928,22.800944911597476,21.06909029490123,24.532799528293722,0.7807764064044153,16.85677724226928,4.999999999999999,33.448631720834776,0.44114190914003737,0.25222955153301774,0.3066285393269449,-0.28350000381469725,-0.1306046034157612,18.443804249614445,False,False,17.669065359975935,17.790563530410026,0.42085889917110386,17.950691136464265,10.047415782609853,2.3760932748945893,0.055708161451713846,0.09952807982036614,-0.7710555266388681,0.15474389924317933,-0.12149817043409143,0.25,0.25,False,0.25,11.913000106811523,2020-09-08,14.562000274658203,,0.0,0,0.0,-0.020258698146281007,-0.005064674536570252,0.0,0.0,-0.005064674536570252,1.4635416754575017,-0.11336880404087633
2020-12-24,12.957310676574707,12.993749618530273,13.132499694824219,12.938750267028809,13.037249565124512,97884000,NVDA,35082000000.0,,0.78,,,,,,,,,,15.0,0.5,10.0,55.0396214582977,4.164663339272523,21.530000686645508,0.003890395427502691,0.006629676313983257,-0.001191465229528732,1.3508095301379248,40.0,474.3416033219056,29.381677186413214,17.1849281279777,17.1849281279777,False,21.341095231729454,22.23103681812848,20.499182201432234,23.962891434824726,0.7807764064044151,16.341095231729454,4.999999999999999,30.32599303593873,0.44114190914003737,0.25222955153301774,0.3066285393269449,-0.28350000381469725,-0.1306046034157612,18.443804249614445,False,False,15.62357919643893,15.636795612539231,0.42085889917110386,18.83818880709714,5.424932369637467,2.3760932748945893,0.05308365948764978,0.1843340952224308,-0.5156820105398268,0.25537351609904135,-0.01321641610030099,0.25,0.25,False,0.25,11.913000106811523,2020-09-08,14.562000274658203,,0.0,0,0.0,-0.001191465229528732,-0.000297866307382183,0.0,0.0,-0.000297866307382183,1.4631057357029333,-0.11363290160122645
2020-12-28,12.863826751708984,12.899999618530273,13.0625,12.763250350952148,13.0625,212564000,NVDA,35082000000.0,,0.78,,,,,,,,,,15.0,0.5,10.0,55.0396214582977,4.134615262349446,21.700000762939453,0.008590822297383172,0.011312620033208542,-0.007215007426825015,1.3390209349230935,40.0,474.87589624614225,26.774956503587106,15.45947428560305,15.45947428560305,False,21.793141011193235,22.060087460869248,20.328232844173,23.791942077565494,0.7807764064044153,16.793141011193235,4.999999999999999,29.139427655774256,0.44114190914003737,0.25222955153301774,0.3066285393269449,-0.28350000381469725,-0.1306046034157612,18.443804249614445,False,False,17.257858686196094,17.23515268604647,0.42085889917110386,19.49015686345075,6.694304477059192,2.3760932748945893,0.05130795031594985,0.14938071661169794,0.45204577946378066,0.9677277900036074,0.0227060001496244,0.25,0.25,False,0.25,11.913000106811523,2020-09-08,14.562000274658203,,0.0,0,0.0,-0.007215007426825015,-0.0018037518567062538,0.0,0.0,-0.0018037518567062538,1.4604666560156017,-0.11523168790068655
2020-12-29,12.906951904296875,12.943249702453613,13.072500228881836,12.842249870300293,12.925000190734863,170372000,NVDA,35082000000.0,,0.78,,,,,,,,,,15.0,0.5,10.0,55.0396214582977,4.148477468735132,23.079999923706055,-0.0019077893087540154,-0.004750309191549618,0.003352719783124014,1.3225187877648406,40.0,469.0989501209158,22.821426814683537,15.53334909379646,15.53334909379646,False,22.323616738007424,22.162966181862398,20.43111156516615,23.894820798558644,0.7807764064044151,17.323616738007424,4.999999999999999,28.164882759899044,0.44114190914003737,0.25222955153301774,0.3066285393269449,-0.28350000381469725,-0.1306046034157612,18.443804249614445,False,False,18.630541645597077,18.673910643970345,0.42085889917110386,20.05221682587295,7.663020334404575,2.3760932748945893,0.04986979787240886,0.13049684802613815,0.5304757268141884,0.07842994735040776,-0.043368998373268824,0.25,0.25,False,0.25,11.913000106811523,2020-09-08,14.562000274658203,,0.0,0,0.0,0.003352719783124014,0.0008381799457810035,0.0,0.0,0.0008381799457810035,1.461690789878156,-0.11449009284482231
2020-12-30,13.10888385772705,13.145750045776367,13.213749885559082,12.896750450134277,12.990249633789062,225396000,NVDA,35082000000.0,,0.78,,,,,,,,,,15.0,0.5,10.0,55.0396214582977,4.213381424928323,22.770000457763672,0.0014267990940848296,-0.000538815001680959,0.0156452473666151,1.2850986010849619,40.0,474.70392978280114,21.760911871321795,15.367597928267102,15.367597928267102,False,23.141779033474954,22.54508317227465,20.813228555578405,24.276937788970898,0.7807764064044153,18.141779033474954,4.999999999999999,27.84656551356284,0.44114190914003737,0.25222955153301774,0.3066285393269449,-0.28350000381469725,-0.1306046034157612,18.443804249614445,False,False,19.96532680458966,19.98372262720535,0.42085889917110386,20.398196394805996,8.407856791050431,2.3760932748945893,0.049023942148857365,0.11893637401917088,0.8181622954675305,0.2876865686533421,-0.018395822615688645,0.25,0.25,False,0.25,11.913000106811523,2020-09-08,14.562000274658203,,0.0,0,0.0,0.0156452473666151,0.003911311841653775,0.0,0.0,0.003911311841653775,1.4674079183734428,-0.11102658745906444
2020-12-31,13.018389701843262,13.055000305175781,13.151000022888184,12.914999961853027,13.136500358581543,192424000,NVDA,35082000000.0,,0.78,,,,,,,,,,15.0,0.5,10.0,55.0396214582977,4.184294969607622,22.75,0.005080821253407031,0.001463470990730631,-0.006903352055575018,1.333959349252152,40.0,464.39056951106915,17.80497005922962,15.262670238521252,15.262670238521252,False,23.57169551115042,22.94586051863358,21.214005901937334,24.677715135329827,0.7807764064044151,18.57169551115042,4.999999999999999,26.816586260166396,0.44114190914003737,0.25222955153301774,0.3066285393269449,-0.28350000381469725,-0.1306046034157612,18.443804249614445,False,False,20.98233076819194,20.969951256252486,0.42085889917110386,20.79354761866092,8.936511900936772,2.3760932748945893,0.04809184167797139,0.11190048321819779,0.4299164776754658,-0.3882458177920647,0.012379511939454347,0.25,0.25,False,0.25,11.913000106811523,2020-09-08,14.562000274658203,,0.0,0,0.0,-0.006903352055575018,-0.0017258380138937546,0.0,0.0,-0.0017258380138937546,1.464875410006025,-0.11256081156776851
2021-01-04,13.076727867126465,13.113499641418457,13.65250015258789,12.962499618530273,13.104249954223633,560640000,NVDA,35082000000.0,,0.78,,,,,,,,,,15.0,0.5,10.0,55.0396214582977,4.20304475686489,26.969999313354492,-0.013613983822124975,-0.01630520440638883,0.004480990798558793,1.29207114938349,40.0,461.70493310990355,14.48098420839487,15.218298860312501,15.218298860312501,False,24.07513762224511,23.386716978029877,21.65486236133363,25.118571594726124,0.7807764064044153,19.07513762224511,4.999999999999999,25.964573268820175,0.44114190914003737,0.25222955153301774,0.3066285393269449,-0.28350000381469725,-0.1306046034157612,18.443804249614445,False,False,21.90326458045469,21.882834699166764,0.42085889917110386,21.28345714935106,9.301015324793578,2.3760932748945893,0.046984848043377686,0.10751514378589559,0.5034421110946887,0.07352563341922291,0.020429881287923307,0.25,0.25,False,0.25,11.913000106811523,2020-09-08,14.562000274658203,,0.0,0,0.0,0.004480990798558793,0.0011202476996396982,0.0,0.0,0.0011202476996396982,1.466516433314343,-0.11156665985835722
2021-01-05,13.36716079711914,13.404749870300293,13.443499565124512,13.086999893188477,13.099749565124512,322760000,NVDA,35082000000.0,,0.78,,,,,,,,,,15.0,0.5,10.0,55.0396214582977,4.2963941891988116,25.34000015258789,0.006887328746690624,0.006489399466443446,0.022209954386389175,1.304270537837794,40.0,470.41710788594287,13.942046679440702,15.24850340867313,15.24850340867313,False,24.941026736608592,23.99350117190108,22.261646555204834,25.725355788597327,0.7807764064044151,19.941026736608592,4.999999999999999,25.837898874132605,0.44114190914003737,0.25222955153301774,0.3066285393269449,-0.28350000381469725,-0.1306046034157612,18.443804249614445,False,False,22.87550708994177,22.79808886674148,0.42085889917110386,21.688915993733147,9.403204400275676,2.3760932748945893,0.046106499757246636,0.10634672580026898,0.8658891143634833,0.36244700326879453,0.0774182232002886,0.25,0.25,False,0.25,11.913000106811523,2020-09-08,14.562000274658203,,0.0,0,0.0,0.022209954386389175,0.005552488596597294,0.0,0.0,0.005552488596597294,1.4746592490870432,-0.10663364386838407
2021-01-06,12.579127311706543,12.614500045776367,13.244999885559082,12.586000442504883,13.22249984741211,580424000,NVDA,35082000000.0,,0.78,,,,,,,,,,15.0,0.5,10.0,55.0396214582977,4.043108989030887,25.06999969482422,0.005978513184986323,-0.017245348131660565,-0.05895297056417381,1.3925426452589624,40.0,495.17901873940446,24.36688947651663,15.205580987840492,15.205580987840492,False,27.4484450664487,25.34227051105796,23.610415894361715,27.074125127754208,0.7807764064044153,22.4484450664487,4.999999999999999,28.45419105843699,0.44114190914003737,0.25222955153301774,0.3066285393269449,-0.28350000381469725,-0.1306046034157612,18.443804249614445,False,False,24.15183974033885,24.145565344550818,0.42085889917110386,21.51103700294558,9.215312777174889,2.3760932748945893,0.04648776346129043,0.10851503624237994,2.5074183298401067,1.518727130426143,0.00627439578803262,0.25,0.25,False,0.25,11.913000106811523,2020-09-08,14.562000274658203,,0.0,0,0.0,-0.05895297056417381,-0.014738242641043453,0.0,0.0,-0.014738242641043453,1.4529253632611394,-0.11980029399239664
2021-01-07,13.306580543518066,13.343999862670898,13.377750396728516,12.886500358581543,12.967499732971191,461480000,NVDA,35082000000.0,,0.78,,,,,,,,,,15.0,0.5,10.0,55.0396214582977,4.276923032907339,22.3700008392334,0.014857498305214323,0.026954359142630002,0.05783025995856139,1.4518508136548143,40.0,505.345493122918,36.70975485256238,15.214900387890836,15.214900387890836,False,30.548366531734608,27.37466898226808,25.642814365571834,29.106523598964326,0.7807764064044151,25.548366531734608,4.999999999999999,31.57028405089426,0.44114190914003737,0.25222955153301774,0.3066285393269449,-0.28350000381469725,-0.1306046034157612,18.443804249614445,False,False,25.616994953470275,25.59398002797801,0.42085889917110386,21.113026329100087,8.977124561244237,2.3760932748945893,0.04736412413893028,0.11139424357741107,3.0999214652859095,0.5925031354458028,0.023014925492267368,0.25,0.25,False,0.25,11.913000106811523,2020-09-08,14.562000274658203,,0.0,0,0.0,0.05783025995856139,0.014457564989640348,0.0,0.0,0.014457564989640348,1.473931126125584,-0.10707474953892943
2021-01-08,13.239518165588379,13.276749610900879,13.420999526977539,13.041999816894531,13.362500190734863,292528000,NVDA,35082000000.0,,0.78,,,,,,,,,,15.0,0.5,10.0,55.0396214582977,4.2553684650323325,21.559999465942383,0.005697714659280706,0.006465489145083714,-0.005039737144943213,1.4548665260665612,40.0,501.62571324119597,41.80774321498994,15.2256752675342,15.2256752675342,False,32.342714226898224,29.314135238746513,27.582280622050266,31.04598985544276,0.7807764064044153,27.342714226898224,4.999999999999999,32.859451254876376,0.44114190914003737,0.25222955153301774,0.3066285393269449,-0.28350000381469725,-0.1306046034157612,18.443804249614445,False,False,26.737596239137947,26.76865590456131,0.42085889917110386,20.133625492911797,9.108701407751639,2.3760932748945893,0.049668153425822786,0.10978513349323157,1.7943476951636157,-1.3055737701222938,-0.031059665423365176,0.25,0.25,False,0.25,11.913000106811523,2020-09-08,14.562000274658203,,0.0,0,0.0,-0.005039737144943213,-0.0012599342862358032,0.0,0.0,-0.0012599342862358032,1.4720740697642283,-0.10819977667703104
2021-01-11,13.583303451538086,13.621500015258789,13.961000442504883,13.362500190734863,13.418749809265137,518344000,NVDA,35082000000.0,,0.78,,,,,,,,,,15.0,0.5,10.0,55.0396214582977,4.3658653895060215,24.079999923706055,-0.006740825836411779,-0.008259420896490122,0.02596647631848481,1.4195680571454554,40.0,526.1320054047872,56.72040574219057,15.28985275470707,15.28985275470707,False,36.535397824552675,32.133230964470705,30.40137634777446,33.86508558116695,0.7807764064044151,31.535397824552675,4.999999999999999,36.64054408542492,0.44114190914003737,0.25222955153301774,0.3066285393269449,-0.28350000381469725,-0.1306046034157612,18.443804249614445,False,False,28.787788321498585,28.781906270825047,0.42085889917110386,19.297684814945555,9.183368223868104,2.3760932748945893,0.051819687677017404,0.10889250824125099,4.192683597654451,1.518727130426143,0.005882050673537833,0.25,0.25,False,0.25,11.913000106811523,2020-09-08,14.562000274658203,,0.0,0,0.0,0.02596647631848481,0.0064916190796212025,0.0,0.0,0.0064916190796212025,1.4816302138821253,-0.10241054933209723
2021-01-12,13.446932792663574,13.484749794006348,13.754500389099121,13.345000267028809,13.7524995803833,291476000,NVDA,35082000000.0,,0.78,,,,,,,,,,15.0,0.5,10.0,55.0396214582977,4.32203519038665,23.329999923706055,0.00021121912844268564,-0.004780962000341726,-0.010039292375968456,1.420000047941329,40.0,519.3949944209219,63.60074181223886,15.385272861077766,15.385272861077766,False,38.972449004917415,34.803181006588815,33.07132638989257,36.53503562328506,0.7807764064044153,33.972449004917415,4.999999999999999,38.405226694608515,0.44114190914003737,0.25222955153301774,0.3066285393269449,-0.28350000381469725,-0.1306046034157612,18.443804249614445,False,False,30.134461666723382,30.10546590646188,0.42085889917110386,19.05790244537867,9.175763861162366,2.3760932748945893,0.052471671678773285,0.10898275229516664,2.4370511803647403,-1.518727130426143,0.028995760261503564,0.25,0.25,False,0.25,11.913000106811523,2020-09-08,14.562000274658203,,0.0,0,0.0,-0.010039292375968456,-0.002509823093992114,0.0,0.0,-0.002509823093992114,1.4779115841545674,-0.10466334006430732
2021-01-13,13.49380111694336,13.531749725341797,13.625,13.385000228881836,13.489999771118164,210028000,NVDA,35082000000.0,,0.78,,,,,,,,,,15.0,0.5,10.0,55.0396214582977,4.3370992709428835,22.209999084472656,0.0026929787492038226,0.00635369083938242,0.003485413674960469,1.4161892181612887,40.0,513.9978405661378,64.57552481293827,15.561958195818406,15.561958195818406,False,39.88869321507242,36.78850498002162,35.056650363325375,38.52035959671787,0.7807764064044151,34.88869321507242,4.999999999999999,38.705272539828954,0.44114190914003737,0.25222955153301774,0.3066285393269449,-0.28350000381469725,-0.1306046034157612,18.443804249614445,False,False,30.896384201515158,30.774886031081067,0.42085889917110386,18.60929715035307,9.003892949136501,2.3760932748945893,0.05373658080262463,0.11106307079049654,0.916244210155007,-1.518727130426143,0.12149817043409143,0.25,0.25,False,0.25,11.913000106811523,2020-09-08,14.562000274658203,,0.0,0,0.0,0.003485413674960469,0.0008713534187401173,0.0,0.0,0.0008713534187401173,1.479199367466016,-0.10388318540474903
2021-01-14,13.16323184967041,13.200249671936035,13.599749565124512,13.180500030517578,13.574999809265137,283120000,NVDA,35082000000.0,,0.78,,,,,,,,,,15.0,0.5,10.0,55.0396214582977,4.230849253825652,23.25,-0.003501980199372312,-0.00877732789336616,-0.024497944473872435,1.4355015822367925,40.0,522.0602892053976,68.98244903042892,15.793545932793506,15.793545932793506,False,41.80747264960696,38.747850750481014,37.01599613378477,40.47970536717726,0.7807764064044153,36.80747264960696,4.999999999999999,39.88784046836132,0.44114190914003737,0.25222955153301774,0.3066285393269449,-0.28350000381469725,-0.1306046034157612,18.443804249614445,False,False,31.62360023171169,31.576199980876027,0.42085889917110386,18.43749289173802,8.610096102097483,2.3760932748945893,0.05423730904585772,0.11614272223470219,1.9187794345345353,1.0025352243795282,0.04740025083566422,0.25,0.25,False,0.25,11.913000106811523,2020-09-08,14.562000274658203,,0.0,0,0.0,-0.024497944473872435,-0.006124486118468109,0.0,0.0,-0.006124486118468109,1.4701400314735236,-0.10937144039626351
2021-01-15,12.82343578338623,12.85949993133545,13.325249671936035,12.84850025177002,13.227999687194824,277780000,NVDA,35082000000.0,,0.78,,,,,,,,,,15.0,0.5,10.0,55.0396214582977,4.121634593376746,24.34000015258789,-0.007292657904037547,-0.010253280005404708,-0.025813886030127575,1.4434381246507895,40.0,534.1164895391764,75.95029791889186,15.800332079528076,15.800332079528076,False,44.47553469638678,40.9838709946333,39.25201637793705,42.715725611329546,0.7807764064044151,39.47553469638678,4.999999999999999,41.64741869490904,0.44114190914003737,0.25222955153301774,0.3066285393269449,-0.28350000381469725,-0.1306046034157612,18.443804249614445,False,False,32.1761089868207,32.28055488843049,0.42085889917110386,19.3336764151484,8.076203819350495,2.3760932748945893,0.05172322007088502,0.1238205501456032,2.6680620467798235,0.7492826122452882,-0.10444590160978351,0.25,0.25,False,0.25,11.913000106811523,2020-09-08,14.562000274658203,,0.0,0,0.0,-0.025813886030127575,-0.006453471507531894,0.0,0.0,-0.006453471507531894,1.460652524668327,-0.11511908642946043
2021-01-19,12.988722801208496,13.025250434875488,13.093999862670898,12.843999862670898,13.016249656677246,226188000,NVDA,35082000000.0,,0.78,,,,,,,,,,15.0,0.5,10.0,55.0396214582977,4.174759754767784,23.239999771118164,0.007851960589843054,0.01302781106548423,0.012889342853538599,1.4384740082028686,40.0,521.3514808304312,74.77516378158181,15.982410812396537,15.982410812396537,False,44.763394908711454,42.459352544410045,40.7274979277138,44.19120716110629,0.7807764064044153,39.763394908711454,4.999999999999999,41.40684567436615,0.44114190914003737,0.25222955153301774,0.3066285393269449,-0.28350000381469725,-0.1306046034157612,18.443804249614445,False,False,31.90855635735645,31.78705818692236,0.42085889917110386,20.465177499562053,7.308741680007326,2.3760932748945893,0.048863490190661656,0.13682245778852012,0.2878602123246736,-1.518727130426143,0.12149817043409143,0.25,0.25,False,0.25,11.913000106811523,2020-09-08,14.562000274658203,,0.0,0,0.0,0.012889342853538599,0.0032223357133846497,0.0,0.0,0.0032223357133846497,1.4653592374634115,-0.11226770305956954
2021-01-20,13.328269004821777,13.365750312805176,13.430500030517578,13.056750297546387,13.111749649047852,258572000,NVDA,35082000000.0,,0.78,,,,,,,,,,15.0,0.5,10.0,55.0396214582977,4.2838943310273,21.579999923706055,0.013838692292137411,0.01983264271985674,0.026141522547465934,1.4366549314443493,40.0,522.0962781268724,73.80378734084546,16.535035405355742,16.535035405355742,False,45.270350628658065,43.55673303572448,41.82487841902823,45.28858765242072,0.7807764064044151,40.270350628658065,4.999999999999999,41.331286302084706,0.44114190914003737,0.25222955153301774,0.3066285393269449,-0.28350000381469725,-0.1306046034157612,18.443804249614445,False,False,30.230293000007645,30.351791170441736,0.42085889917110386,21.66859366102131,5.9982188415396385,2.3760932748945893,0.046149741678845384,0.16671615798254494,0.5069557199466104,0.21909550762193675,-0.12149817043409143,0.25,0.25,False,0.25,11.913000106811523,2020-09-08,14.562000274658203,,0.0,0,0.0,0.026141522547465934,0.0065353806368664835,0.0,0.0,0.0065353806368664835,1.4749359178499832,-0.10646603459542406
2021-01-21,13.828612327575684,13.867500305175781,13.999250411987305,13.253000259399414,13.418499946594238,337780000,NVDA,35082000000.0,,0.78,,,,,,,,,,15.0,0.5,10.0,55.0396214582977,4.444711636274289,21.31999969482422,0.0009116558716901757,0.012913984777607634,0.03753997947200172,1.4631414084989638,40.0,551.747328421256,81.77098705264287,17.445304287951473,17.445304287951473,False,48.916027794348,45.64893848697452,43.917083870278276,47.38079310367077,0.7807764064044153,43.916027794348,4.999999999999999,43.61996393023046,0.44114190914003737,0.25222955153301774,0.3066285393269449,-0.28350000381469725,-0.1306046034157612,18.443804249614445,False,False,27.465725250428992,27.587223420863083,0.42085889917110386,23.42757447438809,4.226958411780818,2.3760932748945893,0.04268474318983546,0.236576730259028,3.645677165689932,1.518727130426143,-0.12149817043409143,0.25,0.25,False,0.25,11.913000106811523,2020-09-08,14.562000274658203,,0.0,0,0.0,0.03753997947200172,0.00938499486800043,0.0,0.0,0.00938499486800043,1.488778183869635,-0.09808022291571794
2021-01-22,13.674046516418457,13.712499618530273,13.841750144958496,13.627249717712402,13.739999771118164,246820000,NVDA,35082000000.0,,0.78,,,,,,,,,,15.0,0.5,10.0,55.0396214582977,4.395031929016113,21.90999984741211,-0.0035394164744094736,-0.0038247676679364906,-0.011177262176634395,1.467396803454242,40.0,538.8138819245418,85.11923615920259,18.96745334637697,18.96745334637697,False,51.39982788458975,47.89401786572416,46.16216324902791,49.625872482420405,0.7807764064044151,46.39982788458975,4.999999999999999,44.93122564322174,0.44114190914003737,0.25222955153301774,0.3066285393269449,-0.28350000381469725,-0.1306046034157612,18.443804249614445,False,False,25.225391776350666,25.145188958400304,0.42085889917110386,25.053751230712045,3.192701630657041,2.3760932748945893,0.03991418254261876,0.3132143606523624,2.4838000902417505,-1.1618770754481815,0.08020281795036226,0.25,0.25,False,0.25,11.913000106811523,2020-09-08,14.562000274658203,,0.0,0,0.0,-0.011177262176634395,-0.0027943155441585987,0.0,0.0,-0.0027943155441585987,1.484618067848644,-0.10060047136840851
2021-01-25,13.614961624145508,13.653249740600586,13.828499794006348,13.236499786376953,13.781749725341797,251112000,NVDA,35082000000.0,,0.78,,,,,,,,,,15.0,0.5,10.0,55.0396214582977,4.376041583525828,23.190000534057617,0.003943819855746211,0.008356550440790977,-0.0043208663320304375,1.456068891948379,40.0,532.0534046183968,84.74757709229323,20.352434995725147,20.352434995725147,False,52.5817811575376,49.724065354252474,47.99221073755623,51.45591997094872,0.7807764064044153,47.5817811575376,4.999999999999999,45.26215714358626,0.44114190914003737,0.25222955153301774,0.3066285393269449,-0.28350000381469725,-0.1306046034157612,18.443804249614445,False,False,26.346018506668166,26.286075897688544,0.42085889917110386,26.244248126203637,3.192701630657041,2.3760932748945893,0.038103587315254324,0.3132143606523624,1.181953272947851,-1.3018468172938995,0.05994260897962306,0.25,0.25,False,0.25,11.913000106811523,2020-09-08,14.562000274658203,,0.0,0,0.0,-0.0043208663320304375,-0.0010802165830076094,0.0,0.0,-0.0010802165830076094,1.4830143587923212,-0.10157201765398557
2021-01-26,13.397573471069336,13.435250282287598,13.644749641418457,13.387499809265137,13.580499649047852,163980000,NVDA,35082000000.0,,0.78,,,,,,,,,,15.0,0.5,10.0,55.0396214582977,4.306169962271666,23.020000457763672,-0.001560930514972858,0.0006719153072287654,-0.01596685495796102,1.4978104242076833,40.0,534.0309959757573,85.0530660597408,23.120707489321347,23.120707489321347,False,54.71367434503553,51.67194984284585,49.9400952261496,53.403804459542094,0.7807764064044151,49.71367434503553,4.999999999999999,46.18804184001421,0.44114190914003737,0.25222955153301774,0.3066285393269449,-0.28350000381469725,-0.1306046034157612,18.443804249614445,False,False,28.109531216247778,28.23102938668187,0.42085889917110386,26.996101956020564,3.192701630657041,2.3760932748945893,0.03704238492020453,0.3132143606523624,2.13189318749793,0.9499399145500789,-0.12149817043409143,0.25,0.25,False,0.25,11.913000106811523,2020-09-08,14.562000274658203,,0.0,0,0.0,-0.01596685495796102,-0.003991713739490255,0.0,0.0,-0.003991713739490255,1.4770945900004686,-0.10515828497505866
2021-01-27,12.881525039672852,12.917750358581543,13.232749938964844,12.793749809265137,13.229999542236328,371272000,NVDA,35082000000.0,,0.78,,,,,,,,,,15.0,0.5,10.0,55.0396214582977,4.1403046021094685,37.209999084472656,-0.024440461382450485,-0.018876362025959215,-0.03851807095758408,1.498765561301075,40.0,557.3198414901901,89.63375884572538,23.889185496418534,23.889185496418534,False,57.6773394055595,54.01638308376292,52.28452846706667,55.748237700459164,0.7807764064044153,52.6773394055595,4.999999999999999,47.57906521595472,0.44114190914003737,0.25222955153301774,0.3066285393269449,-0.28350000381469725,-0.1306046034157612,18.443804249614445,False,False,29.46538680693514,29.447859166325383,0.42085889917110386,27.584596831329407,3.192701630657041,2.3760932748945893,0.03625211584982249,0.3132143606523624,2.9636650605239723,0.8317718730260424,0.01752764060975494,0.25,0.25,False,0.25,11.913000106811523,2020-09-08,14.562000274658203,,0.0,0,0.0,-0.03851807095758408,-0.00962951773939602,0.0,0.0,-0.00962951773939602,1.4628708814432931,-0.11377517914384293
2021-01-28,13.01440143585205,13.050999641418457,13.339750289916992,12.96049976348877,12.99625015258789,228316000,NVDA,35082000000.0,,0.78,,,,,,,,,,15.0,0.5,10.0,55.0396214582977,4.183012705582839,30.209999084472656,0.008600200820512827,0.00410641282230273,0.010315208077108728,1.4974256281364922,40.0,545.6653876902806,91.34144753332892,26.572970953679388,26.572970953679388,False,60.57170927552708,56.5755050971701,54.843650480473855,58.30735971386635,0.7807764064044151,55.57170927552708,4.999999999999999,48.832719982413764,0.44114190914003737,0.25222955153301774,0.3066285393269449,-0.28350000381469725,-0.1306046034157612,18.443804249614445,False,False,32.865273825313906,32.74377565487981,0.42085889917110386,27.64298091707938,3.420776866962264,2.3760932748945893,0.03617554861393924,0.29233125658032916,2.8943698699675764,-0.06929519055639588,0.12149817043409143,0.25,0.25,False,0.25,11.913000106811523,2020-09-08,14.562000274658203,,0.0,0,0.0,0.010315208077108728,0.002578802019277182,0.0,0.0,0.002578802019277182,1.466643335826301,-0.1114897807862855
2021-01-29,12.95332145690918,12.989749908447266,13.334750175476074,12.911499977111816,13.074999809265137,271552000,NVDA,35082000000.0,,0.78,,,,,,,,,,15.0,0.5,10.0,55.0396214582977,4.163381380912585,33.09000015258789,-0.02001958917681823,-0.023553474465968338,-0.004693106631986299,1.3990037002156022,40.0,541.0454998873947,91.0044983298718,28.948952555556033,28.948952555556033,False,62.63000301948424,58.939109662353815,57.20725504565757,60.67096427905006,0.7807764064044153,57.63000301948424,4.999999999999999,49.4762752039875,0.44114190914003737,0.25222955153301774,0.3066285393269449,-0.28350000381469725,-0.1306046034157612,18.443804249614445,False,False,37.804744142160025,37.89769430819588,0.42085889917110386,27.15136567845934,4.249572950412323,2.3760932748945893,0.03683055990046772,0.2353177629067347,2.058293743957165,-0.8360761260104113,-0.09295016603585453,0.25,0.25,False,0.25,11.913000106811523,2020-09-08,14.562000274658203,,0.0,0,0.0,-0.004693106631986299,-0.0011732766579965748,0.0,0.0,-0.0011732766579965748,1.4649225574347697,-0.11253224908688034
2021-02-01,13.199882507324219,13.237000465393066,13.270750045776367,12.902750015258789,13.053250312805176,217204000,NVDA,35082000000.0,,0.78,,,,,,,,,,15.0,0.5,10.0,55.0396214582977,4.242628354292649,30.239999771118164,0.01664550906637663,0.025052440625282557,0.019034281544174636,1.3463343287685583,40.0,541.8024848665638,90.79896431163361,30.427337830142392,30.427337830142392,False,64.43013625913835,61.08274166920806,59.350887052511816,62.81459628590431,0.7807764064044151,59.43013625913835,4.999999999999999,49.87774856805137,0.44114190914003737,0.25222955153301774,0.3066285393269449,-0.28350000381469725,-0.1306046034157612,18.443804249614445,False,False,41.60479510205665,41.70894284744016,0.42085889917110386,25.79709390364977,5.010607413119838,2.3760932748945893,0.03876405628226674,0.19957660170732738,1.8001332396541088,-0.25816050430305637,-0.10414774538351196,1.0,0.25,True,1.0,11.913000106811523,2020-09-08,14.562000274658203,,0.0,0,0.0,0.019034281544174636,0.004758570386043659,0.75,0.000375,0.004383570386043659,1.4713441485753882,-0.10864197173540878
2021-02-02,13.518733978271484,13.556750297546387,13.571999549865723,13.285499572753906,13.398750305175781,220440000,NVDA,35082000000.0,,0.78,,,,,,,,,,15.0,0.5,10.0,55.0396214582977,4.345112274854611,25.559999465942383,0.014140224467191542,0.013544137685628677,0.024155761948432053,1.3128716495046497,40.0,548.8136306731985,92.31420871681881,29.46240882396971,29.46240882396971,False,65.85357986884483,62.945220621732716,61.21336600503647,64.67707523842896,0.7807764064044153,60.85357986884484,4.999999999999999,49.96406321311723,0.44114190914003737,0.25222955153301774,0.3066285393269449,-0.28350000381469725,-0.1306046034157612,18.443804249614445,False,False,43.70799675876955,43.63200156560555,0.42085889917110386,23.46757357729522,5.465040370766809,2.3760932748945893,0.04261198954831427,0.18298126494163267,1.4234436097064815,-0.3766896299476272,0.07599519316400631,1.0,1.0,False,1.0,11.913000106811523,2020-09-08,14.562000274658203,,0.0,0,0.0,0.024155761948432053,0.024155761948432053,0.0,0.0,0.024155761948432053,1.5068855875725937,-0.08711053939382554
2021-02-03,13.492555618286133,13.530500411987305,13.931750297546387,13.516500473022461,13.63599967956543,245408000,NVDA,35082000000.0,,0.78,,,,,,,,,,15.0,0.5,10.0,55.0396214582977,4.336698849995931,22.90999984741211,0.0007863145594166898,-0.0034340534942741696,-0.0019362963086981821,1.3544653509430558,40.0,541.4666495181089,91.01061513642894,27.077283299775587,27.077283299775587,False,65.40202558717542,63.90432829781015,62.17247368111391,65.63618291450639,0.7807764064044151,60.402025587175416,4.999999999999999,48.903910833359106,0.44114190914003737,0.25222955153301774,0.3066285393269449,-0.28350000381469725,-0.1306046034157612,18.443804249614445,False,False,44.287164741457104,44.22062299161502,0.42085889917110386,19.954992746251907,5.616246296908444,2.3760932748945893,0.05011277191207335,0.17805486923721037,-0.45155428166941647,-1.518727130426143,0.06654174984208339,1.0,1.0,False,1.0,11.913000106811523,2020-09-08,14.562000274658203,,0.0,0,0.0,-0.0019362963086981821,-0.0019362963086981821,0.0,0.0,-0.0019362963086981821,1.5039678105717464,-0.08887816388664674
2021-02-04,13.625931739807129,13.664250373840332,13.673500061035156,13.337750434875488,13.531000137329102,201340000,NVDA,35082000000.0,,0.78,,,,,,,,,,15.0,0.5,10.0,55.0396214582977,4.379567427512927,21.770000457763672,0.011365709751263164,0.015956173019503694,0.009885071341081408,1.3317843103520863,40.0,539.5584545434741,89.37999112009531,24.251071095081542,24.251071095081542,False,64.57154682536637,64.16480253992604,62.4329479232298,65.8966571566223,0.7807764064044153,59.57154682536637,4.999999999999999,47.62602194884699,0.44114190914003737,0.25222955153301774,0.3066285393269449,-0.28350000381469725,-0.1306046034157612,18.443804249614445,False,False,44.23599239096845,44.24153600621296,0.42085889917110386,16.592723291701542,5.564234076531598,2.3760932748945893,0.06026738241938418,0.1797192544824316,-0.8304787618090472,-0.37892448013963076,-0.0055436152445116705,1.0,1.0,False,1.0,11.913000106811523,2020-09-08,14.562000274658203,,0.0,0,0.0,0.009885071341081408,0.009885071341081408,0.0,0.0,0.009885071341081408,1.518834639673938,-0.07987165953624922
2021-02-05,13.552886009216309,13.590999603271484,13.737250328063965,13.54574966430664,13.725000381469727,169152000,NVDA,35082000000.0,,0.78,,,,,,,,,,15.0,0.5,10.0,55.0396214582977,4.3560896164331675,20.8700008392334,0.003935858007879212,-0.002211973188094629,-0.005360760273324883,1.2680310327336082,40.0,533.5133290039428,84.9700141697087,24.928293144263094,24.928293144263094,False,64.5569065496947,64.317875319768,62.58602070307176,66.04972993646425,0.7807764064044151,59.55690654969471,4.999999999999999,46.721351048120574,0.44114190914003737,0.25222955153301774,0.3066285393269449,-0.28350000381469725,-0.1306046034157612,18.443804249614445,False,False,45.909504041554705,45.97639013163554,0.42085889917110386,13.779118689317208,5.496154641554737,2.3760932748945893,0.07257358199369372,0.18194539004403318,-0.014640275671666814,0.8158384861373804,-0.0668860900808329,1.0,1.0,False,1.0,11.913000106811523,2020-09-08,14.562000274658203,,0.0,0,0.0,-0.005360760273324883,-0.005360760273324883,0.0,0.0,-0.005360760273324883,1.5106925312758244,-0.0848042469901676
2021-02-08,14.398258209228516,14.438750267028809,14.473750114440918,13.727250099182129,13.727250099182129,434624000,NVDA,35082000000.0,,0.78,,,,,,,,,,15.0,0.5,10.0,55.0396214582977,4.627804572765644,21.239999771118164,0.0072219400383219945,0.010493630594795134,0.062375887609713576,1.215416120769473,40.0,568.0385604715162,89.91700768421101,31.05474074166574,31.05474074166574,False,73.66850806211403,67.9682520348562,66.23639741815995,69.70010665155246,0.7807764064044153,68.66850806211403,4.999999999999999,49.84767268177488,0.44114190914003737,0.25222955153301774,0.3066285393269449,-0.28350000381469725,-0.1306046034157612,18.443804249614445,False,False,57.99499456256681,58.01564740291106,0.42085889917110386,10.858682425117193,5.747141323100915,2.3760932748945893,0.09209220427028074,0.1739995493029641,9.111601512419327,1.518727130426143,-0.02065284034424451,1.0,1.0,False,1.0,11.913000106811523,2020-09-08,14.562000274658203,,0.0,0,0.0,0.062375887609713576,0.062375887609713576,0.0,0.0,0.062375887609713576,1.6049233188195189,-0.027718099559539123
2021-02-09,14.223251342773438,14.263250350952148,14.583250045776367,14.22249984741211,14.340749740600586,287560000,NVDA,35082000000.0,,0.78,,,,,,,,,,15.0,0.5,10.0,55.0396214582977,4.57155459966415,21.6299991607666,-0.0006658210010571652,-0.0011701305812611418,-0.012154785755760122,1.1460303875778106,40.0,557.9533845716508,93.05465383530935,34.71532111940891,34.71532111940891,False,78.98296394365441,72.2682656257219,70.53641100902566,74.00012024241813,0.7807764064044151,73.98296394365441,4.999999999999999,51.76151817765198,0.44114190914003737,0.25222955153301774,0.3066285393269449,-0.28350000381469725,-0.1306046034157612,18.443804249614445,False,False,66.83964659070757,66.86978176110338,0.42085889917110386,9.487503970109616,6.204729217815969,2.3760932748945893,0.10540180042617113,0.16116738779327336,5.314455881540383,-1.518727130426143,-0.03013517039581018,1.0,1.0,False,1.0,11.913000106811523,2020-09-08,14.562000274658203,,0.0,0,0.0,-0.012154785755760122,-0.012154785755760122,0.0,0.0,-0.012154785755760122,1.5854158197248442,-0.03953597775359615
2021-02-10,14.722846984863281,14.764249801635742,14.904999732971191,14.341500282287598,14.463250160217285,485352000,NVDA,35082000000.0,,0.78,,,,,,,,,,15.0,0.5,10.0,55.0396214582977,4.7321313466781225,21.989999771118164,-0.00043565260149747154,-0.0014643208783199357,0.03512519505416578,1.1490729170521812,40.0,575.8401017699513,95.0,39.272654858633096,39.272654858633096,False,82.00961244954506,76.07117250904375,74.33931789234751,77.80302712573999,0.7807764064044153,77.00961244954506,4.999999999999999,53.6496005560321,0.44114190914003737,0.25222955153301774,0.3066285393269449,-0.28350000381469725,-0.1306046034157612,18.443804249614445,False,False,73.4664563586873,73.58795452912139,0.42085889917110386,8.65402435739048,6.95347195214133,2.3760932748945893,0.11555317603722788,0.14381304862990765,3.0266485058906483,-1.518727130426143,-0.12149817043409143,1.0,1.0,False,1.0,11.913000106811523,2020-09-08,14.764249801635742,,0.0,0,0.0,0.03512519505416578,0.03512519505416578,0.0,0.0,0.03512519505416578,1.6411038596346395,-0.005799491629682646
2021-02-11,15.207979202270508,15.250749588012695,15.272250175476074,14.925000190734863,14.980250358581543,450828000,NVDA,35082000000.0,,0.78,,,,,,,,,,15.0,0.5,10.0,55.0396214582977,4.888060765388684,21.25,0.0016150658954552366,0.010998679764595343,0.0329512025950045,1.1974505450146138,40.0,576.3486955760163,95.0,44.53425315442517,44.53425315442517,False,83.93412090592206,79.14077480557275,77.40892018887651,80.87262942226899,0.7807764064044151,78.93412090592206,4.999999999999999,55.262956755995965,0.44114190914003737,0.25222955153301774,0.3066285393269449,-0.28350000381469725,-0.1306046034157612,18.443804249614445,False,False,79.17492481708547,79.20523877549664,0.42085889917110386,7.540025656886261,8.035081486625662,2.3760932748945893,0.1326255434007318,0.12445424500852831,1.9245084563769979,-1.1021400495136504,-0.03031395841117046,1.0,1.0,False,1.0,11.913000106811523,2020-09-08,15.250749588012695,,0.0,0,0.0,0.0329512025950045,0.0329512025950045,0.0,0.0,0.0329512025950045,1.6951802053929044,0.0
2021-02-12,14.919293403625488,14.961250305175781,15.291250228881836,14.774999618530273,15.050000190734863,374756000,NVDA,35082000000.0,,0.78,,,,,,,,,,15.0,0.5,10.0,55.0396214582977,4.795272533710186,19.969999313354492,0.004939784585931806,0.005149343123983519,-0.018982626471322095,1.180031412024542,40.0,567.9853335404123,95.0,49.15640982792446,49.15640982792446,False,85.15942236782614,81.4903838131082,79.75852919641196,83.22223842980443,0.7807764064044153,80.15942236782614,4.999999999999999,56.68024190533134,0.44114190914003737,0.25222955153301774,0.3066285393269449,-0.28350000381469725,-0.1306046034157612,18.443804249614445,False,False,82.80431962371341,82.73905254482241,0.42085889917110386,6.602657409919611,9.288763734332196,2.3760932748945893,0.15145417033112055,0.10765695291655447,1.2253014619040812,-0.6992069944729167,0.06526707889099044,1.0,1.0,False,1.0,11.913000106811523,2020-09-08,15.250749588012695,,0.0,0,0.0,-0.018982626471322095,-0.018982626471322095,0.0,0.0,-0.018982626471322095,1.6630012327523518,-0.018982626471322102
2021-02-16,15.287259101867676,15.330249786376953,15.3725004196167,14.949999809265137,15.064249992370605,321960000,NVDA,35082000000.0,,0.78,,,,,,,,,,15.0,0.5,10.0,55.0396214582977,4.9135415981977415,21.459999084472656,-0.0008660015352057737,-0.0032469655828915034,0.0246636794167876,1.1559698162637109,40.0,561.0186555166758,95.0,54.06540105810309,54.06540105810309,False,86.15298201204817,83.31060714624623,81.57875252954999,85.04246176294247,0.7807764064044151,81.15298201204817,4.999999999999999,58.18547871580979,0.44114190914003737,0.25222955153301774,0.3066285393269449,-0.28350000381469725,-0.1306046034157612,18.443804249614445,False,False,84.44484653565202,84.32334836521792,0.42085889917110386,6.21412727217106,10.671379933838036,2.3760932748945893,0.16092364320865046,0.0937085930966702,0.9935596442220316,-0.2317418176820496,0.12149817043409143,1.0,1.0,False,1.0,11.913000106811523,2020-09-08,15.330249786376953,,0.0,0,0.0,0.0246636794167876,0.0246636794167876,0.0,0.0,0.0246636794167876,1.7040169620266783,0.0
2021-02-17,14.864198684692383,14.906000137329102,15.22350025177002,14.779999732971191,15.170999526977539,274756000,NVDA,35082000000.0,,0.78,,,,,,,,,,15.0,0.5,10.0,55.0396214582977,4.77756414657984,21.5,0.00022948472666350916,-0.008831628971286531,-0.027674020642824537,1.2117876421299985,40.0,575.1963434855228,95.0,58.495764726903275,58.495764726903275,False,86.71740058050705,84.64057911372839,82.90872449703215,86.37243373042463,0.7807764064044153,81.71740058050705,4.999999999999999,59.543954656261164,0.44114190914003737,0.25222955153301774,0.3066285393269449,-0.28350000381469725,-0.1306046034157612,18.443804249614445,False,False,85.32289916161663,85.44439733205073,0.42085889917110386,5.476063873639949,12.075709517143508,2.3760932748945893,0.1826129174302889,0.08281086909057651,0.5644185684588763,-0.4291410757631553,-0.12149817043409143,1.0,1.0,False,1.0,11.913000106811523,2020-09-08,15.330249786376953,,0.0,0,0.0,-0.027674020642824537,-0.027674020642824537,0.0,0.0,-0.027674020642824537,1.6568599614438289,-0.02767402064282453
2021-02-18,14.787416458129883,14.829000473022461,14.873250007629395,14.574999809265137,14.729000091552734,233868000,NVDA,35082000000.0,,0.78,,,,,,,,,,15.0,0.5,10.0,55.0396214582977,4.752884766994378,22.489999771118164,-0.004256003887434856,-0.004893355082568718,-0.0051656825169221765,1.2179778380859083,40.0,570.8046924716539,95.0,62.75404288223846,62.75404288223846,False,87.05604612099638,85.58354893858996,83.85169432189372,87.3154035552862,0.7807764064044151,82.05604612099638,4.999999999999999,60.849664267079426,0.44114190914003737,0.25222955153301774,0.3066285393269449,-0.28350000381469725,-0.1306046034157612,18.443804249614445,False,False,86.50474285984647,86.62624103028057,0.42085889917110386,4.189352157765743,13.47078563014086,2.3760932748945893,0.23870039145463437,0.07423472004205173,0.33864554048933826,-0.22577302796953802,-0.12149817043409143,1.0,1.0,False,1.0,11.913000106811523,2020-09-08,15.330249786376953,,0.0,0,0.0,-0.0051656825169221765,-0.0051656825169221765,0.0,0.0,-0.0051656825169221765,1.6483011489080102,-0.0326967479551391
2021-02-19,14.884638786315918,14.92650032043457,15.177000045776367,14.846750259399414,15.024499893188477,271724000,NVDA,35082000000.0,,0.78,,,,,,,,,,15.0,0.5,10.0,55.0396214582977,4.784134718088003,22.049999237060547,-0.0017659767589335296,-0.0014678675100343597,0.006574943981523473,1.1869176145086053,40.0,560.6513135758139,95.0,67.28306915304567,67.28306915304567,False,87.30450334372759,86.25538923660456,84.5235346199083,87.98724385330081,0.7807764064044153,82.30450334372759,4.999999999999999,62.238392977070404,0.44114190914003737,0.25222955153301774,0.3066285393269449,-0.28350000381469725,-0.1306046034157612,18.443804249614445,False,False,86.43990871994383,86.52807992390493,0.42085889917110386,3.787933511293966,14.884933058401938,2.3760932748945893,0.2639961860519558,0.06718202870489504,0.2484572227312043,-0.09018831775813396,-0.08817120396109203,1.0,1.0,False,1.0,11.913000106811523,2020-09-08,15.330249786376953,,0.0,0,0.0,0.006574943981523473,0.006574943981523473,0.0,0.0,0.006574943981523473,1.659138636626761,-0.02633678325979867
2021-02-22,14.315491676330566,14.35575008392334,15.13325023651123,14.324999809265137,14.774749755859375,325884000,NVDA,35082000000.0,,0.78,,,,,,,,,,15.0,0.5,10.0,55.0396214582977,4.6012019499754295,23.450000762939453,-0.007691716045917785,-0.02205071615366816,-0.03823737810328298,1.2297022270681046,40.0,577.8817772722269,95.0,71.7198673115679,71.7198673115679,False,87.38995896923662,86.6983118759344,84.96645725923815,88.43016649263063,0.7807764064044151,82.38995896923662,4.999999999999999,63.59884191570655,0.44114190914003737,0.25222955153301774,0.3066285393269449,-0.28350000381469725,-0.1306046034157612,18.443804249614445,False,False,85.72841361671595,85.78435017627379,0.42085889917110386,3.787933511293966,16.31895817620628,2.3760932748945893,0.2639961860519558,0.06127842164936985,0.0854556255090273,-0.163001597222177,-0.05593655955783333,1.0,1.0,False,1.0,11.913000106811523,2020-09-08,15.330249786376953,,0.0,0,0.0,-0.03823737810328298,-0.03823737810328298,0.0,0.0,-0.03823737810328298,1.5956975252522982,-0.06356711182355249
2021-02-23,14.102340698242188,14.142000198364258,14.238750457763672,13.38949966430664,14.075249671936035,391780000,NVDA,35082000000.0,,0.78,,,,,,,,,,15.0,0.5,10.0,55.0396214582977,4.5326923712705955,23.110000610351562,0.0012143793044092632,-0.002780987354300324,-0.01488949614680568,1.2929876492108991,40.0,581.1237892881652,95.0,76.44013965793751,76.44013965793751,False,87.45760792124855,86.99473209476314,85.26287747806688,88.72658671145939,0.7807764064044153,82.45760792124855,4.999999999999999,65.04621213049924,0.44114190914003737,0.25222955153301774,0.3066285393269449,-0.28350000381469725,-0.1306046034157612,18.443804249614445,False,False,85.00837967822416,85.02691902363873,0.42085889917110386,3.787933511293966,17.77196144379965,2.3760932748945893,0.2639961860519558,0.05626840926716526,0.0676489520119361,-0.017806673497091197,-0.01853934541456397,1.0,1.0,False,1.0,11.913000106811523,2020-09-08,15.330249786376953,,0.0,0,0.0,-0.01488949614680568,-0.01488949614680568,0.0,0.0,-0.01488949614680568,1.5719383930985869,-0.07751012570379778
2021-02-24,14.45833969116211,14.49899959564209,14.506750106811523,13.755999565124512,14.122750282287598,448320000,NVDA,35082000000.0,,0.78,,,,,,,,,,15.0,0.5,10.0,55.0396214582977,4.64711525501349,21.34000015258789,0.011019326486895187,0.015300076500957438,0.025243911205652836,1.3030151655351885,40.0,565.2661232010595,95.0,81.31108699213655,81.31108699213655,False,87.49777063955179,87.19111240840463,85.4592577917084,88.92296702510087,0.7807764064044151,82.49777063955179,4.999999999999999,66.53978359672317,0.44114190914003737,0.25222955153301774,0.3066285393269449,-0.28350000381469725,-0.1306046034157612,18.443804249614445,False,False,84.21809337739276,84.25242466345381,0.42085889917110386,3.787933511293966,19.316583364106982,2.3760932748945893,0.2639961860519558,0.051768989429991294,0.040162718303236034,-0.02748623370870007,-0.03433128606105242,1.0,1.0,False,1.0,11.913000106811523,2020-09-08,15.330249786376953,,0.0,0,0.0,0.025243911205652836,0.025243911205652836,0.0,0.0,0.025243911205652836,1.611620266314724,-0.05422287322895065
2021-02-25,13.270182609558105,13.307499885559082,14.374750137329102,13.2162504196167,14.045499801635742,824436000,NVDA,35082000000.0,,0.78,,,,,,,,,,15.0,0.5,10.0,55.0396214582977,4.265224322294578,28.889999389648438,-0.024095777385022776,-0.034964044830548824,-0.08217806354316559,1.463656683231531,40.0,597.7365831179749,95.0,83.4916802263125,83.4916802263125,False,86.98121881009769,87.10917242369794,85.3773178070017,88.84102704039418,0.7807764064044153,81.98121881009769,4.999999999999999,67.20841571498475,0.44114190914003737,0.25222955153301774,0.3066285393269449,-0.28350000381469725,-0.1306046034157612,18.443804249614445,False,False,83.3384711699224,83.35653301215996,0.42085889917110386,3.787933511293966,20.556845239691885,2.3760932748945893,0.2639961860519558,0.04864559655628309,-0.5165518294541016,-0.5567145477573376,-0.018061842237563044,1.0,1.0,False,1.0,11.913000106811523,2020-09-08,15.330249786376953,,0.0,0,0.0,-0.08217806354316559,-0.08217806354316559,0.0,0.0,-0.08217806354316559,1.4791804336620593,-0.13194500605041448
2021-02-26,13.676042556762695,13.714500427246094,13.854499816894531,13.361000061035156,13.7524995803833,500932000,NVDA,35082000000.0,,0.78,,,,,,,,,,15.0,0.5,10.0,55.0396214582977,4.395673213860928,27.950000762939453,-0.005152620223082494,0.005307711087740419,0.030584297966342877,1.4748483929750489,40.0,589.6068527178464,95.0,85.63692376556033,85.63692376556033,False,86.49352242166199,86.86882992560169,85.13697530890545,88.60068454229793,0.7807764064044151,81.49352242166199,4.999999999999999,67.86620860792488,0.44114190914003737,0.25222955153301774,0.3066285393269449,-0.28350000381469725,-0.1306046034157612,18.443804249614445,False,False,82.48263586860465,82.4898509340253,0.42085889917110386,3.787933511293966,21.6369522117871,2.3760932748945893,0.2639961860519558,0.046217230144605714,-0.48769638843569396,0.028855441018407646,-0.007215065420650717,1.0,1.0,False,1.0,11.913000106811523,2020-09-08,15.330249786376953,,0.0,0,0.0,0.030584297966342877,0.030584297966342877,0.0,0.0,0.030584297966342877,1.524420128791164,-0.10539615346428836
2021-03-01,13.802932739257812,13.841750144958496,13.925000190734863,13.553250312805176,13.875,353184000,NVDA,35082000000.0,,0.78,,,,,,,,,,15.0,0.5,10.0,55.0396214582977,4.43645837979439,23.350000381469727,0.02424019764376939,0.0322135693353105,0.009278479984557109,1.3709637711348113,40.0,580.865509780861,95.0,88.02615080878859,88.02615080878859,False,86.0797194260372,86.56077049554871,84.82891587885246,88.29262511224496,0.7807764064044153,81.0797194260372,4.999999999999999,68.5988138063104,0.44114190914003737,0.25222955153301774,0.3066285393269449,-0.28350000381469725,-0.1306046034157612,18.443804249614445,False,False,81.64889536830508,81.66193549608285,0.42085889917110386,3.787933511293966,22.58741586073673,2.3760932748945893,0.2639961860519558,0.044272439404557155,-0.41380299562479195,0.07389339281090201,-0.01304012777777416,1.2,1.0,True,1.2,11.913000106811523,2020-09-08,15.330249786376953,,0.0,0,0.0,0.009278479984557109,0.009278479984557109,0.19999999999999996,9.999999999999998e-05,0.00917847998455711,1.5384119884313296,-0.09718504996475259
2021-03-02,13.368653297424316,13.40625,13.920499801635742,13.395999908447266,13.899999618530273,264116000,NVDA,35082000000.0,,0.78,,,,,,,,,,15.0,0.5,10.0,55.0396214582977,4.296875,24.100000381469727,-0.0078032191902133174,-0.015863598861913686,-0.03146279483430181,1.390967093227425,40.0,569.9569478096367,95.0,86.97931091956032,86.97931091956032,False,84.9519235047591,85.93269560958707,84.20084099289083,87.66455022628331,0.7807764064044151,79.9519235047591,4.999999999999999,68.27782282016716,0.44114190914003737,0.25222955153301774,0.3066285393269449,-0.28350000381469725,-0.1306046034157612,18.443804249614445,False,False,80.69286713602004,80.69429166989981,0.42085889917110386,3.787933511293966,23.11935802381221,2.3760932748945893,0.2639961860519558,0.04325379618975715,-1.127795921278107,-0.7139929256533151,-0.0014245338797672957,1.2,1.2,False,1.2,11.913000106811523,2020-09-08,15.330249786376953,,0.0,0,0.0,-0.03146279483430181,-0.03775535380116217,0.0,0.0,-0.03775535380116217,1.4803286995161555,-0.13127114782031182
2021-03-03,12.768839836120605,12.804750442504883,13.451499938964844,12.798749923706055,13.426250457763672,377592000,NVDA,35082000000.0,,0.78,,,,,,,,,,15.0,0.5,10.0,55.0396214582977,4.104086680290027,26.670000076293945,-0.013245705500087857,-0.025158153631278157,-0.04486709985977566,1.4117494883149948,40.0,577.4813386970957,95.0,83.27699111289225,83.27699111289225,False,83.19697706866982,84.86470336393143,83.13284874723519,86.59655798062767,0.7807764064044153,78.19697706866982,4.999999999999999,67.1425859057273,0.44114190914003737,0.25222955153301774,0.3066285393269449,-0.28350000381469725,-0.1306046034157612,18.443804249614445,False,False,79.63067172777764,79.63287062647433,0.42085889917110386,3.787933511293966,22.995480187963306,2.3760932748945893,0.2639961860519558,0.04348680661704283,-1.75494643608927,-0.6271505148111629,-0.0021988986966960055,1.2,1.2,False,1.2,12.804750442504883,2021-03-03,12.804750442504883,Trailing_Stop,0.0763523322632349,176,0.15,-0.04486709985977566,-0.05384051983173079,0.0,0.0,-0.05384051983173079,1.4006270328123758,-0.178043960814489
2021-03-04,12.335559844970703,12.37024974822998,12.975000381469727,12.083749771118164,12.800749778747559,573344000,NVDA,35082000000.0,,0.78,,,,,,,,,,15.0,0.5,10.0,55.0396214582977,3.9648236372531986,28.56999969482422,-0.012374812685589154,-0.022098598754561105,-0.03393277332704536,1.4152004923039971,40.0,586.3166820482124,95.0,73.56098108599546,73.56098108599546,False,79.66955273212405,82.83657784341533,81.10472322671909,84.56843246011157,0.7807764064044151,74.66955273212405,4.999999999999999,64.163379943094,0.44114190914003737,0.25222955153301774,0.3066285393269449,-0.28350000381469725,-0.1306046034157612,18.443804249614445,False,False,78.21689591647008,78.26143308029067,0.42085889917110386,3.787933511293966,21.954113700341146,2.3760932748945893,0.2639961860519558,0.045549550013693374,-3.527424336545778,-1.518727130426143,-0.04453716382058701,1.2,1.2,False,1.2,12.804750442504883,2021-03-03,12.804750442504883,,0.0,0,0.0,-0.03393277332704536,-0.04071932799245443,0.0,0.0,-0.04071932799245443,1.3435944412681904,-0.2115134583694626
2021-03-05,12.426553726196289,12.46150016784668,12.550000190734863,11.67924976348877,12.550000190734863,542840000,NVDA,35082000000.0,,0.78,,,,,,,,,,15.0,0.5,10.0,55.0396214582977,3.9940705666175256,24.65999984741211,0.018396582031360742,0.018884319182622678,0.007376602855553083,1.3841847506973857,40.0,578.4357065458778,95.0,65.18326224165773,65.18326224165773,False,76.15817684053602,80.22940887563745,78.4975542589412,81.9612634923337,0.7807764064044153,71.15817684053602,4.999999999999999,61.5945322509629,0.44114190914003737,0.25222955153301774,0.3066285393269449,-0.28350000381469725,-0.1306046034157612,18.443804249614445,False,False,76.93591610180947,76.93360766652799,0.42085889917110386,3.787933511293966,20.17948044917723,2.3760932748945893,0.2639961860519558,0.04955528971712315,-3.511375891588031,0.01604844495774671,0.002308435281472612,1.2,1.2,False,1.2,12.804750442504883,2021-03-03,12.804750442504883,,0.0,0,0.0,0.007376602855553083,0.008851923426663699,0.0,0.0,0.008851923426663699,1.3554878363787874,-0.20453383587999416
2021-03-08,11.560738563537598,11.593250274658203,12.4712495803833,11.566499710083008,12.449999809265137,543112000,NVDA,35082000000.0,,0.78,,,,,,,,,,15.0,0.5,10.0,55.0396214582977,3.7157853444417315,25.469999313354492,-0.004978765054346579,-0.02419538728984849,-0.06967458825132034,1.4639095377802547,40.0,586.0164677466638,95.0,53.67308602359427,53.67308602359427,False,71.02829594141045,76.63740292978397,74.90554831308773,78.36925754648021,0.7807764064044151,66.02829594141045,4.999999999999999,58.06518372982236,0.44114190914003737,0.25222955153301774,0.3066285393269449,-0.28350000381469725,-0.1306046034157612,18.443804249614445,False,False,75.22949607573506,75.22358460431019,0.42085889917110386,3.787933511293966,18.24946753265072,2.3760932748945893,0.2639961860519558,0.05479611929558313,-5.129880899125567,-1.518727130426143,0.0059114714248721615,1.2,1.2,False,1.2,12.804750442504883,2021-03-03,12.804750442504883,,0.0,0,0.0,-0.06967458825132034,-0.0836095059015844,0.0,0.0,-0.0836095059015844,1.2421561681235493,-0.27104236882349647
2021-03-09,12.489449501037598,12.52025032043457,12.61674976348877,12.059249877929688,12.130249977111816,521824000,NVDA,35082000000.0,,0.78,,,,,,,,,,15.0,0.5,10.0,55.0396214582977,4.012900743729029,24.030000686645508,0.014277512809395931,0.03401413587391833,0.07996032379312168,1.5496233487445281,40.0,602.880618252401,95.0,52.879960187497275,52.879960187497275,False,70.08972726351674,74.08126759127909,72.34941297458283,75.81312220797534,0.7807764064044153,65.08972726351674,4.999999999999999,57.82198871319747,0.44114190914003737,0.25222955153301774,0.3066285393269449,-0.28350000381469725,-0.1306046034157612,18.443804249614445,False,False,74.29263288584004,74.3497523198923,0.42085889917110386,3.787933511293966,16.73172800032915,2.3760932748945893,0.2639961860519558,0.059766689966531124,-0.9385686778937128,1.518727130426143,-0.05711943405226521,1.2,1.2,False,1.2,12.804750442504883,2021-03-03,12.804750442504883,,0.0,0,0.0,0.07996032379312168,0.09595238855174601,0.0,0.0,0.09595238855174601,1.361344019409288,-0.2010971429590883
2021-03-10,12.437577247619629,12.468250274658203,12.979999542236328,12.457500457763672,12.840499877929688,384376000,NVDA,35082000000.0,,0.78,,,,,,,,,,15.0,0.5,10.0,55.0396214582977,3.9962340623904495,22.559999465942383,0.006224586256551756,-0.003996651064649748,-0.004153275249736521,1.5481197159427227,40.0,595.3192561711127,95.0,51.13975623966191,51.13975623966191,False,68.71386916249045,71.98589856279393,70.2540439460977,73.71775317949017,0.7807764064044151,63.71386916249046,4.999999999999999,57.288392518541734,0.44114190914003737,0.25222955153301774,0.3066285393269449,-0.28350000381469725,-0.1306046034157612,18.443804249614445,False,False,73.34622800480604,73.39640004599093,0.42085889917110386,3.787933511293966,15.492037566851142,2.3760932748945893,0.2639961860519558,0.06454928834795336,-1.3758581010262816,-0.4372894231325688,-0.05017204118489303,1.2,1.2,False,1.2,12.804750442504883,2021-03-03,12.804750442504883,,0.0,0,0.0,-0.004153275249736521,-0.004983930299683825,0.0,0.0,-0.004983930299683825,1.3545591757026607,-0.20507881911479847
2021-03-11,12.96153450012207,12.993499755859375,13.046250343322754,12.73449993133545,12.949999809265137,299916000,NVDA,35082000000.0,,0.78,,,,,,,,,,15.0,0.5,10.0,55.0396214582977,4.164583255083133,21.90999984741211,0.010139155868312377,0.02137513967697391,0.04212696004897687,1.5670399714360528,40.0,614.4952206769065,95.0,51.727055685246484,51.727055685246484,False,68.37982581246214,70.57813030117546,68.84627568447922,72.3099849178717,0.7807764064044153,63.37982581246215,4.999999999999999,57.468475289688854,0.44114190914003737,0.25222955153301774,0.3066285393269449,-0.28350000381469725,-0.1306046034157612,18.443804249614445,False,False,72.58860603373131,72.7101042041654,0.42085889917110386,3.787933511293966,14.564938421059898,2.3760932748945893,0.2639961860519558,0.06865803143761108,-0.33404335002830976,1.0418147509979718,-0.12149817043409143,1.2,1.2,False,1.2,12.804750442504883,2021-03-03,12.993499755859375,,0.0,0,0.0,0.04212696004897687,0.05055235205877224,0.0,0.0,0.05055235205877224,1.423035328037222,-0.16489368371971472
2021-03-12,12.824371337890625,12.855999946594238,12.888750076293945,12.59000015258789,12.648249626159668,243964000,NVDA,35082000000.0,,0.78,,,,,,,,,,15.0,0.5,10.0,55.0396214582977,4.120512803395589,20.690000534057617,0.0013467811372471772,-0.0071773718937856446,-0.010582199703596529,1.5618212436351322,40.0,606.2581453370074,95.0,49.55689375298178,49.55689375298178,False,66.72717147048338,69.07476140265591,67.34290678595967,70.80661601935215,0.7807764064044151,61.727171470483384,4.999999999999999,56.80304170629559,0.44114190914003737,0.25222955153301774,0.3066285393269449,-0.28350000381469725,-0.1306046034157612,18.443804249614445,False,False,71.71302315486874,71.71173927927212,0.42085889917110386,3.787933511293966,14.194571612109389,2.3760932748945893,0.2639961860519558,0.07044946669238683,-1.65265434197876,-1.3186109919504503,0.0012838755966197368,1.2,1.2,False,1.2,12.804750442504883,2021-03-03,12.993499755859375,,0.0,0,0.0,-0.010582199703596529,-0.012698639644315834,0.0,0.0,-0.012698639644315834,1.4049647152053466,-0.1754983978948501
2021-03-15,13.158797264099121,13.19124984741211,13.20674991607666,12.767250061035156,12.864749908447266,221988000,NVDA,35082000000.0,,0.78,,,,,,,,,,15.0,0.5,10.0,55.0396214582977,4.227964694683369,20.030000686645508,0.005963574374651337,0.010653632581002936,0.026077310377298435,1.5966291795411107,40.0,607.2760326003724,95.0,49.02100141931387,49.02100141931387,False,65.82953002995215,67.80786135809066,66.07600674139442,69.5397159747869,0.7807764064044153,60.82953002995216,4.999999999999999,56.63872182278649,0.44114190914003737,0.25222955153301774,0.3066285393269449,-0.28350000381469725,-0.1306046034157612,18.443804249614445,False,False,70.83732954305819,70.95882771349228,0.42085889917110386,3.787933511293966,14.203719407535488,2.3760932748945893,0.2639961860519558,0.07040409425924528,-0.8976414405312312,0.7550129014475289,-0.12149817043409143,1.2,1.2,False,1.2,12.804750442504883,2021-03-03,13.19124984741211,,0.0,0,0.0,0.026077310377298435,0.03129277245275812,0.0,0.0,0.03129277245275812,1.4489299563424216,-0.14969745687323915
2021-03-16,13.258552551269531,13.291250228881836,13.512499809265137,13.11674976348877,13.356499671936035,272128000,NVDA,35082000000.0,,0.78,,,,,,,,,,15.0,0.5,10.0,55.0396214582977,4.260016099000588,19.790000915527344,-0.001261320338490246,0.007529553635891029,0.007580811721896508,1.603650727336246,40.0,601.6209766862416,95.0,49.685204454611664,49.685204454611664,False,65.5422378468784,66.92338866641583,65.19153404971959,68.65524328311207,0.7807764064044151,60.5422378468784,4.999999999999999,56.84238542931638,0.44114190914003737,0.25222955153301774,0.3066285393269449,-0.28350000381469725,-0.1306046034157612,18.443804249614445,False,False,70.52116178701526,70.39966361658117,0.42085889917110386,3.787933511293966,14.450335615522661,2.3760932748945893,0.2639961860519558,0.06920254495167519,-0.2872921830737596,0.6103492574574716,0.12149817043409143,1.2,1.2,False,1.2,12.804750442504883,2021-03-03,13.291250228881836,,0.0,0,0.0,0.007580811721896508,0.009096974066275808,0.0,0.0,0.009096974066275808,1.4621108345791187,-0.14196227668992667
2021-03-17,13.308428764343262,13.3412504196167,13.45324993133545,12.989500045776367,13.039750099182129,243864000,NVDA,35082000000.0,,0.78,,,,,,,,,,15.0,0.5,10.0,55.0396214582977,4.276041801159199,19.229999542236328,0.0034098812634899556,-0.00082206570778387,0.0037618876985863192,1.605387812801656,40.0,595.819763285943,95.0,49.40148530245689,49.40148530245689,False,64.73455870188695,66.06889526944825,64.337040652752,67.8007498861445,0.7807764064044153,59.73455870188696,4.999999999999999,56.75538904011208,0.44114190914003737,0.25222955153301774,0.3066285393269449,-0.28350000381469725,-0.1306046034157612,18.443804249614445,False,False,69.69939344730435,69.73437660115495,0.42085889917110386,3.787933511293966,14.872011099800128,2.3760932748945893,0.2639961860519558,0.06724040167058774,-0.8076791449914396,-0.52038696191768,-0.034983153850605506,1.2,1.2,False,1.2,12.804750442504883,2021-03-03,13.3412504196167,,0.0,0,0.0,0.0037618876985863192,0.0045142652383035825,0.0,0.0,0.0045142652383035825,1.4687111906942063,-0.13808886682243485
2021-03-18,12.691203117370605,12.72249984741211,13.184000015258789,12.717000007629395,13.136500358581543,293896000,NVDA,35082000000.0,,0.78,,,,,,,,,,15.0,0.5,10.0,55.0396214582977,4.077724310067984,21.579999923706055,-0.014549661776192768,-0.027748627821691962,-0.04637875407051739,1.6080333964094657,40.0,599.9277977306368,95.0,45.91531923973512,45.91531923973512,False,61.91507268579657,64.44729193459571,62.715437317899465,66.17914655129195,0.7807764064044151,56.91507268579657,4.999999999999999,55.68643103244854,0.44114190914003737,0.25222955153301774,0.3066285393269449,-0.28350000381469725,-0.1306046034157612,18.443804249614445,False,False,68.75889104666207,68.67554586658224,0.42085889917110386,3.787933511293966,15.563967362625453,2.3760932748945893,0.2639961860519558,0.06425096999376591,-2.819486016090387,-1.518727130426143,0.08334518007983775,1.2,1.2,False,1.2,12.804750442504883,2021-03-03,13.3412504196167,,0.0,0,0.0,-0.04637875407051739,-0.05565450488462087,0.0,0.0,-0.05565450488462087,1.3869707965576183,-0.1860581041939747
2021-03-19,12.814148902893066,12.845749855041504,12.921500205993652,12.612500190734863,12.75,299208000,NVDA,35082000000.0,,0.78,,,,,,,,,,15.0,0.5,10.0,55.0396214582977,4.117227517641507,20.950000762939453,-0.005108817676184874,-0.0030002259648257423,0.009687562122821625,1.6051170170214133,40.0,591.5751146561807,95.0,43.200264331425,43.200264331425,False,59.299291341690605,62.43757323304759,60.70571861635134,64.16942784974384,0.7807764064044153,54.299291341690605,4.999999999999999,54.85391771172095,0.44114190914003737,0.25222955153301774,0.3066285393269449,-0.28350000381469725,-0.1306046034157612,18.443804249614445,False,False,67.65773005760909,67.76321893696512,0.42085889917110386,3.787933511293966,16.35435785275407,2.3760932748945893,0.2639961860519558,0.06114578199911409,-2.6157813441059616,0.20370467198442554,-0.10548887935603603,1.2,1.2,False,1.2,12.804750442504883,2021-03-03,13.3412504196167,,0.0,0,0.0,0.009687562122821625,0.01162507454738595,0.0,0.0,0.01162507454738595,1.403094435462648,-0.17659596897798896
2021-03-22,13.15381145477295,13.186249732971191,13.394499778747559,12.906749725341797,12.912750244140625,297804000,NVDA,35082000000.0,,0.78,,,,,,,,,,15.0,0.5,10.0,55.0396214582977,4.226362093901023,18.8799991607666,0.00798496781307656,0.017515346502829265,0.026506812118566536,1.6145131093735756,40.0,583.8094823407172,94.5052911746701,42.850871177679785,42.850871177679785,False,57.88371671085825,60.65980136770944,58.927946751013195,62.39165598440569,0.7807764064044151,52.88371671085825,4.999999999999999,54.622003614184834,0.44114190914003737,0.25222955153301774,0.3066285393269449,-0.28350000381469725,-0.1306046034157612,18.443804249614445,False,False,66.93491037159191,66.8745093394761,0.42085889917110386,3.787933511293966,16.955041846020055,2.3760932748945893,0.2639961860519558,0.058979506454874084,-1.415574630832353,1.2002067132736087,0.06040103211580231,1.2,1.2,False,1.2,12.804750442504883,2021-03-03,13.3412504196167,,0.0,0,0.0,0.026506812118566536,0.03180817454227984,0.0,0.0,0.03180817454227984,1.4477243081651454,-0.1504049898404241
2021-03-23,13.038594245910645,13.07075023651123,13.344499588012695,13.021249771118164,13.254249572753906,222048000,NVDA,35082000000.0,,0.78,,,,,,,,,,15.0,0.5,10.0,55.0396214582977,4.18934302452283,20.299999237060547,-0.00787079743934982,-0.0062181853021302524,-0.008759086078217071,1.6090846030906782,40.0,575.8973790785235,88.74520965807442,43.77421607567877,43.77421607567877,False,54.052809427542606,58.08050965561624,56.34865503891999,59.812364272312486,0.7807764064044153,49.052809427542606,4.999999999999999,53.452264733828684,0.44114190914003737,0.25222955153301774,0.3066285393269449,-0.28350000381469725,-0.1306046034157612,18.443804249614445,False,False,62.85906726805308,62.810239327456486,0.42085889917110386,3.787933511293966,17.179082173251864,2.3760932748945893,0.2639961860519558,0.05821032753175939,-3.8309072833156463,-1.518727130426143,0.04882794059659773,1.2,1.2,False,1.2,12.804750442504883,2021-03-03,13.3412504196167,,0.0,0,0.0,-0.008759086078217071,-0.010510903293860485,0.0,0.0,-0.010510903293860485,1.4325074179658506,-0.15933500083115776
2021-03-24,12.611895561218262,12.642999649047852,13.159250259399414,12.636750221252441,13.151249885559082,245840000,NVDA,35082000000.0,,0.78,,,,,,,,,,15.0,0.5,10.0,55.0396214582977,4.052243477258926,21.200000762939453,-0.005083468514321288,-0.012132745523574351,-0.032725786945918434,1.626474665393414,40.0,572.9789479416165,82.34788713356947,42.129642396969444,42.129642396969444,False,47.75071597359084,54.04788006064083,52.31602544394458,55.779734677337075,0.7807764064044151,42.75071597359084,4.999999999999999,51.33439771754256,0.44114190914003737,0.25222955153301774,0.3066285393269449,-0.28350000381469725,-0.1306046034157612,18.443804249614445,False,False,57.53127630105439,57.5729072580078,0.42085889917110386,3.787933511293966,17.036201193523887,2.3760932748945893,0.2639961860519558,0.058698531946202795,-6.302093453951763,-1.518727130426143,-0.0416309569534144,1.2,1.2,False,1.2,12.804750442504883,2021-03-03,13.3412504196167,,0.0,0,0.0,-0.032725786945918434,-0.03927094433510212,0.0,0.0,-0.03927094433510212,1.3762514988952927,-0.19234870921798608
2021-03-25,12.504410743713379,12.535249710083008,12.714750289916992,12.272000312805176,12.499500274658203,295144000,NVDA,35082000000.0,,0.78,,,,,,,,,,15.0,0.5,10.0,55.0396214582977,4.0177082404112205,19.809999465942383,0.005625576112623376,-0.0006179656025471214,-0.008522497979580268,1.6483145826831507,40.0,569.7178981763537,74.72088395803114,40.5055519538001,40.5055519538001,False,40.90418392236376,48.91673614178305,47.1848815250868,50.648590758479294,0.7807764064044153,35.90418392236376,4.999999999999999,48.91264964671175,0.44114190914003737,0.25222955153301774,0.3066285393269449,-0.28350000381469725,-0.1306046034157612,18.443804249614445,False,False,46.70740276518762,46.82890093562171,0.42085889917110386,5.291291939747594,16.56245047533106,2.3760932748945893,0.18898976117498106,0.06037753902959286,-6.846532051227086,-0.5444385972753238,-0.12149817043409143,1.2,1.2,False,1.2,12.804750442504883,2021-03-03,13.3412504196167,,0.0,0,0.0,-0.008522497979580268,-0.01022699757549632,0.0,0.0,-0.01022699757549632,1.3621765781528175,-0.20060855701066016
2021-03-26,12.807663917541504,12.839249610900879,12.856249809265137,12.373499870300293,12.554499626159668,363968000,NVDA,35082000000.0,,0.78,,,,,,,,,,15.0,0.5,10.0,55.0396214582977,4.115144106057974,18.860000610351562,0.016114956588609397,0.025428916076427388,0.024251603107143582,1.6208545848669607,40.0,562.0205261726577,61.91178695835257,39.90675554026021,39.90675554026021,False,32.80765787904044,42.62794202354722,40.896087406850974,44.35979664024347,0.7807764064044151,27.80765787904044,4.999999999999999,45.498208785301955,0.44114190914003737,0.25222955153301774,0.3066285393269449,-0.28350000381469725,-0.1306046034157612,18.443804249614445,False,False,37.60680655770952,37.59051018395076,0.42085889917110386,8.707980457133614,15.587907929120597,2.3760932748945893,0.11483718927972511,0.06415229064394504,-8.096526043323315,-1.249993992096229,0.016296373758754045,1.2,1.2,False,1.2,12.804750442504883,2021-03-03,13.3412504196167,,0.0,0,0.0,0.024251603107143582,0.029101923728572298,0.0,0.0,0.029101923728572298,1.4018185370350684,-0.17734472820751102
2021-03-29,12.91639518737793,12.948249816894531,13.0625,12.699999809265137,12.820249557495117,273520000,NVDA,35082000000.0,,0.78,,,,,,,,,,15.0,0.5,10.0,55.0396214582977,4.150080069517478,20.739999771118164,-0.0005051068273195236,-0.005200892823768566,0.00848960876195659,1.6150571064625174,40.0,557.9226077355755,49.220341119452534,38.922828454907865,38.922828454907865,False,26.751988661506402,36.43015711641806,34.69830249972181,38.162011733114305,0.7807764064044153,21.751988661506402,4.999999999999999,41.995350968064805,0.44114190914003737,0.25222955153301774,0.3066285393269449,-0.28350000381469725,-0.1306046034157612,18.443804249614445,False,False,33.494410147073964,33.39839361001208,0.42085889917110386,12.77045135399035,13.908764275031407,2.3760932748945893,0.07830576792319346,0.07189711323206259,-6.055669217534039,1.518727130426143,0.0960165370618887,1.2,1.2,False,1.2,12.804750442504883,2021-03-03,13.3412504196167,,0.0,0,0.0,0.00848960876195659,0.010187530514347908,0.0,0.0,0.010187530514347908,1.4160996061566917,-0.16896390252333585
2021-03-30,12.840083122253418,12.871749877929688,12.975250244140625,12.704999923706055,12.842000007629395,200204000,NVDA,35082000000.0,,0.78,,,,,,,,,,15.0,0.5,10.0,55.0396214582977,4.125560858310797,19.610000610351562,-0.002652958199523048,-0.00947113229629526,-0.0059081296736357425,1.6091179072183106,40.0,550.528170526707,36.04311946808489,38.253474706526156,38.253474706526156,False,22.925421393712867,31.158067602910513,29.426212986214267,32.88992221960676,0.7807764064044151,17.925421393712867,4.999999999999999,38.46642329832987,0.44114190914003737,0.25222955153301774,0.3066285393269449,-0.28350000381469725,-0.1306046034157612,18.443804249614445,False,False,30.816422736295177,30.937920906729268,0.42085889917110386,17.323237568334147,11.66886078317021,2.3760932748945893,0.05772593004369696,0.08569816870574737,-3.8265672677935356,1.518727130426143,-0.12149817043409143,1.2,1.2,False,1.2,12.804750442504883,2021-03-03,13.3412504196167,,0.0,0,0.0,-0.0059081296736357425,-0.007089755608362891,0.0,0.0,-0.007089755608362891,1.4060598060319418,-0.17485574535617307
2021-03-31,13.315412521362305,13.348250389099121,13.470499992370605,12.982500076293945,13.01550006866455,314776000,NVDA,35082000000.0,,0.78,,,,,,,,,,15.0,0.5,10.0,55.0396214582977,4.278285381121513,19.399999618530273,0.0040533416294838975,0.015910670075976574,0.03701909341685217,1.6589136400130375,40.0,556.7449449111245,29.195882082169096,41.76136375791513,41.76136375791513,False,22.634052164113115,27.83039253169052,26.098537914994274,29.562247148386767,0.7807764064044153,17.634052164113115,4.999999999999999,37.81496657918861,0.44114190914003737,0.25222955153301774,0.3066285393269449,-0.28350000381469725,-0.1306046034157612,18.443804249614445,False,False,30.333734922650706,30.455233093084797,0.42085889917110386,21.333702417761355,8.82691392824057,2.3760932748945893,0.04687418903750391,0.1132898777681098,-0.2913692295997521,1.518727130426143,-0.12149817043409143,0.25,1.2,True,0.25,12.804750442504883,2021-03-03,13.348250389099121,,0.0,0,0.0,0.03701909341685217,0.044422912100222596,0.95,0.000475,0.04394791210022259,1.4678531987950896,-0.13859237818308248
2021-04-01,13.777774810791016,13.811750411987305,13.869999885559082,13.511249542236328,13.572250366210938,308276000,NVDA,35082000000.0,,0.78,,,,,,,,,,15.0,0.5,10.0,55.0396214582977,4.4268430807651615,17.329999923706055,0.010799078859294209,0.020103894420804735,0.034723653615810424,1.6567885294744675,40.0,568.6827511656863,33.973452670900066,46.77692831386502,46.77692831386502,False,25.655228360959544,26.981234099409036,25.24937948271279,28.713088716105283,0.7807764064044151,20.655228360959544,4.999999999999999,40.557926299892465,0.44114190914003737,0.25222955153301774,0.3066285393269449,-0.28350000381469725,-0.1306046034157612,18.443804249614445,False,False,31.653638506574808,31.697193594356833,0.42085889917110386,23.731617096828327,6.492112804606693,2.3760932748945893,0.04213787859124221,0.15403305982151402,3.0211761968464295,1.518727130426143,-0.04355508778202591,0.25,0.25,False,0.25,12.804750442504883,2021-03-03,13.811750411987305,,0.0,0,0.0,0.034723653615810424,0.008680913403952606,0.0,0.0,0.008680913403952606,1.4805955053035444,-0.13111457321258516
2021-04-05,13.953089714050293,13.987500190734863,14.013999938964844,13.732999801635742,13.867500305175781,255672000,NVDA,35082000000.0,,0.78,,,,,,,,,,15.0,0.5,10.0,55.0396214582977,4.483173138056046,17.90999984741211,0.01435311202978129,0.02066728033700893,0.012724656434207171,1.590332453758158,40.0,571.8540026791541,39.91614093647851,64.99339525794588,64.99339525794588,False,37.56347681802053,31.112416820177422,29.380562203481176,32.84427143687367,0.7807764064044153,32.56347681802053,4.999999999999999,47.64253654678093,0.44114190914003737,0.25222955153301774,0.3066285393269449,-0.28350000381469725,-0.1306046034157612,18.443804249614445,False,False,39.27509185321235,39.37509137258005,0.42085889917110386,25.03336969479836,6.463914296264972,2.3760932748945893,0.03994667965966197,0.15470502147248882,11.908248457060989,1.518727130426143,-0.09999951936769833,0.25,0.25,False,0.25,12.804750442504883,2021-03-03,13.987500190734863,,0.0,0,0.0,0.012724656434207171,0.0031811641085517928,0.0,0.0,0.0031811641085517928,1.485305522584299,-0.12835050607844542
2021-04-06,13.827398300170898,13.861499786376953,14.05424976348877,13.773500442504883,13.999750137329102,191744000,NVDA,35082000000.0,,0.78,,,,,,,,,,15.0,0.5,10.0,55.0396214582977,4.442788393069536,18.1200008392334,-0.0005905853012750928,-0.004266678790128542,-0.009008071681126495,1.5623144320327789,40.0,563.5702270339995,33.69274446833897,75.1234687257222,75.1234687257222,False,40.80103233449907,34.894738022330486,33.16288340563424,36.62659263902673,0.7807764064044151,35.80103233449907,4.999999999999999,49.178981677308826,0.44114190914003737,0.25222955153301774,0.3066285393269449,-0.28350000381469725,-0.1306046034157612,18.443804249614445,False,False,39.82650655542109,39.705008384986996,0.42085889917110386,26.431507873670977,8.960950964395249,2.3760932748945893,0.03783363419065935,0.1115952987549338,3.237555516478537,-1.518727130426143,0.12149817043409143,0.25,0.25,False,0.25,12.804750442504883,2021-03-03,13.987500190734863,,0.0,0,0.0,-0.009008071681126495,-0.0022520179202816237,0.0,0.0,-0.0022520179202816237,1.481960587930346,-0.13031347635896118
2021-04-07,14.108705520629883,14.143500328063965,14.243499755859375,13.71150016784668,13.880749702453613,251284000,NVDA,35082000000.0,,0.78,,,,,,,,,,15.0,0.5,10.0,55.0396214582977,4.533173182071783,17.15999984741211,0.0011572964304984446,0.005301733710475487,0.020344157993939627,1.5718936998384931,40.0,559.5063915732675,25.997887684391518,90.68110857722938,90.68110857722938,False,47.627316435576326,39.86538643120875,38.1335318145125,41.597241047904994,0.7807764064044153,42.627316435576326,4.999999999999999,52.00852778462527,0.44114190914003737,0.25222955153301774,0.3066285393269449,-0.28350000381469725,-0.1306046034157612,18.443804249614445,False,False,39.42512658116004,39.30362841072595,0.42085889917110386,27.998108509811008,13.101717466612785,2.3760932748945893,0.03571669849231362,0.0763258712110308,6.826284101077256,1.518727130426143,0.12149817043409143,0.25,0.25,False,0.25,12.804750442504883,2021-03-03,14.143500328063965,,0.0,0,0.0,0.020344157993939627,0.005086039498484907,0.0,0.0,0.005086039498484907,1.4894978980157574,-0.12589021634842293
2021-04-08,14.281779289245605,14.317000389099121,14.471500396728516,14.24899959564209,14.252750396728516,244416000,NVDA,35082000000.0,,0.78,,,,,,,,,,15.0,0.5,10.0,55.0396214582977,4.588782175993308,16.950000762939453,0.004746778556197873,0.014448779269299994,0.012267123202231112,1.589635255228471,40.0,554.7253889655941,18.880083978201522,100.0,100.0,False,50.11133676652538,43.86528457271206,42.13342995601582,45.59713918940831,0.7807764064044151,45.11133676652538,4.999999999999999,53.07064541302347,0.44114190914003737,0.25222955153301774,0.3066285393269449,-0.28350000381469725,-0.1306046034157612,18.443804249614445,False,False,37.279685343818514,37.15818717338442,0.42085889917110386,29.621028434281094,17.26513708612836,2.3760932748945893,0.03375980014396385,0.05792018881816166,2.4840203309490576,-1.518727130426143,0.12149817043409143,0.25,0.25,False,0.25,12.804750442504883,2021-03-03,14.317000389099121,,0.0,0,0.0,0.012267123202231112,0.003066780800557778,0.0,0.0,0.003066780800557778,1.4940658615718634,-0.1232095132463405
2021-04-09,14.364574432373047,14.399999618530273,14.407999992370605,14.175000190734863,14.21399974822998,195172000,NVDA,35082000000.0,,0.78,,,,,,,,,,15.0,0.5,10.0,55.0396214582977,4.615384493118677,16.690000534057617,0.007270149076117116,0.009614058689072058,0.00579724992494568,1.5841609974667747,40.0,550.6398902329581,13.276791586456646,100.0,100.0,False,45.92559112305278,44.669603944945315,42.93774932824907,46.40145856164156,0.7807764064044153,40.92559112305278,4.999999999999999,51.65732948594528,0.44114190914003737,0.25222955153301774,0.3066285393269449,-0.28350000381469725,-0.1306046034157612,18.443804249614445,False,False,34.42260020605839,34.3011020356243,0.42085889917110386,31.11197764200363,20.30143215105829,2.3760932748945893,0.032141961899905744,0.0492576086533812,-4.1857456434726,-1.518727130426143,0.12149817043409143,0.25,0.25,False,0.25,12.804750442504883,2021-03-03,14.399999618530273,,0.0,0,0.0,0.00579724992494568,0.00144931248123642,0.0,0.0,0.00144931248123642,1.4962312298728289,-0.12193876985045898
2021-04-12,15.171582221984863,15.208999633789062,15.352499961853027,14.139249801635742,14.289750099182129,869324000,NVDA,35082000000.0,,0.78,,,,,,,,,,15.0,0.5,10.0,55.0396214582977,4.874679369804187,16.90999984741211,0.0003645882466716266,-0.004796557198823548,0.056180558103470224,1.556711892389321,40.0,568.9807258468101,18.753567513135845,100.0,100.0,False,49.488308409591234,46.55076932266089,44.818914705964644,48.28262393935714,0.7807764064044151,44.488308409591234,4.999999999999999,53.03873422177841,0.44114190914003737,0.25222955153301774,0.3066285393269449,-0.28350000381469725,-0.1306046034157612,18.443804249614445,False,False,33.312979608426645,33.19148143799255,0.42085889917110386,31.603198687655187,22.63787847048196,2.3760932748945893,0.03164236664406439,0.04417375070300525,3.562717286538451,1.518727130426143,0.12149817043409143,0.25,0.25,False,0.25,12.804750442504883,2021-03-03,15.208999633789062,,0.0,0,0.0,0.056180558103470224,0.014045139525867556,0.0,0.0,0.014045139525867556,1.5172460062593531,-0.10960627736075379
2021-04-13,15.640926361083984,15.679499626159668,15.699999809265137,15.125749588012695,15.231499671936035,676212000,NVDA,35082000000.0,,0.78,,,,,,,,,,15.0,0.5,10.0,55.0396214582977,5.02548064941015,16.649999618530273,0.002963683460576405,0.009426620352796178,0.03093563046219816,1.557296741335953,40.0,577.3010523942093,33.22214115547072,100.0,100.0,False,59.564705710577314,51.63125656572741,49.899401949031166,53.36311118242366,0.7807764064044153,54.564705710577314,4.999999999999999,56.68813606290698,0.44114190914003737,0.25222955153301774,0.3066285393269449,-0.28350000381469725,-0.1306046034157612,18.443804249614445,False,False,33.32775061449556,33.44924878492965,0.42085889917110386,30.89077656887763,24.470811149674205,2.3760932748945893,0.03237212239615553,0.04086501235629509,10.07639730098608,1.518727130426143,-0.12149817043409143,0.25,0.25,False,0.25,12.804750442504883,2021-03-03,15.679499626159668,,0.0,0,0.0,0.03093563046219816,0.00773390761554954,0.0,0.0,0.00773390761554954,1.5289802467018245,-0.10272005456839658
2021-04-14,15.23941707611084,15.277000427246094,15.720499992370605,15.227499961853027,15.625,385500000,NVDA,35082000000.0,,0.78,,,,,,,,,,15.0,0.5,10.0,55.0396214582977,4.8964744959122095,16.989999771118164,-0.003415136352656223,-0.010602405043178775,-0.02567041095125544,1.556943880321164,40.0,572.8900335067011,35.32670324455708,100.0,100.0,False,60.68272122507478,55.164841590438314,53.43298697374207,56.89669620713456,0.7807764064044151,55.68272122507478,4.999999999999999,57.21896881481062,0.44114190914003737,0.25222955153301774,0.3066285393269449,-0.28350000381469725,-0.1306046034157612,18.443804249614445,False,False,32.77858440348081,32.65708623304671,0.42085889917110386,29.75823960480516,25.930474484534326,2.3760932748945893,0.033604138325390956,0.0385646626172008,1.1180155144974648,-1.518727130426143,0.12149817043409143,0.25,0.25,False,0.25,12.804750442504883,2021-03-03,15.679499626159668,,0.0,0,0.0,-0.02567041095125544,-0.00641760273781386,0.0,0.0,-0.00641760273781386,1.5191678588845277,-0.10847844080278388
2021-04-15,16.097551345825195,16.137250900268555,16.214250564575195,15.631500244140625,15.662500381469727,598480000,NVDA,35082000000.0,,0.78,,,,,,,,,,15.0,0.5,10.0,55.0396214582977,5.172195801368126,16.56999969482422,0.01074245419619091,0.01717406930701859,0.05631016881352102,1.5950408757903303,40.0,560.0436952597448,25.31895243657313,100.0,100.0,False,53.09164812417133,54.35549131825179,52.62363670155554,56.08734593494803,0.7807764064044153,48.09164812417133,4.999999999999999,54.69471831665863,0.44114190914003737,0.25222955153301774,0.3066285393269449,-0.28350000381469725,-0.1306046034157612,18.443804249614445,False,False,30.511503674356128,30.63300184479022,0.42085889917110386,28.60644860321474,27.05883748003523,2.3760932748945893,0.034957152978703616,0.03695650268559498,-7.591073100903451,-1.518727130426143,-0.12149817043409143,0.25,0.25,False,0.25,12.804750442504883,2021-03-03,16.137250900268555,,0.0,0,0.0,0.05631016881352102,0.014077542203380256,0.0,0.0,0.014077542203380256,1.5405540085319935,-0.09592800842796162
2021-04-16,15.87335205078125,15.912500381469727,16.16575050354004,15.865249633789062,16.05299949645996,335208000,NVDA,35082000000.0,,0.78,,,,,,,,,,15.0,0.5,10.0,55.0396214582977,5.100160378676194,16.25,0.0033424259137662116,-0.00020929867378527423,-0.013927435359828766,1.605707877106102,40.0,560.6676824854472,18.6413737681005,100.0,100.0,False,47.95230049842634,51.85576115933926,50.12390654264301,53.587615776035506,0.7807764064044151,42.95230049842634,4.999999999999999,53.01043564378334,0.44114190914003737,0.25222955153301774,0.3066285393269449,-0.28350000381469725,-0.1306046034157612,18.443804249614445,False,False,28.926912263150896,29.048410433584987,0.42085889917110386,27.242493688811148,27.77172019771879,2.3760932748945893,0.03670735915085164,0.03600785233613802,-5.139347625744989,1.518727130426143,-0.12149817043409143,0.25,0.25,False,0.25,12.804750442504883,2021-03-03,16.137250900268555,,0.0,0,0.0,-0.013927435359828766,-0.0034818588399571915,0.0,0.0,-0.0034818588399571915,1.535190016938955,-0.09907585948377441
2021-04-19,15.323958396911621,15.361749649047852,15.807499885559082,15.232999801635742,15.536499977111816,404420000,NVDA,35082000000.0,,0.78,,,,,,,,,,15.0,0.5,10.0,55.0396214582977,4.923637708028157,17.290000915527344,-0.004913047650308866,-0.008304273664086703,-0.03461119995090334,1.6074798825205558,40.0,570.5130811370772,20.44779277023012,100.0,100.0,False,48.859929051272566,50.68622364557562,48.95436902887938,52.41807826227187,0.7807764064044153,43.859929051272566,4.999999999999999,53.46606789857121,0.44114190914003737,0.25222955153301774,0.3066285393269449,-0.28350000381469725,-0.1306046034157612,18.443804249614445,False,False,28.47553495789445,28.35403678746036,0.42085889917110386,25.121402858266496,28.064704441927248,2.3760932748945893,0.03980669414212026,0.03563194481770671,0.9076285528462265,1.518727130426143,0.12149817043409143,0.25,0.25,False,0.25,12.804750442504883,2021-03-03,16.137250900268555,,0.0,0,0.0,-0.03461119995090334,-0.008652799987725834,0.0,0.0,-0.008652799987725834,1.5219063247792288,-0.10687137587577507
2021-04-20,15.133928298950195,15.171250343322754,15.496999740600586,14.963000297546387,15.323249816894531,334132000,NVDA,35082000000.0,,0.78,,,,,,,,,,15.0,0.5,10.0,55.0396214582977,4.8625802382444725,18.68000030517578,-0.007321543531961572,-0.008866332428571932,-0.012400885971794562,1.6044369870311848,40.0,575.095588129125,26.81100802251917,100.0,100.0,False,53.061825511916325,51.61363058970018,49.88177597300393,53.345485206396425,0.7807764064044151,48.061825511916325,4.999999999999999,55.07105882796414,0.44114190914003737,0.25222955153301774,0.3066285393269449,-0.28350000381469725,-0.1306046034157612,18.443804249614445,False,False,28.290906774572914,28.169408604138823,0.42085889917110386,21.999646727962126,28.033898918935176,2.3760932748945893,0.04545527536717096,0.035671099581676864,4.201896460643759,1.518727130426143,0.12149817043409143,0.25,0.25,False,0.25,12.804750442504883,2021-03-03,16.137250900268555,,0.0,0,0.0,-0.012400885971794562,-0.0031002214929486405,0.0,0.0,-0.0031002214929486405,1.5171880780808937,-0.10964027243225268
2021-04-21,15.322710990905762,15.36050033569336,15.362500190734863,15.102250099182129,15.118749618530273,216776000,NVDA,35082000000.0,,0.78,,,,,,,,,,15.0,0.5,10.0,55.0396214582977,4.9232372870812044,17.5,0.009462100030156906,0.010081633705444792,0.012474251501221723,1.6113129810042246,40.0,562.2535616175978,19.686940460468332,100.0,100.0,False,47.47862796962898,49.99937434661416,48.267519729917915,51.73122896331041,0.7807764064044153,42.47862796962898,4.999999999999999,53.274158461697134,0.44114190914003737,0.25222955153301774,0.3066285393269449,-0.28350000381469725,-0.1306046034157612,18.443804249614445,False,False,26.245011065470226,26.366509235904317,0.42085889917110386,18.865233566179622,27.75169233449088,2.3760932748945893,0.053007559990814836,0.036033838511432374,-5.583197542287344,-1.518727130426143,-0.12149817043409143,0.25,0.25,False,0.25,12.804750442504883,2021-03-03,16.137250900268555,,0.0,0,0.0,0.012474251501221723,0.0031185628753054306,0.0,0.0,0.0031185628753054306,1.5219195244960528,-0.10686362964019282
2021-04-22,14.813718795776367,14.850250244140625,15.43850040435791,14.783499717712402,15.375,277788000,NVDA,35082000000.0,,0.78,,,,,,,,,,15.0,0.5,10.0,55.0396214582977,4.759695591070713,18.709999084472656,-0.009133122416069117,-0.011738230960808171,-0.03321832495046151,1.624609999244488,40.0,570.6351472692181,19.509017537936554,100.0,100.0,False,47.24757936773609,48.92510604922909,47.19325143253285,50.65696066592534,0.7807764064044151,42.24757936773609,4.999999999999999,53.2292810427395,0.44114190914003737,0.25222955153301774,0.3066285393269449,-0.28350000381469725,-0.1306046034157612,18.443804249614445,False,False,25.42607831622003,25.54757648665412,0.42085889917110386,15.46868877920267,27.047515327553974,2.3760932748945893,0.06464672049931466,0.03697197276310535,-0.2310486018928941,1.518727130426143,-0.12149817043409143,0.25,0.25,False,0.25,12.804750442504883,2021-03-03,16.137250900268555,,0.0,0,0.0,-0.03321832495046151,-0.008304581237615377,0.0,0.0,-0.008304581237615377,1.5092806201677624,-0.11428075318411475
2021-04-23,15.22769546508789,15.265250205993652,15.335000038146973,14.900250434875488,14.934249877929688,227500000,NVDA,35082000000.0,,0.78,,,,,,,,,,15.0,0.5,10.0,55.0396214582977,4.892708399356939,17.329999923706055,0.010842412350696051,0.014935922856080586,0.027945654452306012,1.6148959071660793,40.0,564.0210642724305,15.174600333198319,100.0,100.0,False,44.208942612246275,47.083971479057425,45.35211686236118,48.81582609575367,0.7807764064044153,39.208942612246275,4.999999999999999,52.136012935031374,0.44114190914003737,0.25222955153301774,0.3066285393269449,-0.28350000381469725,-0.1306046034157612,18.443804249614445,False,False,23.853043536612482,23.73154536617839,0.42085889917110386,12.127796631564632,25.854132225392743,2.3760932748945893,0.08245520850814168,0.038678536617749865,-3.0386367554898115,-1.518727130426143,0.12149817043409143,0.25,0.25,False,0.25,12.804750442504883,2021-03-03,16.137250900268555,,0.0,0,0.0,0.027945654452306012,0.006986413613076503,0.0,0.0,0.006986413613076503,1.5198250788384553,-0.10809275218079623
2021-04-26,15.439922332763672,15.477999687194824,15.479000091552734,15.125,15.1850004196167,197796000,NVDA,35082000000.0,,0.78,,,,,,,,,,15.0,0.5,10.0,55.0396214582977,4.960897335639366,17.639999389648438,0.002087620908898691,0.00511559735914946,0.013936848615664355,1.615630121449057,40.0,557.842433272652,10.826418831480273,100.0,100.0,False,41.47565892254582,44.89455241712448,43.162697800428234,46.626407033820726,0.7807764064044151,36.47565892254582,4.999999999999999,51.03927306486887,0.44114190914003737,0.25222955153301774,0.3066285393269449,-0.28350000381469725,-0.1306046034157612,18.443804249614445,False,False,22.296605680934025,22.175107510499934,0.42085889917110386,9.962170958686897,24.16326401206822,2.3760932748945893,0.10037972688352749,0.04138513735149999,-2.733283689700457,0.3053530657893546,0.12149817043409143,0.25,0.25,False,0.25,12.804750442504883,2021-03-03,16.137250900268555,,0.0,0,0.0,0.013936848615664355,0.0034842121539160886,0.0,0.0,0.0034842121539160886,1.5251204718499707,-0.10498515810777874
2021-04-27,15.34390926361084,15.381750106811523,15.670499801635742,15.354499816894531,15.578499794006348,164572000,NVDA,35082000000.0,,0.78,,,,,,,,,,15.0,0.5,10.0,55.0396214582977,4.930048111157539,17.559999465942383,-0.00021550331899955477,-0.002440151032550797,-0.006218476697795072,1.6797604834906805,40.0,549.7314255552666,7.378235082190527,100.0,100.0,False,39.61013334551997,42.83157755079332,41.09972293409707,44.563432167489566,0.7807764064044153,34.61013334551997,4.999999999999999,50.16953922418208,0.44114190914003737,0.25222955153301774,0.3066285393269449,-0.28350000381469725,-0.1306046034157612,18.443804249614445,False,False,22.080173037135438,21.958674866701347,0.42085889917110386,9.239733894809747,21.80062371673792,2.3760932748945893,0.10822822511822898,0.04587024724582662,-1.8655255770258492,0.8677581126746077,0.12149817043409143,0.25,0.25,False,0.25,12.804750442504883,2021-03-03,16.137250900268555,,0.0,0,0.0,-0.006218476697795072,-0.001554619174448768,0.0,0.0,-0.001554619174448768,1.5227494903210883,-0.10637656534240064
2021-04-28,15.239166259765625,15.276749610900879,15.53225040435791,15.215499877929688,15.364500045776367,209416000,NVDA,35082000000.0,,0.78,,,,,,,,,,15.0,0.5,10.0,55.0396214582977,4.896394106057974,17.280000686645508,-0.00028739969425406464,-0.009295511699986658,-0.0068263035858414645,1.7163243411121993,40.0,544.1722775519196,5.0,100.0,100.0,False,38.60394445596337,41.18115946310447,39.449304846408225,42.91301407980072,0.7807764064044151,33.60394445596337,4.999999999999999,49.56967805596108,0.44114190914003737,0.25222955153301774,0.3066285393269449,-0.28350000381469725,-0.1306046034157612,18.443804249614445,False,False,23.450126242226776,23.571624412660867,0.42085889917110386,9.723263644706703,18.529650163365606,2.3760932748945893,0.10284612621240555,0.053967559623822194,-1.0061888895565971,0.8593366874692521,-0.12149817043409143,0.25,0.25,False,0.25,12.804750442504883,2021-03-03,16.137250900268555,,0.0,0,0.0,-0.0068263035858414645,-0.0017065758964603661,0.0,0.0,-0.0017065758964603661,1.520150802744559,-0.10790160155649949
2021-04-29,15.287050247192383,15.324749946594238,15.43649959564209,15.071499824523926,15.399999618530273,173196000,NVDA,35082000000.0,,0.78,,,,,,,,,,15.0,0.5,10.0,55.0396214582977,4.9117788290366144,17.610000610351562,0.006372792767143753,-0.0008465263999117845,0.003142051608878038,1.7155035501832898,40.0,537.7527788929369,5.0,100.0,100.0,False,39.14146503958034,40.384886822023326,38.65303220532708,42.11674143871957,0.7807764064044153,34.14146503958034,4.999999999999999,49.56967805596108,0.44114190914003737,0.25222955153301774,0.3066285393269449,-0.28350000381469725,-0.1306046034157612,18.443804249614445,False,False,26.826195801082633,26.704697630648543,0.42085889917110386,10.338812726924077,14.535702029055342,2.3760932748945893,0.09672290488402262,0.06879612680564758,0.537520583616967,1.518727130426143,0.12149817043409143,0.25,0.25,False,0.25,12.804750442504883,2021-03-03,16.137250900268555,,0.0,0,0.0,0.003142051608878038,0.0007855129022195095,0.0,0.0,0.0007855129022195095,1.5213449008134339,-0.1072008467544729
2021-04-30,14.972577095031738,15.009499549865723,15.364999771118164,14.996999740600586,15.174500465393066,201912000,NVDA,35082000000.0,,0.78,,,,,,,,,,15.0,0.5,10.0,55.0396214582977,4.810737035213372,18.610000610351562,-0.006570513216365037,-0.013627111968027128,-0.020571324023370252,1.7142328317731546,40.0,540.1536572092083,5.0,100.0,100.0,False,39.704768815501886,40.11937677549195,38.387522158795704,41.8512313921882,0.7807764064044151,34.704768815501886,4.999999999999999,49.56967805596108,0.44114190914003737,0.25222955153301774,0.3066285393269449,-0.28350000381469725,-0.1306046034157612,18.443804249614445,False,False,32.45069450143368,32.572192671867775,0.42085889917110386,10.504250847304245,9.435933253907706,2.3760932748945893,0.09519955440293343,0.10597785858498625,0.5633037759215469,0.025783192304579927,-0.12149817043409143,0.25,0.25,False,0.25,12.804750442504883,2021-03-03,16.137250900268555,,0.0,0,0.0,-0.020571324023370252,-0.005142831005842563,0.0,0.0,-0.005142831005842563,1.51352088108695,-0.11179236192177401
2021-05-03,14.800248146057129,14.836750030517578,15.246749877929688,14.787500381469727,15.125,203912000,NVDA,35082000000.0,,0.78,,,,,,,,,,15.0,0.5,10.0,55.0396214582977,4.755368599524864,18.309999465942383,0.0021567803508037997,-0.00279169218445241,-0.011509345716306019,1.7387300288495522,40.0,539.4134328368848,5.0,100.0,100.0,False,40.28837896650644,40.185353237179335,38.45349862048309,41.91720785387558,0.7807764064044153,35.28837896650644,4.999999999999999,49.56967805596108,0.44114190914003737,0.25222955153301774,0.3066285393269449,-0.28350000381469725,-0.1306046034157612,18.443804249614445,False,False,42.56773532548677,42.54330708022363,0.42085889917110386,9.884507437940028,5.83644267520462,2.3760932748945893,0.10116842000256555,0.17133724353164165,0.5836101510045566,0.020306375083009698,0.02442824526314837,0.25,0.25,False,0.25,12.804750442504883,2021-03-03,16.137250900268555,,0.0,0,0.0,-0.011509345716306019,-0.0028773364290765047,0.0,0.0,-0.0028773364290765047,1.5091659723196307,-0.11434803411540044
2021-05-04,14.315942764282227,14.351249694824219,14.637499809265137,14.010250091552734,14.637249946594238,405324000,NVDA,35082000000.0,,0.78,,,,,,,,,,15.0,0.5,10.0,55.0396214582977,4.599759517571865,19.479999542236328,-0.006169337672248809,-0.01794558928872636,-0.03272282236303359,1.7416957851403503,40.0,560.0886656951925,5.0,100.0,100.0,False,40.88510488940808,40.458528027380694,38.72667341068445,42.19038264407694,0.7807764064044151,35.88510488940808,4.999999999999999,49.56967805596108,0.44114190914003737,0.25222955153301774,0.3066285393269449,-0.28350000381469725,-0.1306046034157612,18.443804249614445,False,False,65.2957657939528,65.22634514493883,0.42085889917110386,9.587239976761238,3.192701630657041,2.3760932748945893,0.10430530605512392,0.3132143606523624,0.5967259229016406,0.013115771897084016,0.06942064901396862,0.25,0.25,False,0.25,12.804750442504883,2021-03-03,16.137250900268555,,0.0,0,0.0,-0.03272282236303359,-0.008180705590758397,0.0,0.0,-0.008180705590758397,1.4968199298124931,-0.12159329210417875
2021-05-05,14.422931671142578,14.458499908447266,14.81350040435791,14.387499809265137,14.708999633789062,292024000,NVDA,35082000000.0,,0.78,,,,,,,,,,15.0,0.5,10.0,55.0396214582977,4.6341345860407905,19.149999618530273,0.00031279746965928723,-0.002412117805304037,0.00747323166300462,1.7040910783906897,40.0,551.3891046853042,5.0,100.0,100.0,False,41.48866244771753,40.86068035279274,39.128825736096495,42.59253496948899,0.7807764064044153,36.48866244771753,4.999999999999999,49.56967805596108,0.44114190914003737,0.25222955153301774,0.3066285393269449,-0.28350000381469725,-0.1306046034157612,18.443804249614445,False,False,65.78321629940434,65.71446936440681,0.42085889917110386,9.666300888406132,3.192701630657041,2.3760932748945893,0.1034521904029918,0.3132143606523624,0.603557558309447,0.006831635407806402,0.06874693499754017,0.25,0.25,False,0.25,12.804750442504883,2021-03-03,16.137250900268555,,0.0,0,0.0,0.00747323166300462,0.001868307915751155,0.0,0.0,0.001868307915751155,1.4996164503358158,-0.11995215789856813
2021-05-06,14.487269401550293,14.52299976348877,14.571249961853027,14.218000411987305,14.49524974822998,193380000,NVDA,35082000000.0,,0.78,,,,,,,,,,15.0,0.5,10.0,55.0396214582977,4.6548076165028105,18.389999389648438,0.007985585867032574,0.010038177160494488,0.004461033679145299,1.6929737346312863,40.0,544.8839479813477,5.0,100.0,100.0,False,42.09024136669785,41.34068646773864,39.608831851042396,43.07254108443489,0.7807764064044151,37.09024136669785,4.999999999999999,49.56967805596108,0.44114190914003737,0.25222955153301774,0.3066285393269449,-0.28350000381469725,-0.1306046034157612,18.443804249614445,False,False,66.63234770075283,66.51084953031874,0.42085889917110386,9.918134219139583,3.192701630657041,2.3760932748945893,0.10082541513405249,0.3132143606523624,0.6015789189803229,-0.001978639329124121,0.12149817043409143,0.25,0.25,False,0.25,12.804750442504883,2021-03-03,16.137250900268555,,0.0,0,0.0,0.004461033679145299,0.0011152584197863247,0.0,0.0,0.0011152584197863247,1.501288910208503,-0.11897067713284969
2021-05-07,14.775810241699219,14.812250137329102,14.970749855041504,14.67175006866455,14.808250427246094,229328000,NVDA,35082000000.0,,0.78,,,,,,,,,,15.0,0.5,10.0,55.0396214582977,4.747516069656763,16.690000534057617,0.007277991122397465,0.00855997550624088,0.019916709946351085,1.7017034131200204,40.0,549.8504159801272,5.0,100.0,100.0,False,42.68867670761778,41.86692595541917,40.13507133872292,43.598780572115416,0.7807764064044153,37.68867670761778,4.999999999999999,49.56967805596108,0.44114190914003737,0.25222955153301774,0.3066285393269449,-0.28350000381469725,-0.1306046034157612,18.443804249614445,False,False,67.2744003685339,67.27233771314954,0.42085889917110386,10.16212038738841,3.192701630657041,2.3760932748945893,0.09840465984255012,0.3132143606523624,0.5984353409199272,-0.0031435780603956687,0.0020626553843663942,0.25,0.25,False,0.25,12.804750442504883,2021-03-03,16.137250900268555,,0.0,0,0.0,0.019916709946351085,0.004979177486587771,0.0,0.0,0.004979177486587771,1.508764094151077,-0.11458387576340597
2021-05-10,14.230653762817383,14.26574993133545,14.805999755859375,14.25,14.787249565124512,268904000,NVDA,35082000000.0,,0.78,,,,,,,,,,15.0,0.5,10.0,55.0396214582977,4.5723557472229,19.65999984741211,-0.009902380186043613,-0.025246310419723694,-0.03689515103558705,1.6778145958259747,40.0,544.807303409048,5.0,100.0,100.0,False,43.28038378503723,42.41872321782586,40.68686860112961,44.1505778345221,0.7807764064044151,38.28038378503723,4.999999999999999,49.56967805596108,0.44114190914003737,0.25222955153301774,0.3066285393269449,-0.28350000381469725,-0.1306046034157612,18.443804249614445,False,False,67.90175275688894,67.9001282468823,0.42085889917110386,10.32705358993584,3.192701630657041,2.3760932748945893,0.0968330406433199,0.3132143606523624,0.59170707741945,-0.006728263500477283,0.0016245100066407758,0.25,0.25,False,0.25,12.804750442504883,2021-03-03,16.137250900268555,,0.0,0,0.0,-0.03689515103558705,-0.009223787758896762,0.0,0.0,-0.009223787758896762,1.4948475743683833,-0.12275076617166923
2021-05-11,14.271052360534668,14.306249618530273,14.35474967956543,13.75,13.824999809265137,285584000,NVDA,35082000000.0,,0.78,,,,,,,,,,15.0,0.5,10.0,55.0396214582977,4.5853364161956005,21.84000015258789,-0.008924752271950998,-0.0030254106344703713,0.00283894554368036,1.6872813057951086,40.0,538.8078137502799,5.0,100.0,100.0,False,43.85584654993098,42.979759213226345,41.2479045965301,44.71161382992259,0.7807764064044153,38.85584654993098,4.999999999999999,49.56967805596108,0.44114190914003737,0.25222955153301774,0.3066285393269449,-0.28350000381469725,-0.1306046034157612,18.443804249614445,False,False,66.82755439607325,66.8265051343215,0.42085889917110386,9.432584630284202,3.192701630657041,2.3760932748945893,0.10601548135485642,0.3132143606523624,0.57546276489375,-0.01624431252569991,0.0010492617517667213,0.25,0.25,False,0.25,12.804750442504883,2021-03-03,16.137250900268555,,0.0,0,0.0,0.00283894554368036,0.00070973638592009,0.0,0.0,0.00070973638592009,1.495908522083317,-0.1221281504709007
2021-05-12,13.724652290344238,13.758500099182129,14.260250091552734,13.709250450134277,14.009499549865723,303408000,NVDA,35082000000.0,,0.78,,,,,,,,,,15.0,0.5,10.0,55.0396214582977,4.409775672814785,27.59000015258789,-0.021245233032779476,-0.028125253753175317,-0.03828742919728367,1.6752580316107428,40.0,562.9831513824909,5.0,100.0,100.0,False,44.43224112209528,43.5467910158134,41.81493639911715,45.278645632509644,0.7807764064044151,39.43224112209528,4.999999999999999,49.56967805596108,0.44114190914003737,0.25222955153301774,0.3066285393269449,-0.28350000381469725,-0.1306046034157612,18.443804249614445,False,False,63.70584614788592,63.7052996170533,0.42085889917110386,7.870798753946514,3.192701630657041,2.3760932748945893,0.12705190810508118,0.3132143606523624,0.5763945721642969,0.0009318072705468694,0.0005465308326245122,0.25,0.25,False,0.25,12.804750442504883,2021-03-03,16.137250900268555,,0.0,0,0.0,-0.03828742919728367,-0.009571857299320918,0.0,0.0,-0.009571857299320918,1.4815898991770975,-0.13053101454168414
2021-05-13,13.631630897521973,13.665249824523926,14.080750465393066,13.458999633789062,14.0337495803833,285404000,NVDA,35082000000.0,,0.78,,,,,,,,,,15.0,0.5,10.0,55.0396214582977,4.379887764270489,23.1299991607666,0.01201251837200945,0.01325112729811484,-0.006777648289128968,1.6400709433487777,40.0,559.2967342020214,5.0,100.0,100.0,False,45.032856923060564,44.126933615183674,42.39507899848743,45.85878823187992,0.7807764064044153,40.032856923060564,4.999999999999999,49.56967805596108,0.44114190914003737,0.25222955153301774,0.3066285393269449,-0.28350000381469725,-0.1306046034157612,18.443804249614445,False,False,62.11140269177658,62.11156098292291,0.42085889917110386,7.199834869569599,3.192701630657041,2.3760932748945893,0.13889207434833561,0.3132143606523624,0.6006158009652864,0.024221228800989536,-0.0001582911463299297,0.25,0.25,False,0.25,13.665249824523926,2021-05-13,13.665249824523926,Trailing_Stop,0.01428033443526261,71,0.15,-0.006777648289128968,-0.001694412072282242,0.0,0.0,-0.001694412072282242,1.4790794753657603,-0.13200425328711973
2021-05-14,14.207961082458496,14.243000030517578,14.32800006866455,13.748499870300293,13.890000343322754,258616000,NVDA,35082000000.0,,0.78,,,,,,,,,,15.0,0.5,10.0,55.0396214582977,4.565064112345377,18.809999465942383,0.015355337359152399,0.022021740763443987,0.04227878841679211,1.6509925807912005,40.0,564.4257124629335,5.052838513342611,100.0,100.0,False,45.75101550513754,44.76095602605601,43.02910140935976,46.492810642752254,0.7807764064044151,40.75101550513754,4.999999999999999,49.58300549048515,0.44114190914003737,0.25222955153301774,0.3066285393269449,-0.28350000381469725,-0.1306046034157612,18.443804249614445,False,False,61.84082470404506,61.8410761902899,0.42085889917110386,6.971414364069023,3.192701630657041,2.3760932748945893,0.14344291527900624,0.3132143606523624,0.718158582076974,0.11754278111168759,-0.0002514862448316535,0.25,0.25,False,0.25,13.665249824523926,2021-05-13,14.243000030517578,,0.0,0,0.0,0.04227878841679211,0.010569697104198028,0.0,0.0,0.010569697104198028,1.4947128974134125,-0.12282980115663243
2021-05-17,14.130650520324707,14.165499687194824,14.169249534606934,13.853500366210938,14.156999588012695,216980000,NVDA,35082000000.0,,0.78,,,,,,,,,,15.0,0.5,10.0,55.0396214582977,4.5402242587162895,19.719999313354492,-0.002544523483510863,-0.007354022881451483,-0.005441293488499532,1.648402619779426,40.0,555.3559676067603,5.0,100.0,100.0,False,46.37785342634509,45.39217369691718,43.66031908022094,47.12402831361343,0.7807764064044153,41.37785342634509,4.999999999999999,49.56967805596108,0.44114190914003737,0.25222955153301774,0.3066285393269449,-0.28350000381469725,-0.1306046034157612,18.443804249614445,False,False,60.38440555132226,60.3849438124023,0.42085889917110386,6.504966439082145,3.192701630657041,2.3760932748945893,0.15372869473883105,0.3132143606523624,0.626837921207553,-0.09132066086942103,-0.0005382610800381826,0.25,0.25,False,0.25,13.665249824523926,2021-05-13,14.243000030517578,,0.0,0,0.0,-0.005441293488499532,-0.001360323372124883,0.0,0.0,-0.001360323372124883,1.4926796045244446,-0.12402303627945048
2021-05-18,13.981269836425781,14.01574993133545,14.404250144958496,14.003999710083008,14.267000198364258,186256000,NVDA,35082000000.0,,0.78,,,,,,,,,,15.0,0.5,10.0,55.0396214582977,4.492227542094695,21.34000015258789,-0.00861567834742083,-0.008001199179430318,-0.010571441824586247,1.6443501943779084,40.0,544.2726803977789,5.0,100.0,100.0,False,46.992344900916166,46.01686165806226,44.285007041366015,47.74871627475851,0.7807764064044151,41.992344900916166,4.999999999999999,49.56967805596108,0.44114190914003737,0.25222955153301774,0.3066285393269449,-0.28350000381469725,-0.1306046034157612,18.443804249614445,False,False,50.707920529851144,50.7092200748532,0.42085889917110386,4.898574934594717,3.192701630657041,2.3760932748945893,0.20414100291450066,0.3132143606523624,0.614491474571075,-0.012346446636477992,-0.001299545002055993,0.25,0.25,False,0.25,13.665249824523926,2021-05-13,14.243000030517578,,0.0,0,0.0,-0.010571441824586247,-0.002642860456146562,0.0,0.0,-0.002642860456146562,1.4887346606239504,-0.12633812115736284
2021-05-19,14.031148910522461,14.065750122070312,14.079500198364258,13.54325008392334,13.566499710083008,344000000,NVDA,35082000000.0,,0.78,,,,,,,,,,15.0,0.5,10.0,55.0396214582977,4.508253244253305,22.18000030517578,-0.0026217825009537954,0.0035100914273862305,0.003567428855381971,1.641760658533359,40.0,538.0722392614293,5.0,100.0,100.0,False,47.61156116579027,46.639413533531645,44.9075589168354,48.37126815022789,0.7807764064044153,42.61156116579027,4.999999999999999,49.56967805596108,0.44114190914003737,0.25222955153301774,0.3066285393269449,-0.28350000381469725,-0.1306046034157612,18.443804249614445,False,False,41.657383414953955,41.65730887037231,0.42085889917110386,3.969516707207172,3.192701630657041,2.3760932748945893,0.25191983653434946,0.3132143606523624,0.6192162648741046,0.004724790303029636,7.454458164374956e-05,0.25,0.25,False,0.25,13.665249824523926,2021-05-13,14.243000030517578,,0.0,0,0.0,0.003567428855381971,0.0008918572138454928,0.0,0.0,0.0008918572138454928,1.4900623993705295,-0.12555893950825536
2021-05-20,14.57655143737793,14.612500190734863,14.68375015258789,14.270500183105469,14.302499771118164,321592000,NVDA,35082000000.0,,0.78,,,,,,,,,,15.0,0.5,10.0,55.0396214582977,4.683493650876558,20.670000076293945,0.010757955472233016,0.019126348274236316,0.038871021020532304,1.6513633728334145,40.0,551.8680396271646,5.0,100.0,100.0,False,48.22072782092014,47.25673997688322,45.52488536018697,48.988594593579464,0.7807764064044151,43.22072782092014,4.999999999999999,49.56967805596108,0.44114190914003737,0.25222955153301774,0.3066285393269449,-0.28350000381469725,-0.1306046034157612,18.443804249614445,False,False,39.93264720274673,39.93070950444265,0.42085889917110386,3.787933511293966,3.192701630657041,2.3760932748945893,0.2639961860519558,0.3132143606523624,0.6091666551298687,-0.010049609744235966,0.001937698304079163,0.25,0.25,False,0.25,13.665249824523926,2021-05-13,14.612500190734863,,0.0,0,0.0,0.038871021020532304,0.009717755255133076,0.0,0.0,0.009717755255133076,1.5045424610824887,-0.11706133529735757
2021-05-21,14.954869270324707,14.99174976348877,15.222000122070312,14.869500160217285,15.163749694824219,672992000,NVDA,35082000000.0,,0.78,,,,,,,,,,15.0,0.5,10.0,55.0396214582977,4.8050480011181955,20.149999618530273,-0.0008187158998508304,-0.005476851078054512,0.025953777095200525,1.5684028647408448,40.0,570.2713428632106,11.106439438815299,100.0,100.0,False,56.51836879936332,50.872370611617,49.140515994920754,52.60422522831325,0.7807764064044153,51.51836879936332,4.999999999999999,51.10990253707699,0.44114190914003737,0.25222955153301774,0.3066285393269449,-0.28350000381469725,-0.1306046034157612,18.443804249614445,False,False,47.21014870308927,47.20074528060033,0.42085889917110386,3.787933511293966,3.192701630657041,2.3760932748945893,0.2639961860519558,0.3132143606523624,8.297640978443184,1.518727130426143,0.009403422488935007,0.25,0.25,False,0.25,13.665249824523926,2021-05-13,14.99174976348877,,0.0,0,0.0,0.025953777095200525,0.006488444273800131,0.0,0.0,0.006488444273800131,1.5143046009987884,-0.11133243697425105
2021-05-24,15.573594093322754,15.612000465393066,15.744999885559082,15.175999641418457,15.212499618530273,554816000,NVDA,35082000000.0,,0.78,,,,,,,,,,15.0,0.5,10.0,55.0396214582977,5.003846303010598,18.399999618530273,0.010194271368004548,0.017769279136230942,0.041372802487329885,1.5772228877610261,40.0,614.1626714207398,40.70786541027173,100.0,100.0,False,84.98965288982907,64.19135513835073,62.45950052165448,65.92320975504697,0.7807764064044151,79.98965288982907,4.999999999999999,58.576256934595264,0.44114190914003737,0.25222955153301774,0.3066285393269449,-0.28350000381469725,-0.1306046034157612,18.443804249614445,False,False,80.73070383631378,80.73800948918333,0.42085889917110386,8.013529260954146,3.192701630657041,2.3760932748945893,0.12478896219578203,0.3132143606523624,28.47128409046575,1.518727130426143,-0.007305652869553683,0.25,0.25,False,0.25,13.665249824523926,2021-05-13,15.612000465393066,,0.0,0,0.0,0.041372802487329885,0.010343200621832471,0.0,0.0,0.010343200621832471,1.5299673572894827,-0.10214077008376082
2021-05-25,15.609253883361816,15.647749900817871,15.818499565124512,15.482500076293945,15.765999794006348,435408000,NVDA,35082000000.0,,0.78,,,,,,,,,,15.0,0.5,10.0,55.0396214582977,5.015304455390343,18.84000015258789,-0.00221872548981783,0.00028853102919490503,0.002289868969966413,1.6844964040321277,40.0,609.0602036902671,60.3921192066108,100.0,100.0,False,90.91651044774876,74.62454049988656,72.89268588319032,76.3563951165828,0.7807764064044153,85.91651044774876,4.999999999999999,63.54120744190797,0.44114190914003737,0.25222955153301774,0.3066285393269449,-0.28350000381469725,-0.1306046034157612,18.443804249614445,False,False,83.66726210239442,83.66824981812533,0.42085889917110386,14.341074079117764,3.192701630657041,2.3760932748945893,0.06972978414888141,0.3132143606523624,5.926857557919689,-1.518727130426143,-0.0009877157309182395,0.25,0.25,False,0.25,13.665249824523926,2021-05-13,15.647749900817871,,0.0,0,0.0,0.002289868969966413,0.0005724672424916033,0.0,0.0,0.0005724672424916033,1.5308432134836125,-0.10162677508626498
2021-05-26,15.661375045776367,15.699999809265137,15.793749809265137,15.586250305175781,15.73425006866455,370440000,NVDA,35082000000.0,,0.78,,,,,,,,,,15.0,0.5,10.0,55.0396214582977,5.032051220918313,17.360000610351562,0.0019845474111135353,-7.208443761919092e-05,0.003339132385068,1.6758282547205539,40.0,603.8146379387596,73.36867009852708,100.0,100.0,False,92.0421414782138,81.42416644990874,79.6923118332125,83.15602106660498,0.7807764064044151,87.0421414782138,4.999999999999999,66.8142770538214,0.44114190914003737,0.25222955153301774,0.3066285393269449,-0.28350000381469725,-0.1306046034157612,18.443804249614445,False,False,83.8172821158276,83.81690413260336,0.42085889917110386,20.109273016696104,3.192701630657041,2.3760932748945893,0.0497283019216921,0.3132143606523624,1.1256310304650299,-1.518727130426143,0.00037798322424237085,0.25,0.25,False,0.25,13.665249824523926,2021-05-13,15.699999809265137,,0.0,0,0.0,0.003339132385068,0.000834783096267,0.0,0.0,0.000834783096267,1.5321211355212636,-0.10087682830396817
2021-05-27,15.449897766113281,15.48799991607666,15.75,15.460000038146973,15.699749946594238,581476000,NVDA,35082000000.0,,0.78,,,,,,,,,,15.0,0.5,10.0,55.0396214582977,4.964102537204058,16.739999771118164,0.000524974865435679,-0.005265404866941825,-0.013503178074140365,1.6694417215434307,40.0,601.2469012052375,81.86098416032293,100.0,100.0,False,92.15501386753965,85.61336269211472,83.88150807541848,87.34521730881096,0.7807764064044153,87.15501386753965,4.999999999999999,68.9562896211057,0.44114190914003737,0.25222955153301774,0.3066285393269449,-0.28350000381469725,-0.1306046034157612,18.443804249614445,False,False,83.45869077501642,83.45949474379596,0.42085889917110386,25.15475482394434,3.192701630657041,2.3760932748945893,0.039753915591660575,0.3132143606523624,0.11287238932585808,-1.0127586411391718,-0.0008039687795388773,0.25,0.25,False,0.25,13.665249824523926,2021-05-13,15.699999809265137,,0.0,0,0.0,-0.013503178074140365,-0.0033757945185350913,0.0,0.0,-0.0033757945185350913,1.5269490093902391,-0.10391208337846754
2021-05-28,16.20453643798828,16.24449920654297,16.27750015258789,15.50100040435791,15.50100040435791,644536000,NVDA,35082000000.0,,0.78,,,,,,,,,,15.0,0.5,10.0,55.0396214582977,5.206570258507361,16.760000228881836,0.001788738068438045,0.003552970932953592,0.04884422098175878,1.6796780097553072,40.0,600.1485928200952,87.4191911049,100.0,100.0,False,91.8946737624212,88.06551243460581,86.33365781790957,89.79736705130205,0.7807764064044151,86.8946737624212,4.999999999999999,70.35823366606408,0.44114190914003737,0.25222955153301774,0.3066285393269449,-0.28350000381469725,-0.1306046034157612,18.443804249614445,False,False,83.04992889990818,82.92843072947409,0.42085889917110386,29.448594807315185,3.192701630657041,2.3760932748945893,0.03395747765022713,0.3132143606523624,-0.26034010511844485,-0.37321249444430293,0.12149817043409143,0.25,0.25,False,0.25,13.665249824523926,2021-05-13,16.24449920654297,,0.0,0,0.0,0.04884422098175878,0.012211055245439695,0.0,0.0,0.012211055245439695,1.5455946681008728,-0.09296990432383105
2021-06-01,16.2244873046875,16.26449966430664,16.38825035095215,15.903249740600586,16.270000457763672,472804000,NVDA,35082000000.0,,0.78,,,,,,,,,,15.0,0.5,10.0,55.0396214582977,5.212980661636744,17.899999618530273,-0.0008808568461590172,-0.004913242093708803,0.0012312141796047005,1.7193326929597677,40.0,593.7810452241689,90.04012275318341,100.0,100.0,False,91.31506063565307,89.33409771803161,87.60224310133538,91.06595233472785,0.7807764064044153,86.31506063565307,4.999999999999999,71.01931008030931,0.44114190914003737,0.25222955153301774,0.3066285393269449,-0.28350000381469725,-0.1306046034157612,18.443804249614445,False,False,82.42144321051688,82.29994504008279,0.42085889917110386,32.914869301974306,3.192701630657041,2.3760932748945893,0.030381405766056552,0.3132143606523624,-0.5796131267681375,-0.3192730216496926,0.12149817043409143,1.2,0.25,True,1.2,13.665249824523926,2021-05-13,16.26449966430664,,0.0,0,0.0,0.0012312141796047005,0.0003078035449011751,0.95,0.000475,-0.00016719645509882488,1.5453362501513468,-0.09312155654049598
2021-06-02,16.73697280883789,16.778249740600586,16.918750762939453,16.23550033569336,16.25225067138672,594168000,NVDA,35082000000.0,,0.78,,,,,,,,,,15.0,0.5,10.0,55.0396214582977,5.377644147628393,17.479999542236328,0.0015726001939970757,0.0068980318023652565,0.03158720445741103,1.649180023542966,40.0,607.3243580353461,93.20974047630398,100.0,100.0,False,90.78477619400407,89.90042548169062,88.16857086499438,91.63228009838686,0.7807764064044151,85.78477619400407,4.999999999999999,71.81878133714311,0.44114190914003737,0.25222955153301774,0.3066285393269449,-0.28350000381469725,-0.1306046034157612,18.443804249614445,False,False,81.59330702554765,81.71480519598174,0.42085889917110386,35.80660884129312,3.192701630657041,2.3760932748945893,0.02792780529517148,0.3132143606523624,-0.5302844416490018,0.049328685119135685,-0.12149817043409143,1.2,1.2,False,1.2,13.665249824523926,2021-05-13,16.778249740600586,,0.0,0,0.0,0.03158720445741103,0.03790464534889324,0.0,0.0,0.03790464534889324,1.603911672658122,-0.05874665076660726
2021-06-03,16.92800521850586,16.969749450683594,17.259000778198242,16.58300018310547,16.70075035095215,580008000,NVDA,35082000000.0,,0.78,,,,,,,,,,15.0,0.5,10.0,55.0396214582977,5.439022259834485,18.040000915527344,-0.0037113639483952188,-0.009302612700413992,0.011413568938577034,1.5508990487233347,40.0,603.8650969510019,95.0,100.0,100.0,False,90.0647243222522,89.96456581084566,88.2327111941494,91.69642042754191,0.7807764064044153,85.0647243222522,4.999999999999999,72.27033769393267,0.44114190914003737,0.25222955153301774,0.3066285393269449,-0.28350000381469725,-0.1306046034157612,18.443804249614445,False,False,80.878150480953,80.99964865138709,0.42085889917110386,38.093879710866624,3.192701630657041,2.3760932748945893,0.02625093604510808,0.3132143606523624,-0.7200518717518634,-0.18976743010286157,-0.12149817043409143,1.2,1.2,False,1.2,13.665249824523926,2021-05-13,16.969749450683594,,0.0,0,0.0,0.011413568938577034,0.013696282726292442,0.0,0.0,0.013696282726292442,1.6258793003948484,-0.045854978778436924
2021-06-04,17.53500747680664,17.578250885009766,17.660999298095703,17.095500946044922,17.112499237060547,617120000,NVDA,35082000000.0,,0.78,,,,,,,,,,15.0,0.5,10.0,55.0396214582977,5.634054770836463,16.420000076293945,0.00914587289042501,0.01921676587433807,0.03585800934153793,1.5540239497706352,40.0,612.5258791738526,95.0,100.0,100.0,False,89.0664769341807,89.61396250796854,87.8821078912723,91.34581712466478,0.7807764064044151,84.0664769341807,4.999999999999999,72.27033769393267,0.44114190914003737,0.25222955153301774,0.3066285393269449,-0.28350000381469725,-0.1306046034157612,18.443804249614445,False,False,80.07316980329419,80.15419049458532,0.42085889917110386,39.718289580383654,3.192701630657041,2.3760932748945893,0.025177317819191462,0.3132143606523624,-0.9982473880715048,-0.27819551631964146,-0.08102069129113375,1.2,1.2,False,1.2,13.665249824523926,2021-05-13,17.578250885009766,,0.0,0,0.0,0.03585800934153793,0.04302961120984552,0.0,0.0,0.04302961120984552,1.6958402545649744,-0.004798489477463213
2021-06-07,17.575654983520508,17.618999481201172,17.8125,17.192750930786133,17.571250915527344,575756000,NVDA,35082000000.0,,0.78,,,,,,,,,,15.0,0.5,10.0,55.0396214582977,5.647115218333709,16.420000076293945,-0.0009701932233501243,-0.00021424638181344324,0.0023181257599500515,1.5429894013323768,40.0,606.3905103718818,95.0,100.0,100.0,False,88.06562007854909,89.00950788900573,87.2776532723095,90.74136250570197,0.7807764064044153,83.06562007854909,4.999999999999999,72.27033769393267,0.44114190914003737,0.25222955153301774,0.3066285393269449,-0.28350000381469725,-0.1306046034157612,18.443804249614445,False,False,79.19662483767296,79.2264818372285,0.42085889917110386,40.75916834295177,3.192701630657041,2.3760932748945893,0.024534357315289135,0.3132143606523624,-1.0008568556316106,-0.002609467560105827,-0.029856999555544234,1.2,1.2,False,1.2,13.665249824523926,2021-05-13,17.618999481201172,,0.0,0,0.0,0.0023181257599500515,0.0027817509119400616,0.0,0.0,0.0027817509119400616,1.7005576597396153,-0.0020300867680030045
2021-06-08,17.41405487060547,17.457000732421875,17.62150001525879,17.250999450683594,17.527250289916992,323848000,NVDA,35082000000.0,,0.78,,,,,,,,,,15.0,0.5,10.0,55.0396214582977,5.595192542442908,17.06999969482422,0.00021316548797978285,7.139443134329682e-05,-0.009194548700233729,1.5414649394196687,40.0,600.8226819851335,95.0,100.0,100.0,False,87.11253806605825,88.26895324829646,86.53709863160022,90.0008078649927,0.7807764064044151,82.11253806605825,4.999999999999999,72.27033769393267,0.44114190914003737,0.25222955153301774,0.3066285393269449,-0.28350000381469725,-0.1306046034157612,18.443804249614445,False,False,78.30449406447917,78.33003590621115,0.42085889917110386,41.26070166489636,3.192701630657041,2.3760932748945893,0.024236136557289248,0.3132143606523624,-0.9530820124908388,0.04777484314077185,-0.02554184173197541,1.2,1.2,False,1.2,13.665249824523926,2021-05-13,17.618999481201172,,0.0,0,0.0,-0.009194548700233729,-0.011033458440280475,0.0,0.0,-0.011033458440280475,1.6817946274755775,-0.013041146330298601
2021-06-09,17.31951332092285,17.35824966430664,17.575000762939453,17.25575065612793,17.515750885009766,381656000,NVDA,35082000000.0,,0.78,,,,,,,,,,15.0,0.5,10.0,55.0396214582977,5.563541559072641,17.889999389648438,-0.0014919126755557066,0.0007143293108258231,-0.005656817550097837,1.5352461323931752,40.0,596.9201489362524,95.0,100.0,100.0,False,86.26569321040992,87.48690416155914,85.75504954486289,89.21875877825539,0.7807764064044153,81.26569321040992,4.999999999999999,72.27033769393267,0.44114190914003737,0.25222955153301774,0.3066285393269449,-0.28350000381469725,-0.1306046034157612,18.443804249614445,False,False,77.5083783814642,77.50443208665466,0.42085889917110386,41.242570492183354,3.192701630657041,2.3760932748945893,0.024246791314560003,0.3132143606523624,-0.8468448556483281,0.10623715684251067,0.003946294809530855,1.2,1.2,False,1.2,13.665249824523926,2021-05-13,17.618999481201172,,0.0,0,0.0,-0.005656817550097837,-0.006788181060117404,0.0,0.0,-0.006788181060117404,1.6703783010383406,-0.019740801727894434
2021-06-10,17.3861141204834,17.424999237060547,17.492000579833984,17.176000595092773,17.350000381469727,287772000,NVDA,35082000000.0,,0.78,,,,,,,,,,15.0,0.5,10.0,55.0396214582977,5.584935652904021,16.100000381469727,0.004648384877148359,0.007351882472694804,0.0038454091884139174,1.5329123900190231,40.0,588.6862212863922,94.71182796532013,100.0,100.0,False,85.52472539691558,86.72089271926842,84.98903810257218,88.45274733596466,0.7807764064044151,80.52472539691558,4.999999999999999,72.197652190861,0.44114190914003737,0.25222955153301774,0.3066285393269449,-0.28350000381469725,-0.1306046034157612,18.443804249614445,False,False,76.72617559236677,76.741356986775,0.42085889917110386,40.68993525431143,3.192701630657041,2.3760932748945893,0.024576102020069986,0.3132143606523624,-0.7409678134943363,0.10587704215399185,-0.015181394408228925,1.2,1.2,False,1.2,13.665249824523926,2021-05-13,17.618999481201172,,0.0,0,0.0,0.0038454091884139174,0.0046144910260967,0.0,0.0,0.0046144910260967,1.6780862467186688,-0.015217404454218998
2021-06-11,17.785476684570312,17.82525062561035,17.939250946044922,17.443750381469727,17.47949981689453,416308000,NVDA,35082000000.0,,0.78,,,,,,,,,,15.0,0.5,10.0,55.0396214582977,5.713221354362292,15.649999618530273,0.0016524922245406692,0.005951933032158019,0.022969951568119873,1.539003592391798,40.0,583.6976652368502,88.75071694985793,100.0,100.0,False,83.37169338816688,85.41340481023366,83.68155019353742,87.1452594269299,0.7807764064044153,78.37169338816688,4.999999999999999,70.69408383279244,0.44114190914003737,0.25222955153301774,0.3066285393269449,-0.28350000381469725,-0.1306046034157612,18.443804249614445,False,False,75.75826668812883,75.7805223294344,0.42085889917110386,39.355990162256774,3.192701630657041,2.3760932748945893,0.0254090926407188,0.3132143606523624,-2.15303200874871,-1.4120641952543735,-0.022255641305571318,1.2,1.2,False,1.2,13.665249824523926,2021-05-13,17.82525062561035,,0.0,0,0.0,0.022969951568119873,0.027563941881743846,0.0,0.0,0.027563941881743846,1.724340918495776,0.0
2021-06-14,17.97853660583496,18.018749237060547,18.039499282836914,17.662750244140625,17.9060001373291,321376000,NVDA,35082000000.0,,0.78,,,,,,,,,,15.0,0.5,10.0,55.0396214582977,5.7752401400835085,16.389999389648438,0.002238957866883773,0.010143005064623845,0.010855309443570382,1.504717591985643,40.0,581.190649511009,82.15880426171685,100.0,100.0,False,80.62461428997148,83.54391748351674,81.8120628668205,85.27577210021298,0.7807764064044151,75.62461428997148,4.999999999999999,69.03140865171781,0.44114190914003737,0.25222955153301774,0.3066285393269449,-0.28350000381469725,-0.1306046034157612,18.443804249614445,False,False,74.78941832965236,74.78962708705717,0.42085889917110386,37.30163940755726,3.192701630657041,2.3760932748945893,0.026808473189985353,0.3132143606523624,-2.7470790981953996,-0.5940470894466898,-0.00020875740480846616,1.2,1.2,False,1.2,13.665249824523926,2021-05-13,18.018749237060547,,0.0,0,0.0,0.010855309443570382,0.013026371332284459,0.0,0.0,0.013026371332284459,1.7468028236035544,0.0
2021-06-15,17.748804092407227,17.78849983215332,18.016250610351562,17.72800064086914,17.915000915527344,243032000,NVDA,35082000000.0,,0.78,,,,,,,,,,15.0,0.5,10.0,55.0396214582977,5.701442253895295,17.020000457763672,-0.0018341691233246804,-0.006136286593269258,-0.012778323394037505,1.5174819453575377,40.0,577.427915958809,72.741235399347,100.0,100.0,False,76.17328704990646,80.66651031207212,78.93465569537588,82.39836492876836,0.7807764064044153,71.17328704990646,4.999999999999999,66.65601948103095,0.44114190914003737,0.25222955153301774,0.3066285393269449,-0.28350000381469725,-0.1306046034157612,18.443804249614445,False,False,73.58620843019136,73.5823864427401,0.42085889917110386,34.54664557835722,3.192701630657041,2.3760932748945893,0.028946370429274903,0.3132143606523624,-4.451327240065012,-1.518727130426143,0.0038219874512617482,1.2,1.2,False,1.2,13.665249824523926,2021-05-13,18.018749237060547,,0.0,0,0.0,-0.012778323394037505,-0.015333988072845006,0.0,0.0,-0.015333988072845006,1.7200173699408055,-0.015333988072845063
2021-06-16,17.7705020904541,17.81024932861328,17.954750061035156,17.58449935913086,17.79075050354004,307124000,NVDA,35082000000.0,,0.78,,,,,,,,,,15.0,0.5,10.0,55.0396214582977,5.7084132463504105,18.149999618530273,-0.005583362168830042,-0.005402401452716421,0.0012226717635090978,1.5189355068170827,40.0,570.5754466237573,57.12567800024988,100.0,100.0,False,67.808462801688,75.64688024780465,73.9150256311084,77.37873486450088,0.7807764064044151,62.808462801688,4.999999999999999,62.71731444131859,0.44114190914003737,0.25222955153301774,0.3066285393269449,-0.28350000381469725,-0.1306046034157612,18.443804249614445,False,False,71.88470967523504,71.87621070268764,0.42085889917110386,31.334886260888265,3.192701630657041,2.3760932748945893,0.03191331194484612,0.3132143606523624,-8.364824248218468,-1.518727130426143,0.008498972547400854,1.2,1.2,False,1.2,13.665249824523926,2021-05-13,18.018749237060547,,0.0,0,0.0,0.0012226717635090978,0.0014672061162109174,0.0,0.0,0.0014672061162109174,1.7225409899459716,-0.013889280077720539
2021-06-17,18.61562156677246,18.657249450683594,18.834999084472656,17.756250381469727,17.774499893188477,809656000,NVDA,35082000000.0,,0.78,,,,,,,,,,15.0,0.5,10.0,55.0396214582977,5.979887644449869,17.75,-0.00033162951770204785,0.011568844901227449,0.04755689302504895,1.5494653093553679,40.0,563.2397417262358,40.98791247160084,100.0,100.0,False,57.89199612259401,68.71558293610026,66.98372831940401,70.44743755279652,0.7807764064044153,52.89199612259401,4.999999999999999,58.64689307928245,0.44114190914003737,0.25222955153301774,0.3066285393269449,-0.28350000381469725,-0.1306046034157612,18.443804249614445,False,False,69.87319350545863,69.86472334208631,0.42085889917110386,28.229005077116337,3.192701630657041,2.3760932748945893,0.03542455702098561,0.3132143606523624,-9.916466679093986,-1.518727130426143,0.008470163372319348,1.2,1.2,False,1.2,13.665249824523926,2021-05-13,18.657249450683594,,0.0,0,0.0,0.04755689302504895,0.05706827163005874,0.0,0.0,0.05706827163005874,1.8208434270541187,0.0
2021-06-18,18.597158432006836,18.638750076293945,19.375,18.583999633789062,18.784000396728516,968856000,NVDA,35082000000.0,,0.78,,,,,,,,,,15.0,0.5,10.0,55.0396214582977,5.973958357786521,20.700000762939453,-0.01670731988666041,-0.00913526927720365,-0.0009915381384886235,1.5062331460602139,40.0,556.5739786872165,28.289562532766137,100.0,100.0,False,49.85265658075501,61.35171900910146,59.61986439240521,63.083573625797705,0.7807764064044151,44.85265658075501,4.999999999999999,55.44399396900085,0.44114190914003737,0.25222955153301774,0.3066285393269449,-0.28350000381469725,-0.1306046034157612,18.443804249614445,False,False,67.73494440362438,67.84790953924474,0.42085889917110386,25.650670202509204,3.192701630657041,2.3760932748945893,0.03898533613761787,0.3132143606523624,-8.039339541838999,1.518727130426143,-0.11296513562034989,1.2,1.2,False,1.2,13.665249824523926,2021-05-13,18.657249450683594,,0.0,0,0.0,-0.0009915381384886235,-0.0011898457661863482,0.0,0.0,-0.0011898457661863482,1.8186769042115503,-0.001189845766186282
2021-06-21,18.38612937927246,18.427249908447266,18.536500930786133,17.822750091552734,18.43524932861328,672384000,NVDA,35082000000.0,,0.78,,,,,,,,,,15.0,0.5,10.0,55.0396214582977,5.906169842451046,17.889999389648438,0.0143159445955785,0.008867688071640734,-0.011347336435165833,1.4769943375519978,40.0,550.5492307518506,19.207415886971248,100.0,100.0,False,44.30171655127905,54.69559918499895,52.9637445683027,56.427453801695194,0.7807764064044153,39.30171655127905,4.999999999999999,53.1532081935749,0.44114190914003737,0.25222955153301774,0.3066285393269449,-0.28350000381469725,-0.1306046034157612,18.443804249614445,False,False,66.0994434852515,66.14696725240724,0.42085889917110386,24.651520269849883,3.192701630657041,2.3760932748945893,0.040565449475465136,0.3132143606523624,-5.55094002947596,1.518727130426143,-0.04752376715573519,1.2,1.2,False,1.2,13.665249824523926,2021-05-13,18.657249450683594,,0.0,0,0.0,-0.011347336435165833,-0.013616803722199,0.0,0.0,-0.013616803722199,1.793912337772805,-0.014790447592127467
2021-06-22,18.844602584838867,18.886749267578125,18.9637508392334,18.38599967956543,18.471500396728516,580144000,NVDA,35082000000.0,,0.78,,,,,,,,,,15.0,0.5,10.0,55.0396214582977,6.053445278069912,16.65999984741211,0.0053461960706966405,0.009068627398801876,0.024935861911777657,1.5399682715983944,40.0,539.4307461426092,12.854669924936763,100.0,100.0,False,40.796551970131596,49.26957511656423,47.53772049986799,51.00142973326048,0.7807764064044151,35.796551970131596,4.999999999999999,51.55085792856775,0.44114190914003737,0.25222955153301774,0.3066285393269449,-0.28350000381469725,-0.1306046034157612,18.443804249614445,False,False,65.21186164175617,65.33335981219027,0.42085889917110386,27.29418698617089,3.192701630657041,2.3760932748945893,0.03663783795819486,0.3132143606523624,-3.5051645811474543,1.518727130426143,-0.12149817043409143,1.2,1.2,False,1.2,13.665249824523926,2021-05-13,18.886749267578125,,0.0,0,0.0,0.024935861911777657,0.029923034294133188,0.0,0.0,0.029923034294133188,1.8475916381766493,0.0
2021-06-23,19.01472282409668,19.057249069213867,19.15275001525879,18.90774917602539,19.007749557495117,332356000,NVDA,35082000000.0,,0.78,,,,,,,,,,15.0,0.5,10.0,55.0396214582977,6.10809265038906,16.31999969482422,-0.001205311303686507,-0.001106038092437145,0.00902748266629616,1.5486731045948579,40.0,532.6708587425093,8.585560033410355,100.0,100.0,False,38.86175224943337,45.20648384821817,43.474629231521924,46.938338464914416,0.7807764064044153,33.86175224943337,4.999999999999999,50.47406225518288,0.44114190914003737,0.25222955153301774,0.3066285393269449,-0.28350000381469725,-0.1306046034157612,18.443804249614445,False,False,64.76083865049563,64.88233682092972,0.42085889917110386,30.780033719839242,3.192701630657041,2.3760932748945893,0.032488593388234364,0.3132143606523624,-1.9347997206982228,1.518727130426143,-0.12149817043409143,1.2,1.2,False,1.2,13.665249824523926,2021-05-13,19.057249069213867,,0.0,0,0.0,0.00902748266629616,0.010832979199555393,0.0,0.0,0.010832979199555393,1.8676065599622893,0.0
2021-06-24,19.162641525268555,19.20549964904785,19.420000076293945,19.08824920654297,19.227750778198242,320924000,NVDA,35082000000.0,,0.78,,,,,,,,,,15.0,0.5,10.0,55.0396214582977,6.155608861874311,15.970000267028809,0.005915759498090534,0.006297933204545192,0.007779222452073409,1.5517317924613885,40.0,530.1060878236967,5.7345840484928665,100.0,100.0,False,37.809060248803114,42.31861694091692,40.58676232422067,44.050471557613164,0.7807764064044151,32.809060248803114,4.999999999999999,49.75496186107574,0.44114190914003737,0.25222955153301774,0.3066285393269449,-0.28350000381469725,-0.1306046034157612,18.443804249614445,False,False,64.36413182411997,64.48562999455406,0.42085889917110386,33.97635986742175,3.192701630657041,2.3760932748945893,0.02943222887625612,0.3132143606523624,-1.052692000630259,0.8821077200679639,-0.12149817043409143,1.2,1.2,False,1.2,13.665249824523926,2021-05-13,19.20549964904785,,0.0,0,0.0,0.007779222452073409,0.00933506694248809,0.0,0.0,0.00933506694248809,1.8850407922217671,0.0
2021-06-25,18.988536834716797,19.0310001373291,19.345500946044922,18.894500732421875,19.280500411987305,278364000,NVDA,35082000000.0,,0.78,,,,,,,,,,15.0,0.5,10.0,55.0396214582977,6.099679531195225,15.619999885559082,0.0035520565193292164,-0.0011691759015226566,-0.009085913665745293,1.539580800012244,40.0,526.3463007573947,5.0,100.0,100.0,False,37.740686527508444,40.531446912441645,38.7995922957454,42.26330152913789,0.7807764064044153,32.740686527508444,4.999999999999999,49.56967805596108,0.44114190914003737,0.25222955153301774,0.3066285393269449,-0.28350000381469725,-0.1306046034157612,18.443804249614445,False,False,64.25708569086991,64.13558752043582,0.42085889917110386,36.45550799206271,3.192701630657041,2.3760932748945893,0.02743069717250204,0.3132143606523624,-0.06837372129466956,0.9843182793355894,0.12149817043409143,1.2,1.2,False,1.2,13.665249824523926,2021-05-13,19.20549964904785,,0.0,0,0.0,-0.009085913665745293,-0.01090309639889435,0.0,0.0,-0.01090309639889435,1.864488010748325,-0.01090309639889434
2021-06-28,19.940404891967773,19.985000610351562,20.078750610351562,19.319000244140625,19.361249923706055,495436000,NVDA,35082000000.0,,0.78,,,,,,,,,,15.0,0.5,10.0,55.0396214582977,6.405448913574219,15.760000228881836,0.0020159300032134286,0.010466186856553872,0.050128761816947254,1.5794004030383144,40.0,527.9016018159724,5.0,100.0,100.0,False,37.95034293588553,39.52381436875583,37.79195975205958,41.255668985452076,0.7807764064044151,32.95034293588553,4.999999999999999,49.56967805596108,0.44114190914003737,0.25222955153301774,0.3066285393269449,-0.28350000381469725,-0.1306046034157612,18.443804249614445,False,False,63.85186162238186,63.73036345194777,0.42085889917110386,38.17832803241494,3.192701630657041,2.3760932748945893,0.0261928704460541,0.3132143606523624,0.20965640837708577,0.27803012967175533,0.12149817043409143,1.2,1.2,False,1.2,13.665249824523926,2021-05-13,19.985000610351562,,0.0,0,0.0,0.050128761816947254,0.0601545141803367,0.0,0.0,0.0601545141803367,1.9766453812299531,0.0
2021-06-29,19.9820613861084,20.026750564575195,20.0987491607666,19.656999588012695,19.88249969482422,367632000,NVDA,35082000000.0,,0.78,,,,,,,,,,15.0,0.5,10.0,55.0396214582977,6.418830309158716,16.020000457763672,0.0005380751530430494,0.0072913616641823165,0.002089064445762734,1.6384659298306514,40.0,522.1811579765229,5.0,100.0,100.0,False,38.1820933219727,39.00002230010358,37.268167683407334,40.73187691679983,0.7807764064044153,33.1820933219727,4.999999999999999,49.56967805596108,0.44114190914003737,0.25222955153301774,0.3066285393269449,-0.28350000381469725,-0.1306046034157612,18.443804249614445,False,False,63.366161190615664,63.24466302018157,0.42085889917110386,39.25618201141449,3.192701630657041,2.3760932748945893,0.02547369481090216,0.3132143606523624,0.23175038608717102,0.022093977710085255,0.12149817043409143,1.2,1.2,False,1.2,13.665249824523926,2021-05-13,20.026750564575195,,0.0,0,0.0,0.002089064445762734,0.0025068773349152806,0.0,0.0,0.0025068773349152806,1.9816005887353234,0.0
2021-06-30,19.957866668701172,20.002500534057617,20.162500381469727,19.863750457763672,19.999250411987305,326568000,NVDA,35082000000.0,,0.78,,,,,,,,,,15.0,0.5,10.0,55.0396214582977,6.411057863480005,15.829999923706055,0.0008416772066590639,-0.001082422230966551,-0.0012108819371062784,1.6344517905658082,40.0,515.7301276038335,5.0,100.0,100.0,False,38.48985062414174,38.80085729620018,37.06900267950393,40.532711912896424,0.7807764064044151,33.48985062414174,4.999999999999999,49.56967805596108,0.44114190914003737,0.25222955153301774,0.3066285393269449,-0.28350000381469725,-0.1306046034157612,18.443804249614445,False,False,62.80572390034167,62.684225729907574,0.42085889917110386,39.657153069122074,3.192701630657041,2.3760932748945893,0.025216131835207854,0.3132143606523624,0.30775730216903696,0.07600691608186594,0.12149817043409143,0.25,1.2,True,0.25,13.665249824523926,2021-05-13,20.026750564575195,,0.0,0,0.0,-0.0012108819371062784,-0.001453058324527534,0.95,0.000475,-0.001928058324527534,1.9777799472243236,-0.0019280583245275386
2021-07-01,20.16689682006836,20.211999893188477,20.45599937438965,20.018999099731445,20.125,480136000,NVDA,35082000000.0,,0.78,,,,,,,,,,15.0,0.5,10.0,55.0396214582977,6.478205093970665,15.479999542236328,0.00553659564244402,0.0016930786523077224,0.0104736584695575,1.6301006039976464,40.0,510.516350912234,5.0,100.0,100.0,False,38.70617270419605,38.76389354845675,37.0320389317605,40.495748165152996,0.7807764064044153,33.70617270419605,4.999999999999999,49.56967805596108,0.44114190914003737,0.25222955153301774,0.3066285393269449,-0.28350000381469725,-0.1306046034157612,18.443804249614445,False,False,62.11851715140136,62.047948533795925,0.42085889917110386,39.42443652347709,3.192701630657041,2.3760932748945893,0.025364978885735096,0.3132143606523624,0.21632208005431153,-0.09143522211472543,0.07056861760543712,0.25,0.25,False,0.25,13.665249824523926,2021-05-13,20.211999893188477,,0.0,0,0.0,0.0104736584695575,0.002618414617389375,0.0,0.0,0.002618414617389375,1.9829585951481152,0.0
2021-07-02,20.441286087036133,20.48699951171875,20.505250930786133,20.287750244140625,20.440250396728516,342764000,NVDA,35082000000.0,,0.78,,,,,,,,,,15.0,0.5,10.0,55.0396214582977,6.566345997345753,15.069999694824219,0.007643539253548326,0.0131836718272067,0.013605759943772222,1.639462597174578,40.0,506.9663424437336,5.0,100.0,100.0,False,38.9180455489426,38.82407267094645,37.0922180542502,40.555927287642696,0.7807764064044151,33.9180455489426,4.999999999999999,49.56967805596108,0.44114190914003737,0.25222955153301774,0.3066285393269449,-0.28350000381469725,-0.1306046034157612,18.443804249614445,False,False,61.41621404996743,61.337468587620585,0.42085889917110386,38.642606303045895,3.192701630657041,2.3760932748945893,0.025878171678114213,0.3132143606523624,0.21187284474655144,-0.004449235307760091,0.07874546234684715,0.25,0.25,False,0.25,13.665249824523926,2021-05-13,20.48699951171875,,0.0,0,0.0,0.013605759943772222,0.0034014399859430555,0.0,0.0,0.0034014399859430555,1.9897035098041214,0.0
2021-07-06,20.652307510375977,20.69849967956543,20.841999053955078,20.350250244140625,20.737499237060547,446708000,NVDA,35082000000.0,,0.78,,,,,,,,,,15.0,0.5,10.0,55.0396214582977,6.634134512681228,16.440000534057617,-0.00182147132412247,0.00380349701793814,0.010323628295383136,1.6584917435754307,40.0,504.48055591556755,5.0,100.0,100.0,False,39.07001259208002,38.92008471485347,37.18823009815723,40.65193933154972,0.7807764064044153,34.07001259208002,4.999999999999999,49.56967805596108,0.44114190914003737,0.25222955153301774,0.3066285393269449,-0.28350000381469725,-0.1306046034157612,18.443804249614445,False,False,60.55220962357728,60.52996721320354,0.42085889917110386,37.27712796935088,3.192701630657041,2.3760932748945893,0.026826101002797115,0.3132143606523624,0.15196704313741805,-0.05990580160913339,0.022242410373740428,0.25,0.25,False,0.25,13.665249824523926,2021-05-13,20.69849967956543,,0.0,0,0.0,0.010323628295383136,0.002580907073845784,0.0,0.0,0.002580907073845784,1.9948387496674307,0.0
2021-07-07,20.326292037963867,20.371749877929688,20.875,20.332000732421875,20.853500366210938,418428000,NVDA,35082000000.0,,0.78,,,,,,,,,,15.0,0.5,10.0,55.0396214582977,6.529407012156951,16.200000762939453,0.003534055863952723,0.00545108930495064,-0.015786158740690004,1.6948716187165762,40.0,509.59257943545146,5.0,100.0,100.0,False,39.159160220944365,39.01341697210596,37.28156235540971,40.745271588802204,0.7807764064044151,34.159160220944365,4.999999999999999,49.56967805596108,0.44114190914003737,0.25222955153301774,0.3066285393269449,-0.28350000381469725,-0.1306046034157612,18.443804249614445,False,False,59.58309452373012,59.58132700551331,0.42085889917110386,35.260260045086916,3.192701630657041,2.3760932748945893,0.02836053956270631,0.3132143606523624,0.08914762886434602,-0.06281941427307203,0.0017675182168068204,0.25,0.25,False,0.25,13.665249824523926,2021-05-13,20.69849967956543,,0.0,0,0.0,-0.015786158740690004,-0.003946539685172501,0.0,0.0,-0.003946539685172501,1.9869660393763482,-0.003946539685172545
2021-07-08,19.85833740234375,19.90275001525879,20.132999420166016,19.70075035095215,19.85650062561035,503300000,NVDA,35082000000.0,,0.78,,,,,,,,,,15.0,0.5,10.0,55.0396214582977,6.379086543352176,19.0,-0.008147995435639044,-0.009454497029958708,-0.02302207053793659,1.6953325115537385,40.0,544.0863532549781,5.0,100.0,100.0,False,39.19627927074304,39.08480425630432,37.35294963960807,40.81665887300056,0.7807764064044153,34.19627927074304,4.999999999999999,49.56967805596108,0.44114190914003737,0.25222955153301774,0.3066285393269449,-0.28350000381469725,-0.1306046034157612,18.443804249614445,False,False,58.39028899921691,58.384208445930355,0.42085889917110386,32.47084890026092,3.192701630657041,2.3760932748945893,0.03079685422058567,0.3132143606523624,0.037119049798675974,-0.052028579065670044,0.0060805532865492755,0.25,0.25,False,0.25,13.665249824523926,2021-05-13,20.69849967956543,,0.0,0,0.0,-0.02302207053793659,-0.0057555176344841474,0.0,0.0,-0.0057555176344841474,1.9755300212975966,-0.009679342940903448
2021-07-09,20.005508422851562,20.050249099731445,20.080249786376953,19.754249572753906,19.962499618530273,296624000,NVDA,35082000000.0,,0.78,,,,,,,,,,15.0,0.5,10.0,55.0396214582977,6.426361890939566,16.18000030517578,0.010674778247933281,0.009210983557336627,0.007410990157620034,1.662359810835087,40.0,526.0304663674399,5.0,100.0,100.0,False,39.19627927074304,39.12832278689299,37.39646817019674,40.86017740358923,0.7807764064044151,34.19627927074304,4.999999999999999,49.56967805596108,0.44114190914003737,0.25222955153301774,0.3066285393269449,-0.28350000381469725,-0.1306046034157612,18.443804249614445,False,False,56.6818752992109,56.68919011698008,0.42085889917110386,28.72219814151324,3.192701630657041,2.3760932748945893,0.0348162767721689,0.3132143606523624,0.0,-0.037119049798675974,-0.007314817769178035,0.25,0.25,False,0.25,13.665249824523926,2021-05-13,20.69849967956543,,0.0,0,0.0,0.007410990157620034,0.0018527475394050086,0.0,0.0,0.0018527475394050086,1.9791901796835765,-0.007844528780315236
2021-07-12,20.46673011779785,20.512500762939453,20.53274917602539,20.1877498626709,20.239999771118164,321984000,NVDA,35082000000.0,,0.78,,,,,,,,,,15.0,0.5,10.0,55.0396214582977,6.5745194753011065,16.170000076293945,0.003581919539736189,0.0007937194338545339,0.0230546593665113,1.5955334897023945,40.0,513.44209336556,5.0,100.0,100.0,False,39.19627927074304,39.15485219651915,37.422997579822905,40.8867068132154,0.7807764064044153,34.19627927074304,4.999999999999999,49.56967805596108,0.44114190914003737,0.25222955153301774,0.3066285393269449,-0.28350000381469725,-0.1306046034157612,18.443804249614445,False,False,54.228434277294845,54.228790216119464,0.42085889917110386,24.471644037920623,3.192701630657041,2.3760932748945893,0.04086362152254364,0.3132143606523624,0.0,0.0,-0.00035593882462080727,0.25,0.25,False,0.25,13.665249824523926,2021-05-13,20.69849967956543,,0.0,0,0.0,0.0230546593665113,0.005763664841627825,0.0,0.0,0.005763664841627825,1.990597568537114,-0.002126077173417527
2021-07-13,20.20481300354004,20.25,20.46125030517578,20.11400032043457,20.40049934387207,290708000,NVDA,35082000000.0,,0.78,,,,,,,,,,15.0,0.5,10.0,55.0396214582977,6.490384615384615,17.1200008392334,-0.0034089646750015135,0.0040972448267140305,-0.012797111672201433,1.581198239579432,40.0,505.4047864708266,5.0,100.0,100.0,False,39.19627927074304,39.17102483758934,37.4391702208931,40.90287945428559,0.7807764064044151,34.19627927074304,4.999999999999999,49.56967805596108,0.44114190914003737,0.25222955153301774,0.3066285393269449,-0.28350000381469725,-0.1306046034157612,18.443804249614445,False,False,50.28180354029823,50.28659600442696,0.42085889917110386,19.61253313880431,3.192701630657041,2.3760932748945893,0.05098780422307884,0.3132143606523624,0.0,0.0,-0.004792464128730672,0.25,0.25,False,0.25,13.665249824523926,2021-05-13,20.69849967956543,,0.0,0,0.0,-0.012797111672201433,-0.0031992779180503583,0.0,0.0,-0.0031992779180503583,1.9842290936923686,-0.005318553179714865
2021-07-14,19.797225952148438,19.84149932861328,20.417749404907227,19.752750396728516,20.357749938964844,380100000,NVDA,35082000000.0,,0.78,,,,,,,,,,15.0,0.5,10.0,55.0396214582977,6.359454913017077,16.329999923706055,0.0014922149313552069,0.007371298533573656,-0.020172872661072483,1.508638064507921,40.0,512.7454169922468,5.0,100.0,100.0,False,39.19627927074304,39.180883870371105,37.44902925367486,40.91273848706735,0.7807764064044153,34.19627927074304,4.999999999999999,49.56967805596108,0.44114190914003737,0.25222955153301774,0.3066285393269449,-0.28350000381469725,-0.1306046034157612,18.443804249614445,False,False,43.55464868304,43.55967423618185,0.42085889917110386,14.294499581245166,3.192701630657041,2.3760932748945893,0.06995697850885466,0.3132143606523624,0.0,0.0,-0.005025553141845762,0.25,0.25,False,0.25,13.665249824523926,2021-05-13,20.69849967956543,,0.0,0,0.0,-0.020172872661072483,-0.005043218165268121,0.0,0.0,-0.005043218165268121,1.9742221934830058,-0.01033494872097407
2021-07-15,18.923919677734375,18.966249465942383,19.847000122070312,18.85849952697754,19.811750411987305,550564000,NVDA,35082000000.0,,0.78,,,,,,,,,,15.0,0.5,10.0,55.0396214582977,6.078926110878968,17.010000228881836,-0.0034155287633637066,-0.008232030098874077,-0.04411208287111179,1.5598324341623548,40.0,588.6780067557551,31.61745530101091,100.0,100.0,False,53.80232955903551,44.88892378098747,43.15706916429122,46.620778397683715,0.7807764064044151,48.80232955903551,4.999999999999999,56.2833868694852,0.44114190914003737,0.25222955153301774,0.3066285393269449,-0.28350000381469725,-0.1306046034157612,18.443804249614445,False,False,50.4972810526348,50.50144333896005,0.42085889917110386,10.74257839015855,3.192701630657041,2.3760932748945893,0.09308752179235817,0.3132143606523624,14.606050288292472,1.518727130426143,-0.004162286325253604,0.25,0.25,False,0.25,13.665249824523926,2021-05-13,20.69849967956543,,0.0,0,0.0,-0.04411208287111179,-0.011028020717777948,0.0,0.0,-0.011028020717777948,1.952450430231778,-0.02124899541014002
2021-07-16,18.120479583740234,18.160999298095703,19.156999588012695,18.072999954223633,19.030500411987305,688224000,NVDA,35082000000.0,,0.78,,,,,,,,,,15.0,0.5,10.0,55.0396214582977,5.820833108364007,18.450000762939453,-0.007843596692603483,-0.009881422726246925,-0.042457006024974264,1.619079309748103,40.0,657.936390863595,54.4036264769133,100.0,100.0,False,66.55174701950399,53.34583442135896,51.61397980466271,55.077689038055205,0.7807764064044153,61.551747019504,4.999999999999999,62.03073260633764,0.44114190914003737,0.25222955153301774,0.3066285393269449,-0.28350000381469725,-0.1306046034157612,18.443804249614445,False,False,62.29874709736642,62.301716621350316,0.42085889917110386,12.9342840782944,3.192701630657041,2.3760932748945893,0.07731390419034824,0.3132143606523624,12.749417460468479,-1.518727130426143,-0.002969523983894078,0.25,0.25,False,0.25,13.665249824523926,2021-05-13,20.69849967956543,,0.0,0,0.0,-0.042457006024974264,-0.010614251506243566,0.0,0.0,-0.010614251506243566,1.9317266303118246,-0.031637704734845284
2021-07-19,18.737842559814453,18.77975082397461,19.04199981689453,17.86549949645996,17.915250778198242,749060000,NVDA,35082000000.0,,0.78,,,,,,,,,,15.0,0.5,10.0,55.0396214582977,6.019150905120067,22.5,-0.014767921294730924,-0.01377250354084103,0.034070345784539935,1.455758189987651,40.0,634.0804902940808,69.57926993303484,100.0,100.0,False,73.62911616216263,61.26418833519545,59.5323337184992,62.996042951891695,0.7807764064044151,68.62911616216263,4.999999999999999,65.85847834950015,0.44114190914003737,0.25222955153301774,0.3066285393269449,-0.28350000381469725,-0.1306046034157612,18.443804249614445,False,False,66.49720535108446,66.49720535108446,0.42085889917110386,18.067814613398046,3.192701630657041,2.3760932748945893,0.05534703678321217,0.3132143606523624,7.07736914265864,-1.518727130426143,0.0,0.25,0.25,False,0.25,13.665249824523926,2021-05-13,20.69849967956543,,0.0,0,0.0,0.034070345784539935,0.008517586446134984,0.0,0.0,0.008517586446134984,1.9481802788758067,-0.02338959517374658
2021-07-20,18.57046890258789,18.61199951171875,18.83799934387207,18.163999557495117,18.729999542236328,434687000,NVDA,35082000000.0,,0.78,,,,,,,,,,15.0,0.5,10.0,55.0396214582977,5.965384458884214,19.729999542236328,0.014330414665499891,0.014841779745349282,-0.008932563260727888,1.3726950495304857,40.0,626.1681720448115,79.64145420438886,100.0,100.0,False,77.29072333077966,67.52075853567887,65.78890391898261,69.25261315237512,0.7807764064044153,72.29072333077966,4.999999999999999,68.39645857570636,0.44114190914003737,0.25222955153301774,0.3066285393269449,-0.28350000381469725,-0.1306046034157612,18.443804249614445,False,False,67.33872795518135,67.33872795518135,0.42085889917110386,23.37363761283531,3.192701630657041,2.3760932748945893,0.042783242239148256,0.3132143606523624,3.6616071686170244,-1.518727130426143,0.0,0.25,0.25,False,0.25,13.665249824523926,2021-05-13,20.69849967956543,,0.0,0,0.0,-0.008932563260727888,-0.002233140815181972,0.0,0.0,-0.002233140815181972,1.9438297179797164,-0.025570503729295552
2021-07-21,19.366682052612305,19.40999984741211,19.527000427246094,18.742000579833984,18.881999969482422,371017000,NVDA,35082000000.0,,0.78,,,,,,,,,,15.0,0.5,10.0,55.0396214582977,6.221153797247471,17.90999984741211,0.008096298088761111,0.009639116383901136,0.042875583313384036,1.4076436664760155,40.0,669.9077218830763,86.41962574583194,100.0,100.0,False,79.15216737222757,72.0615233320894,70.32966871539315,73.79337794878563,0.7807764064044151,74.15216737222757,4.999999999999999,70.10611374381841,0.44114190914003737,0.25222955153301774,0.3066285393269449,-0.28350000381469725,-0.1306046034157612,18.443804249614445,False,False,67.18789442521701,67.18789442521701,0.42085889917110386,28.10140649301782,3.192701630657041,2.3760932748945893,0.03558540745099231,0.3132143606523624,1.8614440414479105,-1.518727130426143,0.0,0.25,0.25,False,0.25,13.665249824523926,2021-05-13,20.69849967956543,,0.0,0,0.0,0.042875583313384036,0.010718895828346009,0.0,0.0,0.010718895828346009,1.964665426234784,-0.015125695466702265
2021-07-22,19.550275802612305,19.5939998626709,19.886999130249023,19.275999069213867,19.642000198364258,323826000,NVDA,35082000000.0,,0.78,,,,,,,,,,15.0,0.5,10.0,55.0396214582977,6.280128161112467,17.690000534057617,0.00209412884057647,0.007374210437059547,0.009479650525773708,1.4010214091951703,40.0,669.3734541208199,90.93840677346066,100.0,100.0,False,79.99594249618264,75.15902697301291,73.42717235631667,76.89088158970915,0.7807764064044153,74.99594249618264,4.999999999999999,71.24588385589311,0.44114190914003737,0.25222955153301774,0.3066285393269449,-0.28350000381469725,-0.1306046034157612,18.443804249614445,False,False,66.80117469393267,66.67967652349857,0.42085889917110386,32.08449115649577,3.192701630657041,2.3760932748945893,0.031167706388809027,0.3132143606523624,0.8437751239550693,-1.0176689174928413,0.12149817043409143,0.25,0.25,False,0.25,13.665249824523926,2021-05-13,20.69849967956543,,0.0,0,0.0,0.009479650525773708,0.002369912631443427,0.0,0.0,0.002369912631443427,1.9693215116449778,-0.012791629412004842
2021-07-23,19.514358520507812,19.558000564575195,19.700000762939453,19.25,19.6560001373291,195672000,NVDA,35082000000.0,,0.78,,,,,,,,,,15.0,0.5,10.0,55.0396214582977,6.268589924543331,17.200000762939453,0.010287996771777497,0.009934668447457051,-0.0018372613222421563,1.382109370359202,40.0,660.73089041268,93.94227583808896,100.0,100.0,False,80.25164958368363,77.14712676357959,75.41527214688335,78.87898138027583,0.7807764064044151,75.25164958368363,4.999999999999999,72.0035484029282,0.44114190914003737,0.25222955153301774,0.3066285393269449,-0.28350000381469725,-0.1306046034157612,18.443804249614445,False,False,65.91915449089592,66.04065266133001,0.42085889917110386,35.31715804607125,3.192701630657041,2.3760932748945893,0.028314849079744738,0.3132143606523624,0.25570708750099413,-0.5880680364540751,-0.12149817043409143,0.25,0.25,False,0.25,13.665249824523926,2021-05-13,20.69849967956543,,0.0,0,0.0,-0.0018372613222421563,-0.0004593153305605391,0.0,0.0,-0.0004593153305605391,1.9684169720838767,-0.013245069351073575
2021-07-26,19.25094223022461,19.29400062561035,19.441999435424805,18.913999557495117,19.31100082397461,203943000,NVDA,35082000000.0,,0.78,,,,,,,,,,15.0,0.5,10.0,55.0396214582977,6.183974559490497,17.579999923706055,0.002454849675574744,-0.0005177441680213057,-0.01349830920053341,1.3877656755824006,40.0,655.6173696899366,95.0,100.0,100.0,False,79.84740232473133,78.20128248804845,76.4694278713522,79.9331371047447,0.7807764064044153,74.84740232473133,4.999999999999999,72.27033769393267,0.44114190914003737,0.25222955153301774,0.3066285393269449,-0.28350000381469725,-0.1306046034157612,18.443804249614445,False,False,65.12982437013355,65.25132254056764,0.42085889917110386,37.80131741516409,3.192701630657041,2.3760932748945893,0.026454104469884096,0.3132143606523624,-0.40424725895229585,-0.65995434645329,-0.12149817043409143,0.25,0.25,False,0.25,13.665249824523926,2021-05-13,20.69849967956543,,0.0,0,0.0,-0.01349830920053341,-0.0033745773001333523,0.0,0.0,-0.0033745773001333523,1.9617743968526853,-0.016574950140836056
2021-07-27,19.165142059326172,19.20800018310547,19.621999740600586,18.740999221801758,19.264999389648438,248863000,NVDA,35082000000.0,,0.78,,,,,,,,,,15.0,0.5,10.0,55.0396214582977,6.156410315097906,19.360000610351562,-0.00455756949371422,-0.009453552776400032,-0.004457367042412508,1.3665718056812495,40.0,650.1395535979142,95.0,100.0,100.0,False,79.1011880900702,78.55259501907332,76.82074040237708,80.28444963576956,0.7807764064044151,74.1011880900702,4.999999999999999,72.27033769393267,0.44114190914003737,0.25222955153301774,0.3066285393269449,-0.28350000381469725,-0.1306046034157612,18.443804249614445,False,False,64.30588754655365,64.42738571698774,0.42085889917110386,39.5972974487582,3.192701630657041,2.3760932748945893,0.025254248760135038,0.3132143606523624,-0.7462142346611387,-0.3419669757088428,-0.12149817043409143,0.25,0.25,False,0.25,13.665249824523926,2021-05-13,20.69849967956543,,0.0,0,0.0,-0.004457367042412508,-0.001114341760603127,0.0,0.0,-0.001114341760603127,1.9595883097173903,-0.017670821742317357
2021-07-28,19.45948028564453,19.503000259399414,19.645999908447266,18.9950008392334,19.319000244140625,202191000,NVDA,35082000000.0,,0.78,,,,,,,,,,15.0,0.5,10.0,55.0396214582977,6.250961621602376,18.309999465942383,-0.0004100662612578354,-0.0012420084109863172,0.015358187915544441,1.35251148935035,40.0,642.9034025970869,95.0,100.0,100.0,False,78.37516124607076,78.48332696724347,76.75147235054723,80.21518158393971,0.7807764064044153,73.37516124607076,4.999999999999999,72.27033769393267,0.44114190914003737,0.25222955153301774,0.3066285393269449,-0.28350000381469725,-0.1306046034157612,18.443804249614445,False,False,63.575591053822805,63.6970892242569,0.42085889917110386,40.79608747443201,3.192701630657041,2.3760932748945893,0.024512154520374696,0.3132143606523624,-0.7260268439994348,0.02018739066170383,-0.12149817043409143,0.25,0.25,False,0.25,13.665249824523926,2021-05-13,20.69849967956543,,0.0,0,0.0,0.015358187915544441,0.0038395469788861103,0.0,0.0,0.0038395469788861103,1.9671122410918263,-0.013899122713666385
2021-07-29,19.618120193481445,19.66200065612793,19.85300064086914,19.327999114990234,19.518999099731445,190781000,NVDA,35082000000.0,,0.78,,,,,,,,,,15.0,0.5,10.0,55.0396214582977,6.30192328722049,17.700000762939453,0.00414740874577646,0.004646945121187018,0.008152612142426019,1.313298584409413,40.0,639.0015893033095,95.0,100.0,100.0,False,77.66791011146383,78.16499784605486,76.43314322935862,79.8968524627511,0.7807764064044151,72.66791011146383,4.999999999999999,72.27033769393267,0.44114190914003737,0.25222955153301774,0.3066285393269449,-0.28350000381469725,-0.1306046034157612,18.443804249614445,False,False,63.11548350162799,63.19689701502742,0.42085889917110386,41.449535127070064,3.192701630657041,2.3760932748945893,0.024125722928721463,0.3132143606523624,-0.7072511346069348,0.018775709392500062,-0.0814135133994273,0.25,0.25,False,0.25,13.665249824523926,2021-05-13,20.69849967956543,,0.0,0,0.0,0.008152612142426019,0.0020381530356065047,0.0,0.0,0.0020381530356065047,1.9711215168773866,-0.011889298217210856
2021-07-30,19.455488204956055,19.499000549316406,19.6299991607666,19.26300048828125,19.417999267578125,183497000,NVDA,35082000000.0,,0.78,,,,,,,,,,15.0,0.5,10.0,55.0396214582977,6.249679663242437,18.239999771118164,-0.004856426098946209,-0.0006515055603624198,-0.008290107891982146,1.3241066148792522,40.0,630.0560962882208,95.0,100.0,100.0,False,76.97821011410912,77.70168991579814,75.9698352991019,79.43354453249438,0.7807764064044153,71.97821011410912,4.999999999999999,72.27033769393267,0.44114190914003737,0.25222955153301774,0.3066285393269449,-0.28350000381469725,-0.1306046034157612,18.443804249614445,False,False,63.21453019031761,63.26157563323394,0.42085889917110386,41.583357155616405,3.192701630657041,2.3760932748945893,0.02404808241570597,0.3132143606523624,-0.6896999973547082,0.017551137252226567,-0.04704544291632601,0.25,0.25,False,0.25,13.665249824523926,2021-05-13,20.69849967956543,,0.0,0,0.0,-0.008290107891982146,-0.0020725269729955365,0.0,0.0,-0.0020725269729955365,1.9670363143666063,-0.013937184298961236
2021-08-02,19.705928802490234,19.75,19.961000442504883,19.361000061035156,19.700000762939453,217444000,NVDA,35082000000.0,,0.78,,,,,,,,,,15.0,0.5,10.0,55.0396214582977,6.330128205128205,19.459999084472656,-0.0020980443028566498,-0.0035853182193728017,0.012872426463539588,1.3265792509405525,40.0,626.0124948096626,95.0,100.0,100.0,False,76.30490304224297,77.15640079797451,75.42454618127827,78.88825541467075,0.7807764064044151,71.30490304224297,4.999999999999999,72.27033769393267,0.44114190914003737,0.25222955153301774,0.3066285393269449,-0.28350000381469725,-0.1306046034157612,18.443804249614445,False,False,63.28757746063853,63.34037380835479,0.42085889917110386,41.20261694923667,3.192701630657041,2.3760932748945893,0.024270303054586106,0.3132143606523624,-0.673307071866148,0.016392925488560195,-0.0527963477162632,1.2,0.25,True,1.2,13.665249824523926,2021-05-13,20.69849967956543,,0.0,0,0.0,0.012872426463539588,0.003218106615884897,0.95,0.000475,0.002743106615884897,1.9724321046942312,-0.0112323088655336
2021-08-03,19.770784378051758,19.815000534057617,20.222000122070312,19.219999313354492,19.739999771118164,301811000,NVDA,35082000000.0,,0.78,,,,,,,,,,15.0,0.5,10.0,55.0396214582977,6.350961709633851,18.040000915527344,0.008135463763766726,0.006411486348750106,0.003291166281398361,1.3130171302463909,40.0,619.7070679058947,94.9979983034338,100.0,100.0,False,75.6323000286564,76.56140983714131,74.82955522044506,78.29326445383757,0.7807764064044153,70.6323000286564,4.999999999999999,72.26983280690547,0.44114190914003737,0.25222955153301774,0.3066285393269449,-0.28350000381469725,-0.1306046034157612,18.443804249614445,False,False,61.273110942421965,61.30046830047867,0.42085889917110386,40.292638998053455,3.192701630657041,2.3760932748945893,0.024818428995140036,0.3132143606523624,-0.672603013586567,0.0007040582795809769,-0.027357358056707425,1.2,1.2,False,1.2,13.665249824523926,2021-05-13,20.69849967956543,,0.0,0,0.0,0.003291166281398361,0.003949399537678033,0.0,0.0,0.003949399537678033,1.980222027136612,-0.007327270203296141
2021-08-04,20.228759765625,20.27400016784668,20.31800079345703,19.827999114990234,19.989999771118164,231309000,NVDA,35082000000.0,,0.78,,,,,,,,,,15.0,0.5,10.0,55.0396214582977,6.498076976873936,17.969999313354492,-0.004918923133127029,0.002015195702423478,0.023164250386980445,1.2755052566899523,40.0,629.5065611086134,95.0,100.0,100.0,False,75.0279837804409,75.9627783941226,74.23092377742636,77.69463301081883,0.7807764064044151,70.0279837804409,4.999999999999999,72.27033769393267,0.44114190914003737,0.25222955153301774,0.3066285393269449,-0.28350000381469725,-0.1306046034157612,18.443804249614445,False,False,61.04667520862722,61.045060217374285,0.42085889917110386,38.81642176758117,3.192701630657041,2.3760932748945893,0.025762292206830444,0.3132143606523624,-0.6043162482154969,0.06828676537107015,0.0016149912529363065,1.2,1.2,False,1.2,13.665249824523926,2021-05-13,20.69849967956543,,0.0,0,0.0,0.023164250386980445,0.027797100464376532,0.0,0.0,0.027797100464376532,2.0352664577666997,0.0
2021-08-05,20.59095001220703,20.636999130249023,20.732999801635742,20.341999053955078,20.5,211435000,NVDA,35082000000.0,,0.78,,,,,,,,,,15.0,0.5,10.0,55.0396214582977,6.614422798156738,17.280000686645508,0.006332859605726826,0.005514506986385115,0.01790465420721654,1.2841752113887521,40.0,635.4096818355381,95.0,100.0,100.0,False,74.57627470029144,75.42150370835462,73.68964909165837,77.15335832505087,0.7807764064044153,69.57627470029144,4.999999999999999,72.27033769393267,0.44114190914003737,0.25222955153301774,0.3066285393269449,-0.28350000381469725,-0.1306046034157612,18.443804249614445,False,False,61.36889877314896,61.367396716397565,0.42085889917110386,36.70559713862004,3.192701630657041,2.3760932748945893,0.027243801435063515,0.3132143606523624,-0.4517090801494703,0.1526071680660266,0.001502056751400005,1.2,1.2,False,1.2,13.665249824523926,2021-05-13,20.69849967956543,,0.0,0,0.0,0.01790465420721654,0.02148558504865985,0.0,0.0,0.02148558504865985,2.078995348341731,0.0
2021-08-06,20.320552825927734,20.365999221801758,20.56999969482422,20.209999084472656,20.52400016784668,178497000,NVDA,35082000000.0,,0.78,,,,,,,,,,15.0,0.5,10.0,55.0396214582977,6.527563853141589,16.149999618530273,0.0016524367362660275,-0.0008387952655323216,-0.01313174976346454,1.254974280440042,40.0,625.5541830155338,94.36328795005966,100.0,100.0,False,74.00691772329805,74.86926602737336,73.13741141067712,76.6011206440696,0.7807764064044151,69.00691772329805,4.999999999999999,72.10974009912054,0.44114190914003737,0.25222955153301774,0.3066285393269449,-0.28350000381469725,-0.1306046034157612,18.443804249614445,False,False,61.88828252356077,61.88687843258059,0.42085889917110386,33.820703660988976,3.192701630657041,2.3760932748945893,0.02956768759230358,0.3132143606523624,-0.5693569769933902,-0.11764789684391985,0.0014040909801781255,1.2,1.2,False,1.2,13.665249824523926,2021-05-13,20.69849967956543,,0.0,0,0.0,-0.01313174976346454,-0.015758099716157447,0.0,0.0,-0.015758099716157447,2.0462343323331345,-0.01575809971615745
2021-08-09,20.249711990356445,20.295000076293945,20.507999420166016,20.14299964904785,20.445999145507812,146443000,NVDA,35082000000.0,,0.78,,,,,,,,,,15.0,0.5,10.0,55.0396214582977,6.5048077167608795,16.719999313354492,-0.0008135446213638486,-0.0032287227045676437,-0.0034861606707619064,1.3332151614737198,40.0,619.8210259258653,91.67144666113302,100.0,100.0,False,72.68482123336804,74.01648454924721,72.28462993255096,75.74833916594346,0.7807764064044153,67.68482123336804,4.999999999999999,71.43077817801652,0.44114190914003737,0.25222955153301774,0.3066285393269449,-0.28350000381469725,-0.1306046034157612,18.443804249614445,False,False,62.26841196509486,62.26710053105578,0.42085889917110386,29.901139314461382,3.192701630657041,2.3760932748945893,0.03344354171536067,0.3132143606523624,-1.3220964899300043,-0.7527395129366141,0.0013114340390848157,1.2,1.2,False,1.2,13.665249824523926,2021-05-13,20.69849967956543,,0.0,0,0.0,-0.0034861606707619064,-0.004183392804914287,0.0,0.0,-0.004183392804914287,2.0376741303500836,-0.01987557020009996
2021-08-10,19.89151382446289,19.93600082397461,20.43000030517578,19.834999084472656,20.32200050354004,179238000,NVDA,35082000000.0,,0.78,,,,,,,,,,15.0,0.5,10.0,55.0396214582977,6.389743853838016,16.790000915527344,0.001243950392180615,-0.007190986045364944,-0.01768904907463753,1.310170453363605,40.0,630.9474650375487,92.25768616945125,100.0,100.0,False,72.87160074783637,73.56953541913911,71.83768080244288,75.30139003583535,0.7807764064044151,67.87160074783637,4.999999999999999,71.57864510629057,0.44114190914003737,0.25222955153301774,0.3066285393269449,-0.28350000381469725,-0.1306046034157612,18.443804249614445,False,False,64.43525544873337,64.435199124071,0.42085889917110386,24.60448425237481,3.192701630657041,2.3760932748945893,0.0406429978268486,0.3132143606523624,0.18677951446832708,1.5088760043983314,5.632466236647815e-05,1.2,1.2,False,1.2,13.665249824523926,2021-05-13,20.69849967956543,,0.0,0,0.0,-0.01768904907463753,-0.021226858889565037,0.0,0.0,-0.021226858889565037,1.9944207091222252,-0.040680533165677824
2021-08-11,19.655038833618164,19.698999404907227,20.048999786376953,19.43000030517578,20.042999267578125,185925000,NVDA,35082000000.0,,0.78,,,,,,,,,,15.0,0.5,10.0,55.0396214582977,6.313781860547188,16.170000076293945,0.002484878742467389,0.00013053358865211528,-0.011888112423348751,1.3218030700425676,40.0,634.2864996585122,92.92746643386162,100.0,100.0,False,73.1219831278823,73.39481628431633,71.6629616676201,75.12667090101257,0.7807764064044153,68.1219831278823,4.999999999999999,71.74758348200847,0.44114190914003737,0.25222955153301774,0.3066285393269449,-0.28350000381469725,-0.1306046034157612,18.443804249614445,False,False,69.65363860884185,69.64817566761216,0.42085889917110386,16.644247583378164,3.192701630657041,2.3760932748945893,0.06008081741097468,0.3132143606523624,0.2503823800459344,0.0636028655776073,0.0054629412296856115,1.2,1.2,False,1.2,13.665249824523926,2021-05-13,20.69849967956543,,0.0,0,0.0,-0.011888112423348751,-0.014265734908018501,0.0,0.0,-0.014265734908018501,1.9659688319908253,-0.054365930371637915
2021-08-12,19.860584259033203,19.905000686645508,20.02899932861328,19.6200008392334,19.8700008392334,151652000,NVDA,35082000000.0,,0.78,,,,,,,,,,15.0,0.5,10.0,55.0396214582977,6.37980791238638,15.59000015258789,0.0029969502364324274,0.005741434067288997,0.010457449005605968,1.312970223031,40.0,622.2429303854678,90.11733742977289,100.0,100.0,False,71.91589999537949,72.8174648115918,71.08561019489557,74.54931942828804,0.7807764064044151,66.91589999537949,4.999999999999999,71.03878590355723,0.44114190914003737,0.25222955153301774,0.3066285393269449,-0.28350000381469725,-0.1306046034157612,18.443804249614445,False,False,75.35703962502056,75.34483105157528,0.42085889917110386,10.456230113307681,3.192701630657041,2.3760932748945893,0.0956367628833356,0.3132143606523624,-1.2060831325028118,-1.4564655125487462,0.012208573445282127,1.2,1.2,False,1.2,13.665249824523926,2021-05-13,20.69849967956543,,0.0,0,0.0,0.010457449005605968,0.012548938806727162,0.0,0.0,0.012548938806727162,1.9906396545594112,-0.04249922629831516
2021-08-13,20.142953872680664,20.187999725341797,20.214000701904297,19.85099983215332,19.905000686645508,183063000,NVDA,35082000000.0,,0.78,,,,,,,,,,15.0,0.5,10.0,55.0396214582977,6.470512732481345,15.449999809265137,0.0018198380239258238,0.00544931320103581,0.014217484498061594,1.3179523142788814,40.0,620.3215663012024,86.99601780943287,100.0,100.0,False,70.59660433047372,71.95046707880533,70.21861246210909,73.68232169550157,0.7807764064044153,65.59660433047372,4.999999999999999,70.25149685552766,0.44114190914003737,0.25222955153301774,0.3066285393269449,-0.28350000381469725,-0.1306046034157612,18.443804249614445,False,False,81.0178971810567,81.02730901280421,0.42085889917110386,6.466990078005351,3.192701630657041,2.3760932748945893,0.15463144182037086,0.3132143606523624,-1.3192956649057663,-0.11321253240295448,-0.009411831747513588,1.2,1.2,False,1.2,13.665249824523926,2021-05-13,20.69849967956543,,0.0,0,0.0,0.014217484498061594,0.017060981397673914,0.0,0.0,0.017060981397673914,2.0246019206753214,-0.026163323409932285
2021-08-16,19.90548324584961,19.950000762939453,20.28700065612793,19.452999114990234,20.135000228881836,210876000,NVDA,35082000000.0,,0.78,,,,,,,,,,15.0,0.5,10.0,55.0396214582977,6.394231013762645,16.1200008392334,0.002354655008411921,0.004516400564119394,-0.011789130455732377,1.2445096895488832,40.0,610.0490189769208,78.74448071049467,100.0,100.0,False,66.78562102726448,69.93417210892828,68.20231749223204,71.66602672562452,0.7807764064044151,61.78562102726448,4.999999999999999,68.17021535360442,0.44114190914003737,0.25222955153301774,0.3066285393269449,-0.28350000381469725,-0.1306046034157612,18.443804249614445,False,False,78.93404723923119,78.99426640026611,0.42085889917110386,5.017005738919187,3.192701630657041,2.3760932748945893,0.1993220761623904,0.3132143606523624,-3.810983303209241,-1.518727130426143,-0.06021916103492913,1.2,1.2,False,1.2,13.665249824523926,2021-05-13,20.69849967956543,,0.0,0,0.0,-0.011789130455732377,-0.014146956546878852,0.0,0.0,-0.014146956546878852,1.9959599652788003,-0.03994014855740884
2021-08-17,19.414579391479492,19.45800018310547,19.770000457763672,19.267000198364258,19.684999465942383,204585000,NVDA,35082000000.0,,0.78,,,,,,,,,,15.0,0.5,10.0,55.0396214582977,6.236538520226111,17.90999984741211,-0.00655523338877162,-0.008285750688502791,-0.02466168225657217,1.3728502972876502,40.0,618.4930973444814,77.72674483635093,100.0,100.0,False,66.51371148096258,68.59886463025286,66.86701001355661,70.33071924694912,0.7807764064044153,61.513711480962584,4.999999999999999,67.91351229049008,0.44114190914003737,0.25222955153301774,0.3066285393269449,-0.28350000381469725,-0.1306046034157612,18.443804249614445,False,False,77.13118640951089,77.01047632915902,0.42085889917110386,5.270116793945449,3.192701630657041,2.3760932748945893,0.18974911545581793,0.3132143606523624,-0.2719095463018988,1.518727130426143,0.1207100803518665,1.2,1.2,False,1.2,13.665249824523926,2021-05-13,20.69849967956543,,0.0,0,0.0,-0.02466168225657217,-0.029594018707886603,0.0,0.0,-0.029594018707886603,1.9368914887261468,-0.0683521777616917
2021-08-18,18.997509002685547,19.040000915527344,19.634000778198242,19.0,19.5,285913000,NVDA,35082000000.0,,0.78,,,,,,,,,,15.0,0.5,10.0,55.0396214582977,6.102564396002354,21.56999969482422,-0.01094499544098837,-0.013795270130978476,-0.021482128874736883,1.3146995555868992,40.0,640.8148795001954,83.47024480016006,100.0,100.0,False,69.57874609325393,68.981398793945,67.24954417724877,70.71325341064124,0.7807764064044151,64.57874609325393,4.999999999999999,69.36219271059156,0.44114190914003737,0.25222955153301774,0.3066285393269449,-0.28350000381469725,-0.1306046034157612,18.443804249614445,False,False,80.77949203850827,80.77440380926205,0.42085889917110386,5.459253676006703,3.192701630657041,2.3760932748945893,0.1831752212568867,0.3132143606523624,3.065034612291342,1.518727130426143,0.0050882292462085844,1.2,1.2,False,1.2,13.665249824523926,2021-05-13,20.69849967956543,,0.0,0,0.0,-0.021482128874736883,-0.02577855464968426,0.0,0.0,-0.02577855464968426,1.8869612256335115,-0.09236871206152124
2021-08-19,19.753822326660156,19.79800033569336,20.4950008392334,18.761999130249023,19.493999481201172,766555000,NVDA,35082000000.0,,0.78,,,,,,,,,,15.0,0.5,10.0,55.0396214582977,6.345512928106846,21.670000076293945,0.0015483234371362897,0.00978518547690399,0.03981089200199861,1.3786484415695015,40.0,634.0610661408762,85.99883383484864,100.0,100.0,False,70.94385615617867,69.74751899744835,68.0156643807521,71.4793736141446,0.7807764064044153,65.94385615617867,4.999999999999999,69.99997758882236,0.44114190914003737,0.25222955153301774,0.3066285393269449,-0.28350000381469725,-0.1306046034157612,18.443804249614445,False,False,81.62745760413993,81.74397484514384,0.42085889917110386,5.591727403855577,3.192701630657041,2.3760932748945893,0.17883561335813428,0.3132143606523624,1.3651100629247424,-1.518727130426143,-0.11651724100389971,1.2,1.2,False,1.2,13.665249824523926,2021-05-13,20.69849967956543,,0.0,0,0.0,0.03981089200199861,0.04777307040239833,0.0,0.0,0.04777307040239833,1.9771071571122973,-0.04900837864341672
2021-08-20,20.769556045532227,20.81599998474121,20.864999771118164,19.933000564575195,19.990999221801758,675741000,NVDA,35082000000.0,,0.78,,,,,,,,,,15.0,0.5,10.0,55.0396214582977,6.671794866904234,18.559999465942383,0.00795707751684338,0.012877283149487218,0.05141931668788402,1.484165380463809,40.0,686.410497383063,90.60339404851065,100.0,100.0,False,73.14844888316046,71.07520190474818,69.34334728805194,72.80705652144442,0.7807764064044151,68.14844888316046,4.999999999999999,71.16138374652111,0.44114190914003737,0.25222955153301774,0.3066285393269449,-0.28350000381469725,-0.1306046034157612,18.443804249614445,False,False,83.95689283990072,83.96594984249296,0.42085889917110386,5.554025809605107,3.192701630657041,2.3760932748945893,0.18004957742014893,0.3132143606523624,2.2045927269817867,0.8394826640570443,-0.009057002592236359,1.2,1.2,False,1.2,13.665249824523926,2021-05-13,20.81599998474121,,0.0,0,0.0,0.05141931668788402,0.061703180025460824,0.0,0.0,0.061703180025460824,2.0991009559572245,0.0
2021-08-23,21.909000396728516,21.95800018310547,21.996999740600586,20.950000762939453,20.97100067138672,575807000,NVDA,35082000000.0,,0.78,,,,,,,,,,15.0,0.5,10.0,55.0396214582977,7.0378205715081625,17.149999618530273,0.008796518727259395,0.012906089867347204,0.05486165445817548,1.572522411878126,40.0,784.5126222794254,93.72758564191314,100.0,100.0,False,74.44757731261436,72.39173748074838,70.65988286405212,74.12359209744463,0.7807764064044153,69.44757731261436,4.999999999999999,71.94939719102825,0.44114190914003737,0.25222955153301774,0.3066285393269449,-0.28350000381469725,-0.1306046034157612,18.443804249614445,False,False,84.94978384756429,85.07128201799839,0.42085889917110386,5.512854403252161,3.192701630657041,2.3760932748945893,0.18139423370406385,0.3132143606523624,1.2991284294539014,-0.9054642975278853,-0.12149817043409143,1.2,1.2,False,1.2,13.665249824523926,2021-05-13,21.95800018310547,,0.0,0,0.0,0.05486165445817548,0.06583398534981057,0.0,0.0,0.06583398534981057,2.2372931375394858,0.0
2021-08-24,21.744369506835938,21.792999267578125,21.958999633789062,21.53499984741211,21.753000259399414,297299000,NVDA,35082000000.0,,0.78,,,,,,,,,,15.0,0.5,10.0,55.0396214582977,6.984935662685296,17.219999313354492,0.0015874244054374653,-0.0011409995295166286,-0.007514387200629358,1.5643043735488653,40.0,768.4368093141521,95.0,100.0,100.0,False,74.79405093522524,73.32957231377009,71.59771769707385,75.06142693046633,0.7807764064044151,69.79405093522524,4.999999999999999,72.27033769393267,0.44114190914003737,0.25222955153301774,0.3066285393269449,-0.28350000381469725,-0.1306046034157612,18.443804249614445,False,False,84.99334016764514,84.87184199721105,0.42085889917110386,5.512854403252161,3.192701630657041,2.3760932748945893,0.18139423370406385,0.3132143606523624,0.3464736226108869,-0.9526548068430145,0.12149817043409143,1.2,1.2,False,1.2,13.665249824523926,2021-05-13,21.95800018310547,,0.0,0,0.0,-0.007514387200629358,-0.009017264640755229,0.0,0.0,-0.009017264640755229,2.2171188732393468,-0.00901726464075518
2021-08-25,22.163429260253906,22.21299934387207,22.469999313354492,21.722000122070312,21.73699951171875,347701000,NVDA,35082000000.0,,0.78,,,,,,,,,,15.0,0.5,10.0,55.0396214582977,7.119551071753868,16.790000915527344,0.0020983602447592897,-0.0005712482864488333,0.01927224752945267,1.5641233801489347,40.0,769.0594323827244,95.0,100.0,100.0,False,74.47604718286777,73.77714257793362,72.04528796123736,75.50899719462987,0.7807764064044153,69.47604718286777,4.999999999999999,72.27033769393267,0.44114190914003737,0.25222955153301774,0.3066285393269449,-0.28350000381469725,-0.1306046034157612,18.443804249614445,False,False,84.00508713006862,83.88358895963452,0.42085889917110386,5.512854403252161,3.192701630657041,2.3760932748945893,0.18139423370406385,0.3132143606523624,-0.3180037523574697,-0.6644773749683566,0.12149817043409143,1.2,1.2,False,1.2,13.665249824523926,2021-05-13,22.21299934387207,,0.0,0,0.0,0.01927224752945267,0.023126697035343202,0.0,0.0,0.023126697035343202,2.2683935097120944,0.0
2021-08-26,22.018754959106445,22.06800079345703,22.34000015258789,21.790000915527344,22.200000762939453,237940000,NVDA,35082000000.0,,0.78,,,,,,,,,,15.0,0.5,10.0,55.0396214582977,7.073077177390074,18.84000015258789,-0.005903174076911433,-0.006286450731734949,-0.006527643933642802,1.5338110114643924,40.0,761.9047307789727,95.0,100.0,100.0,False,74.00561057603764,73.86633378920266,72.13447917250642,75.5981884058989,0.7807764064044151,69.00561057603764,4.999999999999999,72.27033769393267,0.44114190914003737,0.25222955153301774,0.3066285393269449,-0.28350000381469725,-0.1306046034157612,18.443804249614445,False,False,82.76605104833116,82.88754921876526,0.42085889917110386,5.512854403252161,3.192701630657041,2.3760932748945893,0.18139423370406385,0.3132143606523624,-0.470436606830134,-0.1524328544726643,-0.12149817043409143,1.2,1.2,False,1.2,13.665249824523926,2021-05-13,22.21299934387207,,0.0,0,0.0,-0.006527643933642802,-0.007833172720371361,0.0,0.0,-0.007833172720371361,2.25062479155275,-0.00783317272037136
2021-08-27,22.585487365722656,22.63599967956543,22.722000122070312,22.16699981689453,22.18400001525879,304722000,NVDA,35082000000.0,,0.78,,,,,,,,,,15.0,0.5,10.0,55.0396214582977,7.255128102424817,16.389999389648438,0.008940954033659798,0.009649143420228823,0.02573857466403595,1.6380310013422286,40.0,759.5208059073922,95.0,100.0,100.0,False,73.43470169824926,73.69782971277094,71.96597509607469,75.4296843294672,0.7807764064044153,68.43470169824926,4.999999999999999,72.27033769393267,0.44114190914003737,0.25222955153301774,0.3066285393269449,-0.28350000381469725,-0.1306046034157612,18.443804249614445,False,False,81.97180589875445,81.90464728562989,0.42085889917110386,5.512854403252161,3.192701630657041,2.3760932748945893,0.18139423370406385,0.3132143606523624,-0.5709088777883835,-0.10047227095824951,0.06715861312456355,1.2,1.2,False,1.2,13.665249824523926,2021-05-13,22.63599967956543,,0.0,0,0.0,0.02573857466403595,0.03088628959684314,0.0,0.0,0.03088628959684314,2.320138240638483,0.0
2021-08-30,22.637372970581055,22.687999725341797,23.042999267578125,22.551000595092773,22.829999923706055,262580000,NVDA,35082000000.0,,0.78,,,,,,,,,,15.0,0.5,10.0,55.0396214582977,7.271794783763396,16.190000534057617,0.004397581313332788,0.010759474355963139,0.002297227713044636,1.5754292125104874,40.0,751.5489458048229,95.0,100.0,100.0,False,72.82363705127108,73.35655521039546,71.62470059369922,75.0884098270917,0.7807764064044151,67.82363705127108,4.999999999999999,72.27033769393267,0.44114190914003737,0.25222955153301774,0.3066285393269449,-0.28350000381469725,-0.1306046034157612,18.443804249614445,False,False,80.88256012965996,80.9549972734622,0.42085889917110386,5.512854403252161,3.192701630657041,2.3760932748945893,0.18139423370406385,0.3132143606523624,-0.6110646469781784,-0.04015576918979491,-0.07243714380223082,1.2,1.2,False,1.2,13.665249824523926,2021-05-13,22.687999725341797,,0.0,0,0.0,0.002297227713044636,0.0027566732556535633,0.0,0.0,0.0027566732556535633,2.32653410367587,0.0
2021-08-31,22.3389835357666,22.385000228881836,22.69499969482422,22.1200008392334,22.69499969482422,259850000,NVDA,35082000000.0,,0.78,,,,,,,,,,15.0,0.5,10.0,55.0396214582977,7.17467956053905,16.479999542236328,-0.0014815766566952382,-0.005259839411035583,-0.01335505554160954,1.5907898797649382,40.0,745.4877912619247,95.0,100.0,100.0,False,72.20403366460579,72.9066243949828,71.17476977828656,74.63847901167904,0.7807764064044153,67.20403366460579,4.999999999999999,72.27033769393267,0.44114190914003737,0.25222955153301774,0.3066285393269449,-0.28350000381469725,-0.1306046034157612,18.443804249614445,False,False,79.97145292345427,80.04766530800171,0.42085889917110386,5.512932159239878,3.192701630657041,2.3760932748945893,0.1813916752673916,0.3132143606523624,-0.6196033866652897,-0.008538739687111274,-0.07621238454744116,1.0,1.2,True,1.0,13.665249824523926,2021-05-13,22.687999725341797,,0.0,0,0.0,-0.01335505554160954,-0.016026066649931447,0.19999999999999996,9.999999999999998e-05,-0.016126066649931447,2.2890162596566546,-0.016126066649931468
2021-09-01,22.39487075805664,22.44099998474121,22.69700050354004,22.35700035095215,22.485000610351562,201767000,NVDA,35082000000.0,,0.78,,,,,,,,,,15.0,0.5,10.0,55.0396214582977,7.192628200237567,16.110000610351562,0.0005314692082392103,0.0002517517687219417,0.0025016642969304392,1.5834203321663434,40.0,736.5601306803924,95.0,100.0,100.0,False,71.58848883662496,72.39203982277854,70.6601852060823,74.12389443947478,0.7807764064044151,66.58848883662496,4.999999999999999,72.27033769393267,0.44114190914003737,0.25222955153301774,0.3066285393269449,-0.28350000381469725,-0.1306046034157612,18.443804249614445,False,False,79.1188732197186,79.17203140971607,0.42085889917110386,5.512932159239878,3.192701630657041,2.3760932748945893,0.1813916752673916,0.3132143606523624,-0.6155448279808269,0.00405855868446281,-0.053158189997468526,1.0,1.0,False,1.0,13.665249824523926,2021-05-13,22.687999725341797,,0.0,0,0.0,0.0025016642969304392,0.0025016642969304392,0.0,0.0,0.0025016642969304392,2.294742609908531,-0.013664744358188997
2021-09-02,22.349966049194336,22.395999908447266,22.593000411987305,22.295000076293945,22.51799964904785,187834000,NVDA,35082000000.0,,0.78,,,,,,,,,,15.0,0.5,10.0,55.0396214582977,7.178205098861302,16.40999984741211,0.0030766150641741152,-0.001069843772656509,-0.002005261633819533,1.5813306107350462,40.0,729.5463614431712,95.0,100.0,100.0,False,70.98093071185805,71.84115947244403,70.10930485574778,73.57301408914029,0.7807764064044153,65.98093071185805,4.999999999999999,72.27033769393267,0.44114190914003737,0.25222955153301774,0.3066285393269449,-0.28350000381469725,-0.1306046034157612,18.443804249614445,False,False,78.30915386518765,78.32134849354547,0.42085889917110386,5.512932159239878,3.192701630657041,2.3760932748945893,0.1813916752673916,0.3132143606523624,-0.6075581247669106,0.007986703213916257,-0.012194628357813144,1.0,1.0,False,1.0,13.665249824523926,2021-05-13,22.687999725341797,,0.0,0,0.0,-0.002005261633819533,-0.002005261633819533,0.0,0.0,-0.002005261633819533,2.2901410505933906,-0.01564260460441111
2021-09-03,22.796049118041992,22.843000411987305,22.986000061035156,22.200000762939453,22.325000762939453,280532000,NVDA,35082000000.0,,0.78,,,,,,,,,,15.0,0.5,10.0,55.0396214582977,7.321474491021572,16.40999984741211,-0.0002427588175996087,0.0039690348375860385,0.019958943801006157,1.6039392485527995,40.0,726.9740754396489,95.0,100.0,100.0,False,70.38172202566966,71.27141230991177,69.53955769321553,73.003266926608,0.7807764064044151,65.38172202566966,4.999999999999999,72.27033769393267,0.44114190914003737,0.25222955153301774,0.3066285393269449,-0.28350000381469725,-0.1306046034157612,18.443804249614445,False,False,77.39973085041652,77.40776863209318,0.42085889917110386,5.535592367858929,3.192701630657041,2.3760932748945893,0.1806491398836115,0.3132143606523624,-0.5992086861883905,0.008349438578520108,-0.008037781676659961,1.0,1.0,False,1.0,13.665249824523926,2021-05-13,22.843000411987305,,0.0,0,0.0,0.019958943801006157,0.019958943801006157,0.0,0.0,0.019958943801006157,2.335849847118561,0.0
2021-09-07,22.61541748046875,22.66200065612793,22.89900016784668,22.52199935913086,22.83300018310547,198107000,NVDA,35082000000.0,,0.78,,,,,,,,,,15.0,0.5,10.0,55.0396214582977,7.263461748758951,18.139999389648438,-0.003575516829695813,0.0002509618849124706,-0.007923641929472258,1.5940371549012848,40.0,719.718665258603,95.0,100.0,100.0,False,69.78756201816913,70.69213466069729,68.96028004400105,72.42398927739353,0.7807764064044153,64.78756201816913,4.999999999999999,72.27033769393267,0.44114190914003737,0.25222955153301774,0.3066285393269449,-0.28350000381469725,-0.1306046034157612,18.443804249614445,False,False,76.31514042219504,76.31835288373023,0.42085889917110386,5.607610562850945,3.192701630657041,2.3760932748945893,0.17832907417372323,0.3132143606523624,-0.594160007500534,0.005048678687856523,-0.003212461535183593,1.0,1.0,False,1.0,13.665249824523926,2021-05-13,22.843000411987305,,0.0,0,0.0,-0.007923641929472258,-0.007923641929472258,0.0,0.0,-0.007923641929472258,2.3173414093289812,-0.007923641929472213
2021-09-08,22.293081283569336,22.339000701904297,22.610000610351562,21.976999282836914,22.51300048828125,254434000,NVDA,35082000000.0,,0.78,,,,,,,,,,15.0,0.5,10.0,55.0396214582977,7.159936122405223,17.959999084472656,-0.0012182425981892564,-0.003826854665676449,-0.014252931995052731,1.628020647882668,40.0,719.1064373179312,95.0,100.0,100.0,False,69.19618580454872,70.10813387466305,68.37627925796681,71.83998849135929,0.7807764064044151,64.19618580454872,4.999999999999999,72.27033769393267,0.44114190914003737,0.25222955153301774,0.3066285393269449,-0.28350000381469725,-0.1306046034157612,18.443804249614445,False,False,75.28679197787973,75.2874750770547,0.42085889917110386,5.669856221945514,3.192701630657041,2.3760932748945893,0.17637131540116324,0.3132143606523624,-0.591376213620407,0.00278379388012695,-0.0006830991749689019,1.0,1.0,False,1.0,13.665249824523926,2021-05-13,22.843000411987305,,0.0,0,0.0,-0.014252931995052731,-0.014252931995052731,0.0,0.0,-0.014252931995052731,2.2843124998124957,-0.022063638794950984
2021-09-09,22.13141632080078,22.177000045776367,22.538000106811523,22.131000518798828,22.312000274658203,196856000,NVDA,35082000000.0,,0.78,,,,,,,,,,15.0,0.5,10.0,55.0396214582977,7.1080128351847325,18.799999237060547,-0.004280217028024724,-0.0037785179803201396,-0.007251920454710348,1.6220657828670304,40.0,718.8909620580008,95.0,100.0,100.0,False,68.60661012550652,69.5219567161644,67.79010209946816,71.25381133286064,0.7807764064044153,63.60661012550653,4.999999999999999,72.27033769393267,0.44114190914003737,0.25222955153301774,0.3066285393269449,-0.28350000381469725,-0.1306046034157612,18.443804249614445,False,False,74.32475715596668,74.32443247127192,0.42085889917110386,5.7205413511098175,3.192701630657041,2.3760932748945893,0.174808630621295,0.3132143606523624,-0.5895756790421984,0.0018005345782086124,0.0003246846947570248,1.0,1.0,False,1.0,13.665249824523926,2021-05-13,22.843000411987305,,0.0,0,0.0,-0.007251920454710348,-0.007251920454710348,0.0,0.0,-0.007251920454710348,2.267746847270155,-0.029155555496178792
2021-09-10,22.43179702758789,22.47800064086914,22.625999450683594,22.270000457763672,22.347999572753906,248376000,NVDA,35082000000.0,,0.78,,,,,,,,,,15.0,0.5,10.0,55.0396214582977,7.204487384893955,20.950000762939453,-0.007884557125706126,-0.009861543299309217,0.01357264708804018,1.537769669203091,40.0,705.7998119149412,95.0,100.0,100.0,False,68.01793550934991,68.93480457965808,67.20294996296184,70.66665919635432,0.7807764064044151,63.01793550934991,4.999999999999999,72.27033769393267,0.44114190914003737,0.25222955153301774,0.3066285393269449,-0.28350000381469725,-0.1306046034157612,18.443804249614445,False,False,73.39342845321573,73.39278951695862,0.42085889917110386,5.768291230353765,3.192701630657041,2.3760932748945893,0.17336156585468912,0.3132143606523624,-0.5886746161566094,0.000901062885588999,0.0006389362571133006,1.0,1.0,False,1.0,13.665249824523926,2021-05-13,22.843000411987305,,0.0,0,0.0,0.01357264708804018,0.01357264708804018,0.0,0.0,0.01357264708804018,2.2985261749131687,-0.015978626473544047
2021-09-13,22.106462478637695,22.152000427246094,22.964000701904297,21.857999801635742,22.68400001525879,297500000,NVDA,35082000000.0,,0.78,,,,,,,,,,15.0,0.5,10.0,55.0396214582977,7.10000013693785,19.3700008392334,0.0025592316015876637,0.000319145702677881,-0.014503078758273502,1.4511759999415705,40.0,703.368719946085,94.70042290640431,100.0,100.0,False,67.2528199556344,68.27817762447174,66.5463230077755,70.01003224116798,0.7807764064044153,62.25281995563439,4.999999999999999,72.19477549796547,0.44114190914003737,0.25222955153301774,0.3066285393269449,-0.28350000381469725,-0.1306046034157612,18.443804249614445,False,False,72.77182249006071,72.77115453497443,0.42085889917110386,5.700566120981836,3.192701630657041,2.3760932748945893,0.17542117375313684,0.3132143606523624,-0.7651155537155176,-0.17644093755890822,0.0006679550862816086,1.0,1.0,False,1.0,13.665249824523926,2021-05-13,22.843000411987305,,0.0,0,0.0,-0.014503078758273502,-0.014503078758273502,0.0,0.0,-0.014503078758273502,2.26519046877045,-0.030249965953622625
2021-09-14,22.196279525756836,22.242000579833984,22.40999984741211,22.086000442504883,22.274999618530273,199755000,NVDA,35082000000.0,,0.78,,,,,,,,,,15.0,0.5,10.0,55.0396214582977,7.128846339690379,19.459999084472656,-0.005396509510041114,-0.001276467689502958,0.004062845379742441,1.487697387779184,40.0,695.7465045268664,92.14581648134391,100.0,100.0,False,65.03952643854089,67.01384640719749,65.28199179050125,68.74570102389373,0.7807764064044151,60.039526438540896,4.999999999999999,71.55042826502911,0.44114190914003737,0.25222955153301774,0.3066285393269449,-0.28350000381469725,-0.1306046034157612,18.443804249614445,False,False,74.68084107105597,74.68043717676093,0.42085889917110386,4.772747335156112,3.192701630657041,2.3760932748945893,0.20952292878233644,0.3132143606523624,-2.213293517093504,-1.4481779633779865,0.0004038942950285218,1.0,1.0,False,1.0,13.665249824523926,2021-05-13,22.843000411987305,,0.0,0,0.0,0.004062845379742441,0.004062845379742441,0.0,0.0,0.004062845379742441,2.2743935874007306,-0.02631002150829226
2021-09-15,22.29507827758789,22.340999603271484,22.367000579833984,21.965999603271484,22.30900001525879,166538000,NVDA,35082000000.0,,0.78,,,,,,,,,,15.0,0.5,10.0,55.0396214582977,7.160576795920347,18.18000030517578,0.008352638275707758,0.008755179022128745,0.004450994553397258,1.5272040558262316,40.0,687.2999125173188,88.10187663104533,100.0,100.0,False,61.55883206702824,64.88427316049655,63.1524185438003,66.61612777719279,0.7807764064044153,56.55883206702824,4.999999999999999,70.5304271301618,0.44114190914003737,0.25222955153301774,0.3066285393269449,-0.28350000381469725,-0.1306046034157612,18.443804249614445,False,False,76.30455437471035,76.30433167119993,0.42085889917110386,3.787933511293966,3.192701630657041,2.3760932748945893,0.2639961860519558,0.3132143606523624,-3.480694371512648,-1.2674008544191437,0.00022270351041015602,1.0,1.0,False,1.0,13.665249824523926,2021-05-13,22.843000411987305,,0.0,0,0.0,0.004450994553397258,0.004450994553397258,0.0,0.0,0.004450994553397258,2.284516900870533,-0.02197613271732821
2021-09-16,22.196279525756836,22.242000579833984,22.277000427246094,21.927000045776367,22.183000564575195,156033000,NVDA,35082000000.0,,0.78,,,,,,,,,,15.0,0.5,10.0,55.0396214582977,7.128846339690379,18.690000534057617,-0.0015852269521696716,0.0005701383237932678,-0.004431270990354563,1.502609126395642,40.0,679.6106130786112,82.4988356503132,100.0,100.0,False,56.39107925292314,61.56863045147103,59.836775834774784,63.300485068167276,0.7807764064044151,51.39107925292314,4.999999999999999,69.11717461637062,0.44114190914003737,0.25222955153301774,0.3066285393269449,-0.28350000381469725,-0.1306046034157612,18.443804249614445,False,False,69.25304297253292,69.25289892976667,0.42085889917110386,3.787933511293966,3.192701630657041,2.3760932748945893,0.2639961860519558,0.3132143606523624,-5.1677528141051,-1.518727130426143,0.000144042766256689,1.0,1.0,False,1.0,13.665249824523926,2021-05-13,22.843000411987305,,0.0,0,0.0,-0.004431270990354563,-0.004431270990354563,0.0,0.0,-0.004431270990354563,2.2743935874007306,-0.02631002150829226
2021-09-17,21.8549861907959,21.899999618530273,22.320999145507812,21.829999923706055,22.299999237060547,294503000,NVDA,35082000000.0,,0.78,,,,,,,,,,15.0,0.5,10.0,55.0396214582977,7.019230646964831,20.809999465942383,-0.012903413372959749,-0.015575577281504827,-0.015376357898928883,1.4711858069387522,40.0,682.9519305492415,79.21281578202847,100.0,100.0,False,52.386322038376214,57.983965568834435,56.25211095213819,59.71582018553068,0.7807764064044153,47.386322038376214,4.999999999999999,68.28834329866457,0.44114190914003737,0.25222955153301774,0.3066285393269449,-0.28350000381469725,-0.1306046034157612,18.443804249614445,False,False,59.103052139341095,59.10298005431025,0.42085889917110386,4.504050673793957,3.192701630657041,2.3760932748945893,0.22202236884640925,0.3132143606523624,-4.0047572145469275,1.1629955995581724,7.208503084711993e-05,1.0,1.0,False,1.0,13.665249824523926,2021-05-13,22.843000411987305,,0.0,0,0.0,-0.015376357898928883,-0.015376357898928883,0.0,0.0,-0.015376357898928883,2.239421697597828,-0.04128182710018118
2021-09-20,21.069599151611328,21.113000869750977,21.433000564575195,20.66200065612793,21.145999908447266,349440000,NVDA,35082000000.0,,0.78,,,,,,,,,,15.0,0.5,10.0,55.0396214582977,6.766987458253518,25.709999084472656,-0.016674185440266553,-0.019938197388163936,-0.03593601655195433,1.516696915892527,40.0,740.0168924686484,85.33242709937767,100.0,100.0,False,56.43116364499146,57.37777001585644,55.645915399160195,59.10962463255269,0.7807764064044151,51.43116364499146,4.999999999999999,69.83189011679595,0.44114190914003737,0.25222955153301774,0.3066285393269449,-0.28350000381469725,-0.1306046034157612,18.443804249614445,False,False,64.96197841269617,64.97609368770088,0.42085889917110386,4.784781315521542,3.192701630657041,2.3760932748945893,0.20899596743451165,0.3132143606523624,4.044841606615243,1.518727130426143,-0.014115275004712657,1.0,1.0,False,1.0,13.665249824523926,2021-05-13,22.843000411987305,,0.0,0,0.0,-0.03593601655195433,-0.03593601655195433,0.0,0.0,-0.03593601655195433,2.158945802406147,-0.07573433923016842
2021-09-21,21.202327728271484,21.246000289916992,21.424999237060547,20.950000762939453,21.41699981689453,204688000,NVDA,35082000000.0,,0.78,,,,,,,,,,15.0,0.5,10.0,55.0396214582977,6.8096154775374975,24.360000610351562,-0.0009446218183523092,0.00039373642650741836,0.006299408643352322,1.5116480680459723,40.0,723.673858582623,88.19602478426107,100.0,100.0,False,57.963480609122925,57.606424521958246,55.874569905262,59.33827913865449,0.7807764064044153,52.963480609122925,4.999999999999999,70.55417407662507,0.44114190914003737,0.25222955153301774,0.3066285393269449,-0.28350000381469725,-0.1306046034157612,18.443804249614445,False,False,67.24416599517093,67.36002023224117,0.42085889917110386,4.871366344461754,3.192701630657041,2.3760932748945893,0.20528121460971577,0.3132143606523624,1.5323169641314678,-1.518727130426143,-0.11585423707023892,1.0,1.0,False,1.0,13.665249824523926,2021-05-13,22.843000411987305,,0.0,0,0.0,0.006299408643352322,0.006299408643352322,0.0,0.0,0.006299408643352322,2.1725458842543537,-0.06991201213796111
2021-09-22,21.895898818969727,21.94099998474121,21.959999084472656,21.195999145507812,21.365999221801758,268726000,NVDA,35082000000.0,,0.78,,,,,,,,,,15.0,0.5,10.0,55.0396214582977,7.032371789981157,20.8700008392334,0.00975481498309394,0.013710288011140381,0.03271202510309923,1.463147226103061,40.0,733.04255690358,90.66592057720554,100.0,100.0,False,59.63591111982529,58.398712148322524,56.66685753162628,60.13056676501877,0.7807764064044151,54.63591111982529,4.999999999999999,71.17715478481274,0.44114190914003737,0.25222955153301774,0.3066285393269449,-0.28350000381469725,-0.1306046034157612,18.443804249614445,False,False,69.93957141971526,70.0409634880688,0.42085889917110386,4.839329892319729,3.192701630657041,2.3760932748945893,0.206640179994146,0.3132143606523624,1.6724305107023625,0.1401135465708947,-0.1013920683535315,1.0,1.0,False,1.0,13.665249824523926,2021-05-13,22.843000411987305,,0.0,0,0.0,0.03271202510309923,0.03271202510309923,0.0,0.0,0.03271202510309923,2.243614259757717,-0.039486950530927004
2021-09-23,22.435789108276367,22.48200035095215,22.53499984741211,21.889999389648438,22.139999389648438,248555000,NVDA,35082000000.0,,0.78,,,,,,,,,,15.0,0.5,10.0,55.0396214582977,7.205769343253894,18.6299991607666,0.012150019417616509,0.013395504695338678,0.024657051482939396,1.4933523126285395,40.0,778.6236471162915,93.59470419086263,100.0,100.0,False,63.82410211908125,60.5167203906783,58.784865773982055,62.24857500737455,0.7807764064044153,58.82410211908125,4.999999999999999,71.91588056222272,0.44114190914003737,0.25222955153301774,0.3066285393269449,-0.28350000381469725,-0.1306046034157612,18.443804249614445,False,False,73.32773815987936,73.44923633031345,0.42085889917110386,4.804206122555277,3.192701630657041,2.3760932748945893,0.2081509357612901,0.3132143606523624,4.188190999255966,1.518727130426143,-0.12149817043409143,1.0,1.0,False,1.0,13.665249824523926,2021-05-13,22.843000411987305,,0.0,0,0.0,0.024657051482939396,0.024657051482939396,0.0,0.0,0.024657051482939396,2.29893517206842,-0.015803530820132947
2021-09-24,22.03561019897461,22.08099937438965,22.14900016784668,21.861000061035156,22.06999969482422,217655000,NVDA,35082000000.0,,0.78,,,,,,,,,,15.0,0.5,10.0,55.0396214582977,7.077243389227451,17.75,0.0016472110618543923,0.0007024304346376908,-0.01783653457444756,1.4948753997954969,40.0,746.3386684997388,94.66875855358056,100.0,100.0,False,67.09316058112275,63.08408506009269,61.352230443396444,64.81593967678893,0.7807764064044151,62.093160581122746,4.999999999999999,72.18678881245314,0.44114190914003737,0.25222955153301774,0.3066285393269449,-0.28350000381469725,-0.1306046034157612,18.443804249614445,False,False,74.53444812535399,74.44140847738933,0.42085889917110386,4.7937792063026565,3.192701630657041,2.3760932748945893,0.2086036834331549,0.3132143606523624,3.2690584620414924,-0.9191325372144732,0.09303964796465379,1.0,1.0,False,1.0,13.665249824523926,2021-05-13,22.843000411987305,,0.0,0,0.0,-0.01783653457444756,-0.01783653457444756,0.0,0.0,-0.01783653457444756,2.2579301353874084,-0.03335818517070878
2021-09-27,21.615476608276367,21.65999984741211,21.798999786376953,21.325000762939453,21.709999084472656,245215000,NVDA,35082000000.0,,0.78,,,,,,,,,,15.0,0.5,10.0,55.0396214582977,6.942307643401317,18.760000228881836,-0.002860915508086981,-0.009699471682342975,-0.019066144599679258,1.506497607645262,40.0,747.3583543095724,95.0,100.0,100.0,False,69.08200992745245,65.4256041720031,63.69374955530686,67.15745878869936,0.7807764064044153,64.08200992745245,4.999999999999999,72.27033769393267,0.44114190914003737,0.25222955153301774,0.3066285393269449,-0.28350000381469725,-0.1306046034157612,18.443804249614445,False,False,74.33702576993397,74.21552759949988,0.42085889917110386,4.7937792063026565,3.192701630657041,2.3760932748945893,0.2086036834331549,0.3132143606523624,1.988849346329701,-1.2802091157117914,0.12149817043409143,1.0,1.0,False,1.0,13.665249824523926,2021-05-13,22.843000411987305,,0.0,0,0.0,-0.019066144599679258,-0.019066144599679258,0.0,0.0,-0.019066144599679258,2.2148801129301385,-0.0517883177883405
2021-09-28,20.65645408630371,20.698999404907227,21.41900062561035,20.650999069213867,21.214000701904297,343069000,NVDA,35082000000.0,,0.78,,,,,,,,,,15.0,0.5,10.0,55.0396214582977,6.634294681060008,23.25,-0.02015184604315312,-0.029641123984468054,-0.04436751843374098,1.5234063794870043,40.0,823.8168298567311,95.0,100.0,100.0,False,69.28770883819682,66.93332427321734,65.2014696565211,68.66517888991358,0.7807764064044151,64.28770883819682,4.999999999999999,72.27033769393267,0.44114190914003737,0.25222955153301774,0.3066285393269449,-0.28350000381469725,-0.1306046034157612,18.443804249614445,False,False,73.4251125741839,73.546610744618,0.42085889917110386,4.7937792063026565,3.192701630657041,2.3760932748945893,0.2086036834331549,0.3132143606523624,0.20569891074437407,-1.518727130426143,-0.12149817043409143,1.0,1.0,False,1.0,13.665249824523926,2021-05-13,22.843000411987305,,0.0,0,0.0,-0.04436751843374098,-0.04436751843374098,0.0,0.0,-0.04436751843374098,2.1166113786911844,-0.09385811707795479
2021-09-29,20.47482681274414,20.517000198364258,21.017000198364258,20.466999053955078,20.940000534057617,218394000,NVDA,35082000000.0,,0.78,,,,,,,,,,15.0,0.5,10.0,55.0396214582977,6.575961602039826,22.559999465942383,0.001683138855191224,-0.0012617202073630374,-0.008792657218967825,1.5218849401577694,40.0,827.319591646193,95.0,100.0,100.0,False,68.80432488614535,67.66374084068853,65.93188622399228,69.39559545738479,0.7807764064044153,63.80432488614536,4.999999999999999,72.27033769393267,0.44114190914003737,0.25222955153301774,0.3066285393269449,-0.28350000381469725,-0.1306046034157612,18.443804249614445,False,False,72.88524071726354,72.87403163353787,0.42085889917110386,4.7937792063026565,3.192701630657041,2.3760932748945893,0.2086036834331549,0.3132143606523624,-0.48338395205146867,-0.6890828627958427,0.011209083725671577,1.0,1.0,False,1.0,13.665249824523926,2021-05-13,22.843000411987305,,0.0,0,0.0,-0.008792657218967825,-0.008792657218967825,0.0,0.0,-0.008792657218967825,2.0980007403725858,-0.10182551204623848
2021-09-30,20.673418045043945,20.715999603271484,21.06599998474121,20.687999725341797,20.76799964904785,221009000,NVDA,35082000000.0,,0.78,,,,,,,,,,15.0,0.5,10.0,55.0396214582977,6.639743462587014,23.139999389648438,-0.01222234413487222,-0.007180762075089886,0.009699244674330698,1.520034017727913,40.0,812.8786403593534,95.0,100.0,100.0,False,68.21910442715931,67.88054823333479,66.14869361663855,69.61240285003103,0.7807764064044151,63.21910442715931,4.999999999999999,72.27033769393267,0.44114190914003737,0.25222955153301774,0.3066285393269449,-0.28350000381469725,-0.1306046034157612,18.443804249614445,False,False,72.33611386080081,72.21461569036671,0.42085889917110386,4.7937792063026565,3.192701630657041,2.3760932748945893,0.2086036834331549,0.3132143606523624,-0.5852204589860435,-0.1018365069345748,0.12149817043409143,1.0,1.0,False,1.0,13.665249824523926,2021-05-13,22.843000411987305,,0.0,0,0.0,0.009699244674330698,0.009699244674330698,0.0,0.0,0.009699244674330698,2.1183497628803862,-0.09311389792733335
2021-10-01,20.699365615844727,20.742000579833984,20.858999252319336,20.202999114990234,20.75,240978000,NVDA,35082000000.0,,0.78,,,,,,,,,,15.0,0.5,10.0,55.0396214582977,6.648077108921148,21.100000381469727,0.0118841762871158,0.015068308931398322,0.0012551157105831212,1.4311273756998215,40.0,804.6067292146604,95.0,100.0,100.0,False,67.8429497124645,67.86587021432918,66.13401559763292,69.59772483102543,0.7807764064044153,62.8429497124645,4.999999999999999,72.27033769393267,0.44114190914003737,0.25222955153301774,0.3066285393269449,-0.28350000381469725,-0.1306046034157612,18.443804249614445,False,False,71.4998160575759,71.57334666055306,0.42085889917110386,4.7937792063026565,3.192701630657041,2.3760932748945893,0.2086036834331549,0.3132143606523624,-0.3761547146948061,0.20906574429123737,-0.07353060297715786,1.0,1.0,False,1.0,13.665249824523926,2021-05-13,22.843000411987305,,0.0,0,0.0,0.0012551157105831212,0.0012551157105831212,0.0,0.0,0.0012551157105831212,2.1210085369482874,-0.09197565093291248
2021-10-04,19.691436767578125,19.73200035095215,20.54199981689453,19.55500030517578,20.503999710083008,345635000,NVDA,35082000000.0,,0.78,,,,,,,,,,15.0,0.5,10.0,55.0396214582977,6.3243590868436375,22.959999084472656,-0.01289603839322806,-0.023157680253434565,-0.04869348185554434,1.5133633341347086,40.0,812.4291468685965,95.0,100.0,100.0,False,67.72880297129964,67.812360779605,66.08050616290876,69.54421539630124,0.7807764064044151,62.72880297129964,4.999999999999999,72.27033769393267,0.44114190914003737,0.25222955153301774,0.3066285393269449,-0.28350000381469725,-0.1306046034157612,18.443804249614445,False,False,70.84960078503016,70.9520175142871,0.42085889917110386,4.7937792063026565,3.192701630657041,2.3760932748945893,0.2086036834331549,0.3132143606523624,-0.11414674116485912,0.262007973529947,-0.10241672925694331,1.0,1.0,False,1.0,13.665249824523926,2021-05-13,22.843000411987305,,0.0,0,0.0,-0.04869348185554434,-0.04869348185554434,0.0,0.0,-0.04869348185554434,2.0177292462389413,-0.13619051809860314
2021-10-05,20.408964157104492,20.451000213623047,20.648000717163086,19.854000091552734,19.950000762939453,279282000,NVDA,35082000000.0,,0.78,,,,,,,,,,15.0,0.5,10.0,55.0396214582977,6.554807760776617,21.299999237060547,0.010404981575824479,0.014250983690017538,0.03643826524847005,1.5480098160755054,40.0,813.7985817295831,95.0,100.0,100.0,False,67.72880297129964,67.77974079695716,66.04788618026092,69.5115954136534,0.7807764064044153,62.72880297129964,4.999999999999999,72.27033769393267,0.44114190914003737,0.25222955153301774,0.3066285393269449,-0.28350000381469725,-0.1306046034157612,18.443804249614445,False,False,70.23231198486667,70.35381015530076,0.42085889917110386,4.7937792063026565,3.192701630657041,2.3760932748945893,0.2086036834331549,0.3132143606523624,0.0,0.11414674116485912,-0.12149817043409143,1.0,1.0,False,1.0,13.665249824523926,2021-05-13,22.843000411987305,,0.0,0,0.0,0.03643826524847005,0.03643826524847005,0.0,0.0,0.03643826524847005,2.0912517997129916,-0.1047147990729365
2021-10-06,20.657453536987305,20.700000762939453,20.719999313354492,20.079999923706055,20.1200008392334,297202000,NVDA,35082000000.0,,0.78,,,,,,,,,,15.0,0.5,10.0,55.0396214582977,6.634615629147261,21.0,0.004156055801436631,0.006525908899835953,0.012175470476526673,1.5648850693159428,40.0,811.2958849764173,95.0,100.0,100.0,False,67.72880297129964,67.75985527072369,66.02800065402745,69.49170988741993,0.7807764064044151,62.72880297129964,4.999999999999999,72.27033769393267,0.44114190914003737,0.25222955153301774,0.3066285393269449,-0.28350000381469725,-0.1306046034157612,18.443804249614445,False,False,69.72570569486585,69.78083232388951,0.42085889917110386,4.7937792063026565,3.192701630657041,2.3760932748945893,0.2086036834331549,0.3132143606523624,0.0,0.0,-0.05512662902366742,1.0,1.0,False,1.0,13.665249824523926,2021-05-13,22.843000411987305,,0.0,0,0.0,0.012175470476526673,0.012175470476526673,0.0,0.0,0.012175470476526673,2.1167137742593805,-0.09381428054097775
2021-10-07,21.031681060791016,21.075000762939453,21.32200050354004,20.972000122070312,21.091999053955078,256919000,NVDA,35082000000.0,,0.78,,,,,,,,,,15.0,0.5,10.0,55.0396214582977,6.754807936839568,19.540000915527344,0.008645688246479821,0.009130035981063989,0.01811594136128658,1.6137544575180043,40.0,829.6727624099485,95.0,100.0,100.0,False,67.72880297129964,67.74773281934624,66.01587820264999,69.4795874360425,0.7807764064044153,62.72880297129964,4.999999999999999,72.27033769393267,0.44114190914003737,0.25222955153301774,0.3066285393269449,-0.28350000381469725,-0.1306046034157612,18.443804249614445,False,False,68.84391892330436,68.85206584385912,0.42085889917110386,4.7937792063026565,3.192701630657041,2.3760932748945893,0.2086036834331549,0.3132143606523624,0.0,0.0,-0.008146920554765983,1.0,1.0,False,1.0,13.665249824523926,2021-05-13,22.843000411987305,,0.0,0,0.0,0.01811594136128658,0.01811594136128658,0.0,0.0,0.01811594136128658,2.155060036872491,-0.07739787318482279
2021-10-08,20.788179397583008,20.83099937438965,21.20599937438965,20.774999618530273,21.10099983215332,151258000,NVDA,35082000000.0,,0.78,,,,,,,,,,15.0,0.5,10.0,55.0396214582977,6.676602363586426,18.770000457763672,-0.001823777649815339,-0.0037369177866082293,-0.011577764162119641,1.5694676391254336,40.0,816.4336528242302,95.0,100.0,100.0,False,67.72880297129964,67.74034282998043,66.0084882132842,69.47219744667667,0.7807764064044151,62.72880297129964,4.999999999999999,72.27033769393267,0.44114190914003737,0.25222955153301774,0.3066285393269449,-0.28350000381469725,-0.1306046034157612,18.443804249614445,False,False,67.90836617342774,67.89164091388444,0.42085889917110386,4.7937792063026565,3.192701630657041,2.3760932748945893,0.2086036834331549,0.3132143606523624,0.0,0.0,0.01672525954329899,1.0,1.0,False,1.0,13.665249824523926,2021-05-13,22.843000411987305,,0.0,0,0.0,-0.011577764162119641,-0.011577764162119641,0.0,0.0,-0.011577764162119641,2.1301092600103724,-0.08807954302455896
2021-10-11,20.65245819091797,20.69499969482422,21.062999725341797,20.51099967956543,20.575000762939453,163388000,NVDA,35082000000.0,,0.78,,,,,,,,,,15.0,0.5,10.0,55.0396214582977,6.6330127227000695,20.0,-0.007239718211772717,-0.005527846535709813,-0.006528716031388937,1.5154532703543924,40.0,807.8546636976653,95.0,100.0,100.0,False,67.72880297129964,67.73583780528483,66.00398318858859,69.46769242198107,0.7807764064044153,62.72880297129964,4.999999999999999,72.27033769393267,0.44114190914003737,0.25222955153301774,0.3066285393269449,-0.28350000381469725,-0.1306046034157612,18.443804249614445,False,False,66.82240987731645,66.80144923943405,0.42085889917110386,4.803264930751681,3.192701630657041,2.3760932748945893,0.20819172259222152,0.3132143606523624,0.0,0.0,0.020960637882395758,1.0,1.0,False,1.0,13.665249824523926,2021-05-13,22.843000411987305,,0.0,0,0.0,-0.006528716031388937,-0.006528716031388937,0.0,0.0,-0.006528716031388937,2.1162023815359325,-0.09403321273136608
2021-10-12,20.628509521484375,20.67099952697754,21.05699920654297,20.527999877929688,20.827999114990234,162134000,NVDA,35082000000.0,,0.78,,,,,,,,,,15.0,0.5,10.0,55.0396214582977,6.62532036121075,19.850000381469727,-0.0024615411401438525,-0.005161453179587605,-0.0011597085383230343,1.653488108417127,40.0,799.8671643015114,95.0,100.0,100.0,False,67.72880297129964,67.73309148908552,66.00123687238928,69.46494610578176,0.7807764064044151,62.72880297129964,4.999999999999999,72.27033769393267,0.44114190914003737,0.25222955153301774,0.3066285393269449,-0.28350000381469725,-0.1306046034157612,18.443804249614445,False,False,65.2714989060557,65.2623671667625,0.42085889917110386,4.850900583103012,3.192701630657041,2.3760932748945893,0.20614728808981742,0.3132143606523624,0.0,0.0,0.00913173929318873,1.0,1.0,False,1.0,13.665249824523926,2021-05-13,22.843000411987305,,0.0,0,0.0,-0.0011597085383230343,-0.0011597085383230343,0.0,0.0,-0.0011597085383230343,2.1137482035652457,-0.09508387014999863
2021-10-13,20.89596176147461,20.93899917602539,20.989999771118164,20.71299934387207,20.917999267578125,180652000,NVDA,35082000000.0,,0.78,,,,,,,,,,15.0,0.5,10.0,55.0396214582977,6.711217684623523,18.639999389648438,0.00359761444619755,0.006119450521188119,0.012965006781509913,1.7574263496390452,40.0,794.1974096327054,95.0,100.0,100.0,False,67.72857636473584,67.73132883780342,65.99947422110716,69.46318345449967,0.7807764064044153,62.728576364735844,4.999999999999999,72.27033769393267,0.44114190914003737,0.25222955153301774,0.3066285393269449,-0.28350000381469725,-0.1306046034157612,18.443804249614445,False,False,64.85316185368899,64.85316185368899,0.42085889917110386,4.795568718653736,3.192701630657041,2.3760932748945893,0.20852584097277432,0.3132143606523624,-0.00022660656379969168,-0.00022660656379969168,0.0,1.0,1.0,False,1.0,13.665249824523926,2021-05-13,22.843000411987305,,0.0,0,0.0,0.012965006781509913,0.012965006781509913,0.0,0.0,0.012965006781509913,2.1411529633588735,-0.08335162638979567
2021-10-14,21.701303482055664,21.746000289916992,21.7549991607666,21.121999740600586,21.288000106811523,243589000,NVDA,35082000000.0,,0.78,,,,,,,,,,15.0,0.5,10.0,55.0396214582977,6.969871887793907,16.860000610351562,0.01682064306130071,0.022543989064836678,0.03854057718363135,1.703956634396942,40.0,830.1600625097277,95.0,100.0,100.0,False,67.72857636473584,67.7302543047882,65.99839968809196,69.46210892148444,0.7807764064044151,62.728576364735844,4.999999999999999,72.27033769393267,0.44114190914003737,0.25222955153301774,0.3066285393269449,-0.28350000381469725,-0.1306046034157612,18.443804249614445,False,False,70.85232173849086,70.85232173849086,0.42085889917110386,4.2077816503329535,3.192701630657041,2.3760932748945893,0.23765491726997573,0.3132143606523624,0.0,0.00022660656379969168,0.0,1.0,1.0,False,1.0,13.665249824523926,2021-05-13,22.843000411987305,,0.0,0,0.0,0.03854057718363135,0.03854057718363135,0.0,0.0,0.03854057718363135,2.223674234405167,-0.04802346899642142
2021-10-15,21.817060470581055,21.86199951171875,21.930999755859375,21.66200065612793,21.809999465942383,226994000,NVDA,35082000000.0,,0.78,,,,,,,,,,15.0,0.5,10.0,55.0396214582977,7.007051125550881,16.299999237060547,0.007615808174435079,0.00801710420795132,0.0053342784997361115,1.6960253376048138,40.0,828.503373949313,95.0,100.0,100.0,False,67.72857636473584,67.72959925678609,65.99774464008985,69.46145387348233,0.7807764064044153,62.728576364735844,4.999999999999999,72.27033769393267,0.44114190914003737,0.25222955153301774,0.3066285393269449,-0.28350000381469725,-0.1306046034157612,18.443804249614445,False,False,75.09904926792815,75.09904926792815,0.42085889917110386,3.787933511293966,3.192701630657041,2.3760932748945893,0.2639961860519558,0.3132143606523624,0.0,0.0,0.0,1.0,1.0,False,1.0,13.665249824523926,2021-05-13,22.843000411987305,,0.0,0,0.0,0.0053342784997361115,0.0053342784997361115,0.0,0.0,0.0053342784997361115,2.2355359320641717,-0.04294536105483574
2021-10-18,22.17632293701172,22.222000122070312,22.291000366210938,21.643999099731445,21.749000549316406,189494000,NVDA,35082000000.0,,0.78,,,,,,,,,,15.0,0.5,10.0,55.0396214582977,7.122435936560997,16.309999465942383,0.0029605206420579844,0.008466371845455178,0.016466957203918664,1.732761546637111,40.0,840.4400348496049,95.0,100.0,100.0,False,67.65873365531533,67.70193416195907,65.97007954526283,69.43378877865531,0.7807764064044151,62.65873365531533,4.999999999999999,72.27033769393267,0.44114190914003737,0.25222955153301774,0.3066285393269449,-0.28350000381469725,-0.1306046034157612,18.443804249614445,False,False,74.15879975770892,74.15879975770892,0.42085889917110386,3.787933511293966,3.192701630657041,2.3760932748945893,0.2639961860519558,0.3132143606523624,-0.06984270942051296,-0.06984270942051296,0.0,1.0,1.0,False,1.0,13.665249824523926,2021-05-13,22.843000411987305,,0.0,0,0.0,0.016466957203918664,0.016466957203918664,0.0,0.0,0.016466957203918664,2.272348406585295,-0.02718558327351389
2021-10-19,22.24418067932129,22.290000915527344,22.378999710083008,22.03700065612793,22.275999069213867,161473000,NVDA,35082000000.0,,0.78,,,,,,,,,,15.0,0.5,10.0,55.0396214582977,7.14423106266902,15.699999809265137,0.007714868821297793,0.00992175539645146,0.003060066289419794,1.702857645440611,40.0,832.9366100834402,95.0,100.0,100.0,False,67.34238928727807,67.5615720843618,65.82971746766555,69.29342670105805,0.7807764064044153,62.342389287278074,4.999999999999999,72.27033769393267,0.44114190914003737,0.25222955153301774,0.3066285393269449,-0.28350000381469725,-0.1306046034157612,18.443804249614445,False,False,73.17994257884672,73.17994257884672,0.42085889917110386,3.787933511293966,3.192701630657041,2.3760932748945893,0.2639961860519558,0.3132143606523624,-0.31634436803726373,-0.24650165861675077,0.0,1.0,1.0,False,1.0,13.665249824523926,2021-05-13,22.843000411987305,,0.0,0,0.0,0.003060066289419794,0.003060066289419794,0.0,0.0,0.003060066289419794,2.2793019433421033,-0.024208706671027553
2021-10-20,22.057567596435547,22.10300064086914,22.433000564575195,21.98200035095215,22.30500030517578,146276000,NVDA,35082000000.0,,0.78,,,,,,,,,,15.0,0.5,10.0,55.0396214582977,7.084295077201648,15.489999771118164,0.003927722696912994,-0.0027708747479090468,-0.008389424269962142,1.7246839765827142,40.0,824.401313939711,95.0,100.0,100.0,False,67.07583428922571,67.37194577929122,65.64009116259498,69.10380039598746,0.7807764064044151,62.07583428922571,4.999999999999999,72.27033769393267,0.44114190914003737,0.25222955153301774,0.3066285393269449,-0.28350000381469725,-0.1306046034157612,18.443804249614445,False,False,72.1916449493568,72.1916630778819,0.42085889917110386,3.787933511293966,3.192701630657041,2.3760932748945893,0.2639961860519558,0.3132143606523624,-0.2665549980523565,0.04978936998490724,-1.8128525103975337e-05,1.0,1.0,False,1.0,13.665249824523926,2021-05-13,22.843000411987305,,0.0,0,0.0,-0.008389424269962142,-0.008389424269962142,0.0,0.0,-0.008389424269962142,2.260179912300057,-0.03239503382969938
2021-10-21,22.64535140991211,22.691999435424805,22.711000442504883,22.08300018310547,22.097000122070312,187590000,NVDA,35082000000.0,,0.78,,,,,,,,,,15.0,0.5,10.0,55.0396214582977,7.273076742123335,15.010000228881836,0.0026082373648450563,0.0038522297874292732,0.02664791102917441,1.7412125542364028,40.0,820.7517511227452,95.0,100.0,100.0,False,66.86907079636534,67.17562931827145,65.4437747015752,68.9074839349677,0.7807764064044153,61.869070796365335,4.999999999999999,72.27033769393267,0.44114190914003737,0.25222955153301774,0.3066285393269449,-0.28350000381469725,-0.1306046034157612,18.443804249614445,False,False,71.25700808127749,71.25698995275239,0.42085889917110386,3.787933511293966,3.192701630657041,2.3760932748945893,0.2639961860519558,0.3132143606523624,-0.2067634928603752,0.05979150519198129,1.8128525103975337e-05,1.0,1.0,False,1.0,13.665249824523926,2021-05-13,22.843000411987305,,0.0,0,0.0,0.02664791102917441,0.02664791102917441,0.0,0.0,0.02664791102917441,2.320408985512956,-0.006610382779805987
2021-10-22,22.679290771484375,22.72599983215332,23.1299991607666,22.56100082397461,22.822999954223633,249384000,NVDA,35082000000.0,,0.78,,,,,,,,,,15.0,0.5,10.0,55.0396214582977,7.283974305177346,15.430000305175781,-0.001036180745822679,-0.003460008986712171,0.0014983429214896482,1.7378319997475555,40.0,812.277071819562,95.0,100.0,100.0,False,66.45141564744623,66.89290484458351,65.16105022788727,68.62475946127975,0.7807764064044151,61.45141564744623,4.999999999999999,72.27033769393267,0.44114190914003737,0.25222955153301774,0.3066285393269449,-0.28350000381469725,-0.1306046034157612,18.443804249614445,False,False,70.41867741469466,70.41867741469466,0.42085889917110386,3.787933511293966,3.192701630657041,2.3760932748945893,0.2639961860519558,0.3132143606523624,-0.4176551489191098,-0.2108916560587346,0.0,1.0,1.0,False,1.0,13.665249824523926,2021-05-13,22.843000411987305,,0.0,0,0.0,0.0014983429214896482,0.0014983429214896482,0.0,0.0,0.0014983429214896482,2.3238857538913607,-0.0051219444785627205
2021-10-25,23.118383407592773,23.166000366210938,23.354999542236328,22.770000457763672,22.972999572753906,230235000,NVDA,35082000000.0,,0.78,,,,,,,,,,15.0,0.5,10.0,55.0396214582977,7.4250001173753,15.239999771118164,0.005362801690428132,0.003282551617011631,0.019361107863562266,1.741611391805677,40.0,820.6582474067144,95.0,100.0,100.0,False,65.88405228376578,66.49906070606993,64.76720608937367,68.23091532276618,0.7807764064044153,60.88405228376579,4.999999999999999,72.27033769393267,0.44114190914003737,0.25222955153301774,0.3066285393269449,-0.28350000381469725,-0.1306046034157612,18.443804249614445,False,False,69.73467282330189,69.74026024005553,0.42085889917110386,3.787933511293966,3.192701630657041,2.3760932748945893,0.2639961860519558,0.3132143606523624,-0.5673633636804425,-0.14970821476133267,-0.005587416753641037,1.0,1.0,False,1.0,13.665249824523926,2021-05-13,23.166000366210938,,0.0,0,0.0,0.019361107863562266,0.019361107863562266,0.0,0.0,0.019361107863562266,2.368878756635047,0.0
2021-10-26,24.66619300842285,24.716999053955078,25.259000778198242,23.923999786376953,23.98900032043457,485898000,NVDA,35082000000.0,,0.78,,,,,,,,,,15.0,0.5,10.0,55.0396214582977,7.922115081395858,15.979999542236328,0.0009000190387353779,0.0028315121611393046,0.06695150924742155,1.7785252047351297,40.0,873.2348385625048,95.0,76.89126205924727,76.89126205924727,False,16.66618360488779,47.044893354143,45.31303873744675,48.776747970839246,0.7807764064044151,11.666183604887792,4.999999999999999,65.18453913347051,0.44114190914003737,0.25222955153301774,0.3066285393269449,-0.28350000381469725,-0.1306046034157612,18.443804249614445,False,False,13.587166406488368,13.606886539177708,0.42085889917110386,3.787933511293966,5.167270890975296,2.3760932748945893,0.2639961860519558,0.19352575490991053,-49.21786867887799,-1.518727130426143,-0.019720132689340062,1.0,1.0,False,1.0,13.665249824523926,2021-05-13,24.716999053955078,,0.0,0,0.0,0.06695150924742155,0.06695150924742155,0.0,0.0,0.06695150924742155,2.527478764615919,0.0
2021-10-27,24.400739669799805,24.451000213623047,25.09000015258789,24.281999588012695,24.474000930786133,245990000,NVDA,35082000000.0,,0.78,,,,,,,,,,15.0,0.5,10.0,55.0396214582977,7.836859042827899,16.979999542236328,-0.004430189164679965,-0.000878399958334608,-0.010761777340015266,1.793451931809123,40.0,858.766857736107,95.0,57.136353987091226,57.136353987091226,False,16.608898627864214,35.16304006027916,33.43118544358291,36.894894676975404,0.7807764064044153,11.608898627864214,4.999999999999999,59.12712052676723,0.44114190914003737,0.25222955153301774,0.3066285393269449,-0.28350000381469725,-0.1306046034157612,18.443804249614445,False,False,11.6879215818071,11.683938432208308,0.42085889917110386,3.787933511293966,10.646689988486646,2.3760932748945893,0.2639961860519558,0.0939259057116721,-0.05728497702357771,1.518727130426143,0.003983149598792579,1.0,1.0,False,1.0,13.665249824523926,2021-05-13,24.716999053955078,,0.0,0,0.0,-0.010761777340015266,-0.010761777340015266,0.0,0.0,-0.010761777340015266,2.5002786009195055,-0.010761777340015287
2021-10-28,24.889732360839844,24.94099998474121,24.950000762939453,24.523000717163086,24.878000259399414,234204000,NVDA,35082000000.0,,0.78,,,,,,,,,,15.0,0.5,10.0,55.0396214582977,7.993910251519619,16.530000686645508,0.00964886297584644,0.01004766886167463,0.0200400706243975,1.78848941113519,40.0,856.1035459749116,95.0,42.85592342837703,42.85592342837703,False,16.618266167568066,27.923379101512467,26.19152448481622,29.655233718208713,0.7807764064044151,11.618266167568066,4.999999999999999,54.74833296358883,0.44114190914003737,0.25222955153301774,0.3066285393269449,-0.28350000381469725,-0.1306046034157612,18.443804249614445,False,False,11.729729587458168,11.72494626704281,0.42085889917110386,3.787933511293966,16.024435720985903,2.3760932748945893,0.2639961860519558,0.06240469352005832,0.009367539703852401,0.06665251672743011,0.004783320415358503,1.0,1.0,False,1.0,13.665249824523926,2021-05-13,24.94099998474121,,0.0,0,0.0,0.0200400706243975,0.0200400706243975,0.0,0.0,0.0200400706243975,2.550384360662602,0.0
2021-10-29,25.51444435119629,25.566999435424805,25.708999633789062,25.0,25.000999450683594,292503000,NVDA,35082000000.0,,0.78,,,,,,,,,,15.0,0.5,10.0,55.0396214582977,8.194551101097694,16.260000228881836,0.0020291339259019825,0.0042899928942841115,0.02509921218341593,1.793332750905663,40.0,844.4878393910805,95.0,31.567089419082777,31.567089419082777,False,16.654090392631645,23.523981731085556,21.79212711438931,25.255836347781802,0.7807764064044153,11.654090392631645,4.999999999999999,51.28685428061459,0.44114190914003737,0.25222955153301774,0.3066285393269449,-0.28350000381469725,-0.1306046034157612,18.443804249614445,False,False,12.018578652748472,12.035449985233171,0.42085889917110386,3.787933511293966,21.132734122028506,2.3760932748945893,0.2639961860519558,0.04731995369011964,0.0358242250635783,0.026456685359725896,-0.01687133248469877,1.0,1.0,False,1.0,13.665249824523926,2021-05-13,25.566999435424805,,0.0,0,0.0,0.02509921218341593,0.02509921218341593,0.0,0.0,0.02509921218341593,2.6143969988801383,0.0
2021-11-01,25.77391242980957,25.82699966430664,25.893999099731445,25.226999282836914,25.64900016784668,265740000,NVDA,35082000000.0,,0.78,,,,,,,,,,15.0,0.5,10.0,55.0396214582977,8.27788450779059,16.40999984741211,0.0017202145779464662,-0.0014858261312314935,0.010169368116056177,1.7850987090650319,40.0,840.2464893918473,95.0,21.69093127990294,21.69093127990294,False,16.740012834478925,20.87560030295963,19.143745686263383,22.607454919655876,0.7807764064044151,11.740012834478925,4.999999999999999,48.25854233623596,0.44114190914003737,0.25222955153301774,0.3066285393269449,-0.28350000381469725,-0.1306046034157612,18.443804249614445,False,False,12.607251504756167,12.619228161937073,0.42085889917110386,3.787933511293966,25.96652300566246,2.3760932748945893,0.2639961860519558,0.03851112448832415,0.0859224418472806,0.0500982167837023,-0.011976657180906614,0.25,1.0,True,0.25,13.665249824523926,2021-05-13,25.82699966430664,,0.0,0,0.0,0.010169368116056177,0.010169368116056177,0.75,0.000375,0.009794368116056176,2.640003365488683,0.0
2021-11-02,26.346729278564453,26.400999069213867,26.67799949645996,25.799999237060547,25.82200050354004,294112000,NVDA,35082000000.0,,0.78,,,,,,,,,,15.0,0.5,10.0,55.0396214582977,8.461858676030085,16.030000686645508,0.004043094767878008,0.008804101226634886,0.02222478074758727,1.7897492000797002,40.0,840.9651695677223,95.0,16.52369010595109,16.52369010595109,False,16.988999524116146,19.358317208342623,17.626462591646376,21.09017182503887,0.7807764064044153,11.988999524116146,4.999999999999999,46.67411872271706,0.44114190914003737,0.25222955153301774,0.3066285393269449,-0.28350000381469725,-0.1306046034157612,18.443804249614445,False,False,13.354153339748077,13.475651510182168,0.42085889917110386,3.787933511293966,30.0684718127011,2.3760932748945893,0.2639961860519558,0.033257426790063674,0.2489866896372206,0.16306424778994,-0.12149817043409143,0.25,0.25,False,0.25,13.665249824523926,2021-05-13,26.400999069213867,,0.0,0,0.0,0.02222478074758727,0.005556195186896817,0.0,0.0,0.005556195186896817,2.6546717394814023,0.0
2021-11-03,26.54332733154297,26.597999572753906,26.784000396728516,26.235000610351562,26.670000076293945,239910000,NVDA,35082000000.0,,0.78,,,,,,,,,,15.0,0.5,10.0,55.0396214582977,8.524999863062149,15.100000381469727,0.006105233516956243,0.005838589570663633,0.0074618579025580445,1.7726820818658242,40.0,833.9154524933851,95.0,15.399514052624781,15.399514052624781,False,17.560762714945696,18.65657313950734,16.924718522811094,20.388427756203587,0.7807764064044151,12.560762714945696,4.999999999999999,46.329414261539284,0.44114190914003737,0.25222955153301774,0.3066285393269449,-0.28350000381469725,-0.1306046034157612,18.443804249614445,False,False,14.637704857737841,14.51620668730375,0.42085889917110386,3.787933511293966,33.23623411471494,2.3760932748945893,0.2639961860519558,0.030087644603431836,0.5717631908295502,0.3227765011923296,0.12149817043409143,0.25,0.25,False,0.25,13.665249824523926,2021-05-13,26.597999572753906,,0.0,0,0.0,0.0074618579025580445,0.0018654644756395111,0.0,0.0,0.0018654644756395111,2.659623935305889,0.0
2021-11-04,29.739744186401367,29.801000595092773,31.364999771118164,27.118000030517578,27.229000091552734,1153631000,NVDA,35082000000.0,,0.78,,,,,,,,,,15.0,0.5,10.0,55.0396214582977,9.551602754837427,15.4399995803833,0.004712520303954415,0.0156421697501552,0.12042262853556518,1.9948143075440188,40.0,872.4697442774166,95.0,15.189323962111814,15.189323962111814,False,18.379707203409133,18.548487944186064,16.816633327489818,20.28034256088231,0.7807764064044153,13.379707203409133,4.999999999999999,46.264963981104295,0.44114190914003737,0.25222955153301774,0.3066285393269449,-0.28350000381469725,-0.1306046034157612,18.443804249614445,False,False,15.605993236481584,15.60066103514339,0.42085889917110386,3.787933511293966,35.62032816728686,2.3760932748945893,0.2639961860519558,0.028073857020733013,0.8189444884634369,0.24718129763388674,0.005332201338194409,0.25,0.25,False,0.25,13.665249824523926,2021-05-13,29.801000595092773,,0.0,0,0.0,0.12042262853556518,0.030105657133891295,0.0,0.0,0.030105657133891295,2.739693661607299,0.0
2021-11-05,29.69084358215332,29.75200080871582,31.399999618530273,29.40999984741211,30.187000274658203,851260000,NVDA,35082000000.0,,0.78,,,,,,,,,,15.0,0.5,10.0,55.0396214582977,9.535897695101225,16.479999542236328,0.0034696089278050124,0.005173869594728764,-0.001644232925018696,1.9880271141068615,40.0,862.627041353522,95.0,15.19066438139619,15.19066438139619,False,19.32721252615213,18.852492834529187,17.12063821783294,20.584347451225433,0.7807764064044151,14.327212526152131,4.999999999999999,46.26537499191155,0.44114190914003737,0.25222955153301774,0.3066285393269449,-0.28350000381469725,-0.1306046034157612,18.443804249614445,False,False,16.676199977421426,16.674083442592647,0.42085889917110386,3.787933511293966,37.35108445330117,2.3760932748945893,0.2639961860519558,0.026772984362750354,0.9475053227429981,0.12856083427956122,0.0021165348287780716,0.25,0.25,False,0.25,13.665249824523926,2021-05-13,29.801000595092773,,0.0,0,0.0,-0.001644232925018696,-0.000411058231254674,0.0,0.0,-0.000411058231254674,2.7385674879765793,-0.00041105823125461
2021-11-08,30.740684509277344,30.804000854492188,31.100000381469727,29.906999588012695,30.14900016784668,503101000,NVDA,35082000000.0,,0.78,,,,,,,,,,15.0,0.5,10.0,55.0396214582977,9.873077196952623,17.219999313354492,0.0008537209944432522,0.0053866045404669105,0.03535896804184624,2.0030642637128637,40.0,863.2071716382768,95.0,15.205595076801586,15.205595076801586,False,20.322577237853615,19.4263964432986,17.694541826602354,21.158251059994846,0.7807764064044153,15.322577237853615,4.999999999999999,46.26995316923484,0.44114190914003737,0.25222955153301774,0.3066285393269449,-0.28350000381469725,-0.1306046034157612,18.443804249614445,False,False,17.717242496837724,17.713234639495028,0.42085889917110386,3.787933511293966,38.51576893224392,2.3760932748945893,0.2639961860519558,0.0259633918190541,0.9953647117014839,0.04785938895848574,0.004007857342696184,0.25,0.25,False,0.25,13.665249824523926,2021-05-13,30.804000854492188,,0.0,0,0.0,0.03535896804184624,0.00883974201046156,0.0,0.0,0.00883974201046156,2.76277571804853,0.0
2021-11-09,30.59398651123047,30.656999588012695,32.310001373291016,29.964000701904297,32.28200149536133,646746000,NVDA,35082000000.0,,0.78,,,,,,,,,,15.0,0.5,10.0,55.0396214582977,9.825961406414326,17.780000686645508,-0.003305371414023428,-0.004107646499321382,-0.004772148500250872,2.01885270829605,40.0,854.5628245685276,95.0,15.253577085429924,15.253577085429924,False,21.334934523061392,20.171467195000186,18.43961257830394,21.903321811696433,0.7807764064044151,16.334934523061392,4.999999999999999,46.28466582245452,0.44114190914003737,0.25222955153301774,0.3066285393269449,-0.28350000381469725,-0.1306046034157612,18.443804249614445,False,False,18.723802439788038,18.710757299964843,0.42085889917110386,3.787933511293966,39.16313210954314,2.3760932748945893,0.2639961860519558,0.02553421920399271,1.0123572852077771,0.01699257350629324,0.0130451398231952,0.25,0.25,False,0.25,13.665249824523926,2021-05-13,30.804000854492188,,0.0,0,0.0,-0.004772148500250872,-0.001193037125062718,0.0,0.0,-0.001193037125062718,2.7594796240486765,-0.0011930371250626157
2021-11-10,29.398447036743164,29.458999633789062,30.850000381469727,28.777999877929688,29.356000900268555,636206000,NVDA,35082000000.0,,0.78,,,,,,,,,,15.0,0.5,10.0,55.0396214582977,9.44198706211188,18.729999542236328,-0.008044866546158214,-0.016498264197519874,-0.039077534342012665,2.0304281767477335,40.0,887.2600651039662,95.0,15.401359662849572,15.401359662849572,False,22.360238421886493,21.025937661485024,19.294083044788778,22.75779227818127,0.7807764064044153,17.360238421886493,4.999999999999999,46.32998017830668,0.44114190914003737,0.25222955153301774,0.3066285393269449,-0.28350000381469725,-0.1306046034157612,18.443804249614445,False,False,19.690858762012688,19.6650366419173,0.42085889917110386,3.787933511293966,39.31400160951558,2.3760932748945893,0.2639961860519558,0.025436230326600983,1.0253038988251006,0.012946613617323521,0.02582212009538637,0.25,0.25,False,0.25,13.665249824523926,2021-05-13,30.804000854492188,,0.0,0,0.0,-0.039077534342012665,-0.009769383585503166,0.0,0.0,-0.009769383585503166,2.732521209104965,-0.010950765473259242
2021-11-11,30.327529907226562,30.389999389648438,30.59000015258789,29.777000427246094,30.468000411987305,332172000,NVDA,35082000000.0,,0.78,,,,,,,,,,15.0,0.5,10.0,55.0396214582977,9.740384419759113,17.65999984741211,0.0003235276693500655,0.004680023571226322,0.03160323729362258,2.044197213419337,40.0,850.3087319300206,95.0,15.635983519605759,15.635983519605759,False,23.388975681334877,21.94843982815271,20.216585211456465,23.680294444848958,0.7807764064044151,18.388975681334877,4.999999999999999,46.401922548795085,0.44114190914003737,0.25222955153301774,0.3066285393269449,-0.28350000381469725,-0.1306046034157612,18.443804249614445,False,False,20.592211636806137,20.572437132995425,0.42085889917110386,3.787933511293966,38.972354522439936,2.3760932748945893,0.2639961860519558,0.025659214390657586,1.0287372594483841,0.003433360623283477,0.019774503810710938,0.25,0.25,False,0.25,13.665249824523926,2021-05-13,30.804000854492188,,0.0,0,0.0,0.03160323729362258,0.007900809323405644,0.0,0.0,0.007900809323405644,2.7541103381502654,-0.0031364760598031048
2021-11-12,30.327529907226562,30.389999389648438,30.68000030517578,29.6299991607666,30.010000228881836,413054000,NVDA,35082000000.0,,0.78,,,,,,,,,,15.0,0.5,10.0,55.0396214582977,9.740384419759113,16.290000915527344,0.007546844519723317,0.012159676162901034,0.0,1.9667703285357434,40.0,841.1987558928007,95.0,16.221877494187837,16.221877494187837,False,24.482347025137457,22.93764730586473,21.205792689168483,24.669501922560976,0.7807764064044153,19.482347025137457,4.999999999999999,46.58157436242164,0.44114190914003737,0.25222955153301774,0.3066285393269449,-0.28350000381469725,-0.1306046034157612,18.443804249614445,False,False,21.45266426089378,21.442379394151416,0.42085889917110386,3.787933511293966,38.11338803937097,2.3760932748945893,0.2639961860519558,0.026237499509804908,1.0933713438025805,0.06463408435419637,0.010284866742364897,0.25,0.25,False,0.25,13.665249824523926,2021-05-13,30.804000854492188,,0.0,0,0.0,0.0,0.0,0.0,0.0,0.0,2.7541103381502654,-0.0031364760598031048
2021-11-15,29.96327781677246,30.024999618530273,30.643999099731445,29.246999740600586,30.552000045776367,384909000,NVDA,35082000000.0,,0.78,,,,,,,,,,15.0,0.5,10.0,55.0396214582977,9.623397313631498,16.489999771118164,0.00034242229518555156,-0.0010160670098974256,-0.012010522489266373,1.9280324877600417,40.0,833.1184314366063,92.03309102021251,17.475405897161423,17.475405897161423,False,25.10083868787373,23.782131702669723,22.050277085973477,25.51398631936597,0.7807764064044151,20.10083868787373,4.999999999999999,46.217599824219185,0.44114190914003737,0.25222955153301774,0.3066285393269449,-0.28350000381469725,-0.1306046034157612,18.443804249614445,False,False,20.790279741706172,20.786450990589493,0.42085889917110386,3.787933511293966,36.68578024273404,2.3760932748945893,0.2639961860519558,0.02725851797027158,0.6184916627362718,-0.47487968106630873,0.0038287511166788593,0.25,0.25,False,0.25,13.665249824523926,2021-05-13,30.804000854492188,,0.0,0,0.0,-0.012010522489266373,-0.0030026306223165933,0.0,0.0,-0.0030026306223165933,2.7458407621116967,-0.006129689003056374
2021-11-16,30.140914916992188,30.202999114990234,30.389999389648438,29.70599937438965,29.759000778198242,264484000,NVDA,35082000000.0,,0.78,,,,,,,,,,15.0,0.5,10.0,55.0396214582977,9.680448434291742,16.3700008392334,0.003957824984497371,0.010530061704337568,0.005928376310456507,1.8422956798612184,40.0,822.8783673796474,85.29461576925287,19.456172677678012,19.456172677678012,False,25.094528652926627,24.29447598996857,22.562621373272325,26.026330606664818,0.7807764064044153,20.094528652926627,4.999999999999999,45.125316858310434,0.44114190914003737,0.25222955153301774,0.3066285393269449,-0.28350000381469725,-0.1306046034157612,18.443804249614445,False,False,18.742561207982646,18.741201802102143,0.42085889917110386,3.787933511293966,34.621746161820816,2.3760932748945893,0.2639961860519558,0.02888358072195537,-0.006310034947102139,-0.6248016976833739,0.0013594058805034592,0.25,0.25,False,0.25,13.665249824523926,2021-05-13,30.804000854492188,,0.0,0,0.0,0.005928376310456507,0.0014820940776141267,0.0,0.0,0.0014820940776141267,2.749910356443294,-0.004656679701211314
2021-11-17,29.200857162475586,29.26099967956543,30.509000778198242,28.799999237060547,30.417999267578125,428508000,NVDA,35082000000.0,,0.78,,,,,,,,,,15.0,0.5,10.0,55.0396214582977,9.378525538322252,17.110000610351562,-0.002429219514628267,-0.0030195057742187226,-0.031188936960809155,1.8604546679284213,40.0,842.1039077121089,86.94579691848071,22.17388337955066,22.17388337955066,False,27.10317899164821,25.390960508122934,23.659105891426687,27.12281512481918,0.7807764064044151,22.10317899164821,4.999999999999999,46.37512120190836,0.44114190914003737,0.25222955153301774,0.3066285393269449,-0.28350000381469725,-0.1306046034157612,18.443804249614445,False,False,20.35482787581967,20.353792146730285,0.42085889917110386,3.787933511293966,31.825826597253347,2.3760932748945893,0.2639961860519558,0.03142102207288161,2.0086503387215835,1.518727130426143,0.0010357290893858817,0.25,0.25,False,0.25,13.665249824523926,2021-05-13,30.804000854492188,,0.0,0,0.0,-0.031188936960809155,-0.007797234240202289,0.0,0.0,-0.007797234240202289,2.7284686612545475,-0.012417604719001612
2021-11-18,31.60988998413086,31.674999237060547,32.7599983215332,31.320999145507812,32.367000579833984,781711000,NVDA,35082000000.0,,0.78,,,,,,,,,,15.0,0.5,10.0,55.0396214582977,10.152243345211714,17.59000015258789,0.0033964119454403807,0.009976886636140714,0.08249887508733833,1.9595954343447168,40.0,841.8625589598391,87.67714264183392,24.728770805002384,24.728770805002384,False,28.915206327296875,26.76678450111314,25.034929884416893,28.498639117809386,0.7807764064044153,23.915206327296875,4.999999999999999,47.342989605136374,0.44114190914003737,0.25222955153301774,0.3066285393269449,-0.28350000381469725,-0.1306046034157612,18.443804249614445,False,False,21.498552089409404,21.498277420559543,0.42085889917110386,3.787933511293966,28.155863361896884,2.3760932748945893,0.2639961860519558,0.03551658093899164,1.812027335648665,-0.19662300307291858,0.00027466884986267816,0.25,0.25,False,0.25,13.665249824523926,2021-05-13,31.674999237060547,,0.0,0,0.0,0.08249887508733833,0.020624718771834583,0.0,0.0,0.020624718771834583,2.7847425600706868,0.0
2021-11-19,32.91720199584961,32.98500061035156,33.0880012512207,31.905000686645508,32.24300003051758,533867000,NVDA,35082000000.0,,0.78,,,,,,,,,,15.0,0.5,10.0,55.0396214582977,10.572115580240885,17.90999984741211,-0.0017882535035962377,0.007291057687856206,0.04135758184196825,1.9864133538662778,40.0,844.9958650435456,88.51459869686141,26.93695401955921,26.93695401955921,False,30.685233838192595,28.29650089715447,26.564646280458224,30.028355513850716,0.7807764064044151,25.685233838192595,4.999999999999999,48.2313127639704,0.44114190914003737,0.25222955153301774,0.3066285393269449,-0.28350000381469725,-0.1306046034157612,18.443804249614445,False,False,22.513028780147714,22.507858053399378,0.42085889917110386,3.787933511293966,23.282355303251098,2.3760932748945893,0.2639961860519558,0.04295098098860995,1.7700275108957193,-0.041999824752945614,0.00517072674833571,0.25,0.25,False,0.25,13.665249824523926,2021-05-13,32.98500061035156,,0.0,0,0.0,0.04135758184196825,0.010339395460492062,0.0,0.0,0.010339395460492062,2.8135351146549206,0.0
2021-11-22,31.89031219482422,31.95599937438965,34.64699935913086,31.899999618530273,33.516998291015625,754335000,NVDA,35082000000.0,,0.78,,,,,,,,,,15.0,0.5,10.0,55.0396214582977,10.242307491791554,19.170000076293945,-0.0028151747381706116,-0.011149399855989617,-0.031196035074166018,2.0109336118765047,40.0,822.1955445392281,79.85396625014977,29.982358793620776,29.982358793620776,False,30.02844938115762,28.972633153863246,27.240778537167,30.704487770559492,0.7807764064044153,25.02844938115762,4.999999999999999,46.980653343473826,0.44114190914003737,0.25222955153301774,0.3066285393269449,-0.28350000381469725,-0.1306046034157612,18.443804249614445,False,False,17.9811214156171,18.019111790102404,0.42085889917110386,4.410186708262046,16.255649706120753,2.3760932748945893,0.2267477696866211,0.061517073637694666,-0.6567844570349735,-1.518727130426143,-0.0379903744853047,0.25,0.25,False,0.25,13.665249824523926,2021-05-13,32.98500061035156,,0.0,0,0.0,-0.031196035074166018,-0.007799008768541504,0.0,0.0,-0.007799008768541504,2.7915923296251273,-0.007799008768541556
2021-11-23,31.68074607849121,31.746000289916992,32.36000061035156,30.8799991607666,31.53499984741211,532163000,NVDA,35082000000.0,,0.78,,,,,,,,,,15.0,0.5,10.0,55.0396214582977,10.175000092922113,19.3799991607666,0.0013259941986774049,-0.0023022396912644183,-0.006571507340839222,2.0543434802384817,40.0,816.028606623831,69.88548411892245,33.29072487189893,33.29072487189893,False,29.19807822638374,29.060644250645314,27.328789633949068,30.79249886734156,0.7807764064044151,24.19807822638374,4.999999999999999,45.4807470241907,0.44114190914003737,0.25222955153301774,0.3066285393269449,-0.28350000381469725,-0.1306046034157612,18.443804249614445,False,False,15.257764177983907,15.307748313798577,0.42085889917110386,6.664818298504891,11.11958172777792,2.3760932748945893,0.15004159981740664,0.08993144027188466,-0.8303711547738821,-0.17358669773890867,-0.049984135814669914,0.25,0.25,False,0.25,13.665249824523926,2021-05-13,32.98500061035156,,0.0,0,0.0,-0.006571507340839222,-0.0016428768352098055,0.0,0.0,-0.0016428768352098055,2.787006087253437,-0.009429072792907918
2021-11-24,32.60683822631836,32.67399978637695,32.85499954223633,30.92799949645996,31.461000442504883,435162000,NVDA,35082000000.0,,0.78,,,,,,,,,,15.0,0.5,10.0,55.0396214582977,10.472435828966972,18.579999923706055,0.00266985624101701,0.007277741117720504,0.029232013103543952,2.0580094846985295,40.0,796.0588254883121,52.641348807251326,36.09504783568943,36.09504783568943,False,26.70944542798251,28.142763966894837,26.41090935019859,29.874618583591083,0.7807764064044153,21.70944542798251,4.999999999999999,41.99115196214131,0.44114190914003737,0.25222955153301774,0.3066285393269449,-0.28350000381469725,-0.1306046034157612,18.443804249614445,False,False,14.565329622302524,14.443831451868434,0.42085889917110386,10.837789633453895,8.425224618835758,2.3760932748945893,0.09226973707934115,0.11869119759304236,-2.4886327984012304,-1.518727130426143,0.12149817043409143,0.25,0.25,False,0.25,13.665249824523926,2021-05-13,32.98500061035156,,0.0,0,0.0,0.029232013103543952,0.007308003275885988,0.0,0.0,0.007308003275885988,2.8073735368689987,-0.0021899772118812075
2021-11-26,31.438243865966797,31.503000259399414,32.709999084472656,31.350000381469727,32.599998474121094,283069000,NVDA,35082000000.0,,0.78,,,,,,,,,,15.0,0.5,10.0,55.0396214582977,10.097115467756222,28.6200008392334,-0.022303172218498646,-0.024964754833555647,-0.035838879066950824,2.0115749666280416,40.0,802.644914664616,43.38698529654504,39.44993016384696,39.44993016384696,False,26.47634833057637,27.492214960844407,25.76036034414816,29.224069577540654,0.7807764064044151,21.47634833057637,4.999999999999999,40.68563067200907,0.44114190914003737,0.25222955153301774,0.3066285393269449,-0.28350000381469725,-0.1306046034157612,18.443804249614445,False,False,15.223342216466262,15.239072056712097,0.42085889917110386,14.792845420163728,8.012462259579475,2.3760932748945893,0.06760024671365301,0.12480558005804371,-0.23309709740613727,1.518727130426143,-0.015729840245833487,0.25,0.25,False,0.25,13.665249824523926,2021-05-13,32.98500061035156,,0.0,0,0.0,-0.035838879066950824,-0.008959719766737706,0.0,0.0,-0.008959719766737706,2.782220256698097,-0.011130075396504936
2021-11-29,33.30739974975586,33.375999450683594,33.4119987487793,32.0359992980957,32.36600112915039,454964000,NVDA,35082000000.0,,0.78,,,,,,,,,,15.0,0.5,10.0,55.0396214582977,10.697435721372946,22.959999084472656,0.012266607551340236,0.02500146851706253,0.05945462895158182,2.0262723212486673,40.0,802.342068486521,36.54924428341259,41.79477853675571,41.79477853675571,False,26.526101837868616,27.115055794675815,25.38320117797957,28.84691041137206,0.7807764064044153,21.526101837868616,4.999999999999999,39.67994775429592,0.44114190914003737,0.25222955153301774,0.3066285393269449,-0.28350000381469725,-0.1306046034157612,18.443804249614445,False,False,16.36803963680136,16.371399622781595,0.42085889917110386,18.377543278431922,8.920499982199617,2.3760932748945893,0.054414237248653935,0.11210133983470061,0.04975350729224459,0.28285060469838186,-0.003359985980235649,0.25,0.25,False,0.25,13.665249824523926,2021-05-13,33.375999450683594,,0.0,0,0.0,0.05945462895158182,0.014863657237895456,0.0,0.0,0.014863657237895456,2.8235742249539872,0.0
2021-11-30,32.60883712768555,32.67599868774414,33.35300064086914,31.86400032043457,33.16899871826172,622066000,NVDA,35082000000.0,,0.78,,,,,,,,,,15.0,0.5,10.0,55.0396214582977,10.473076502482096,27.190000534057617,-0.019457616070086114,-0.008346057211939262,-0.020973177566525725,2.034892108411713,40.0,801.6953248962834,31.187840280524053,44.854398530758054,44.854398530758054,False,27.0502374091381,27.08975146161128,25.357896844915032,28.821606078307525,0.7807764064044151,22.0502374091381,4.999999999999999,39.26581003671647,0.44114190914003737,0.25222955153301774,0.3066285393269449,-0.28350000381469725,-0.1306046034157612,18.443804249614445,False,False,17.524953326202823,17.646451496636914,0.42085889917110386,21.564364610704196,10.200607930307987,2.3760932748945893,0.046372801520134586,0.09803337279818448,0.5241355712694826,0.47438206397723803,-0.12149817043409143,0.25,0.25,False,0.25,13.665249824523926,2021-05-13,33.375999450683594,,0.0,0,0.0,-0.020973177566525725,-0.005243294391631431,0.0,0.0,-0.005243294391631431,2.808769394055931,-0.005243294391631463
2021-12-01,31.37422752380371,31.434999465942383,33.28900146484375,31.3799991607666,33.21900177001953,484368000,NVDA,35082000000.0,,0.78,,,,,,,,,,15.0,0.5,10.0,55.0396214582977,10.0753203416482,31.1200008392334,-0.011107203410551714,-0.01369130833262644,-0.037978922500912615,2.0632347502658064,40.0,803.349457759811,27.716286383197644,48.45621483142576,48.45621483142576,False,28.08306986595998,27.477531248692653,25.745676631996407,29.2093858653889,0.7807764064044153,23.08306986595998,4.999999999999999,39.494601225268845,0.44114190914003737,0.25222955153301774,0.3066285393269449,-0.28350000381469725,-0.1306046034157612,18.443804249614445,False,False,18.954860709926162,18.968747645745275,0.42085889917110386,24.255222620005956,11.425192150598477,2.3760932748945893,0.04122823425150465,0.08752588024942913,1.0328324568218825,0.5086968855523999,-0.013886935819112694,0.25,0.25,False,0.25,13.665249824523926,2021-05-13,33.375999450683594,,0.0,0,0.0,-0.037978922500912615,-0.009494730625228154,0.0,0.0,-0.009494730625228154,2.7821008852709843,-0.014688241349022364
2021-12-02,32.063880920410156,32.125999450683594,32.47800064086914,31.024999618530273,31.214000701904297,472890000,NVDA,35082000000.0,,0.78,,,,,,,,,,15.0,0.5,10.0,55.0396214582977,10.29679469573192,27.950000762939453,0.015316301657013032,0.009194151467020628,0.021981867233363817,2.054612132081374,40.0,783.9965016372139,20.130324159863644,51.588756830085146,51.588756830085146,False,28.071119204775925,27.709260984310472,25.977406367614226,29.441115601006718,0.7807764064044151,23.071119204775925,4.999999999999999,38.54172415316013,0.44114190914003737,0.25222955153301774,0.3066285393269449,-0.28350000381469725,-0.1306046034157612,18.443804249614445,False,False,19.890130116518733,20.011628286952824,0.42085889917110386,26.97026949921377,12.565254362490904,2.3760932748945893,0.0370778645734019,0.0795845409214432,-0.011950661184055633,-1.0447831180059381,-0.12149817043409143,0.25,0.25,False,0.25,13.665249824523926,2021-05-13,33.375999450683594,,0.0,0,0.0,0.021981867233363817,0.005495466808340954,0.0,0.0,0.005495466808340954,2.7973898283434466,-0.009273493283487992
2021-12-03,30.633663177490234,30.69300079345703,32.12900161743164,30.1299991607666,32.0,544325000,NVDA,35082000000.0,,0.78,,,,,,,,,,15.0,0.5,10.0,55.0396214582977,9.83750025431315,30.670000076293945,-0.008701312903057756,-0.016732151469237677,-0.04460557435501267,2.086575953144088,40.0,809.6420789732307,22.11605898086913,55.2846009750574,55.2846009750574,False,30.357814491127264,28.743225028921586,27.01137041222534,30.475079645617832,0.7807764064044153,25.357814491127264,4.999999999999999,40.17583644827873,0.44114190914003737,0.25222955153301774,0.3066285393269449,-0.28350000381469725,-0.1306046034157612,18.443804249614445,False,False,21.52622748138027,21.40472931094618,0.42085889917110386,28.75465022952195,13.69287730114475,2.3760932748945893,0.0347769836189249,0.07303066974217305,2.286695286351339,1.518727130426143,0.12149817043409143,0.25,0.25,False,0.25,13.665249824523926,2021-05-13,33.375999450683594,,0.0,0,0.0,-0.04460557435501267,-0.011151393588753167,0.0,0.0,-0.011151393588753167,2.7661950333464143,-0.020321474498694304
2021-12-06,29.978927612304688,30.03700065612793,30.240999221801758,28.038000106811523,29.8799991607666,658938000,NVDA,35082000000.0,,0.78,,,,,,,,,,15.0,0.5,10.0,55.0396214582977,9.627243800041002,27.18000030517578,0.01184331295081531,0.00950761229943553,-0.021372955409069805,2.0792148439031335,40.0,810.6406057242971,23.099460188255602,59.28068668174263,59.28068668174263,False,32.604208926133,30.250507595146605,28.51865297845036,31.98236221184285,0.7807764064044151,27.604208926132998,4.999999999999999,41.649193217061026,0.44114190914003737,0.25222955153301774,0.3066285393269449,-0.28350000381469725,-0.1306046034157612,18.443804249614445,False,False,22.706045608148592,22.68341755977272,0.42085889917110386,29.896594531127647,14.817644660061585,2.3760932748945893,0.03344862569410115,0.06748710897996685,2.246394435005733,-0.04030085134560579,0.022628048375870548,0.25,0.25,False,0.25,13.665249824523926,2021-05-13,33.375999450683594,,0.0,0,0.0,-0.021372955409069805,-0.005343238852267451,0.0,0.0,-0.005343238852267451,2.7514145925712885,-0.025556130858884946
2021-12-07,32.36430358886719,32.426998138427734,32.44900131225586,30.650999069213867,30.957000732421875,593053000,NVDA,35082000000.0,,0.78,,,,,,,,,,15.0,0.5,10.0,55.0396214582977,10.393268634111452,21.889999389648438,0.020684823247291373,0.03491306197219535,0.07956844658563522,2.091657694043685,40.0,807.0518193522751,21.230811795136493,62.02076215246934,62.02076215246934,False,33.70041959152689,31.597312540619242,29.865457923922996,33.32916715731549,0.7807764064044153,28.700419591526888,4.999999999999999,42.01805021012622,0.44114190914003737,0.25222955153301774,0.3066285393269449,-0.28350000381469725,-0.1306046034157612,18.443804249614445,False,False,23.68867225654088,23.6507216914227,0.42085889917110386,30.683870424412394,15.786109515630457,2.3760932748945893,0.03259041268810697,0.06334683026301446,1.0962106653938903,-1.1501837696118429,0.03795056511817904,0.25,0.25,False,0.25,13.665249824523926,2021-05-13,33.375999450683594,,0.0,0,0.0,0.07956844658563522,0.019892111646408805,0.0,0.0,0.019892111646408805,2.8061460388322748,-0.0061723846207713895
2021-12-08,31.764467239379883,31.826000213623047,32.290000915527344,31.42099952697754,31.999000549316406,475551000,NVDA,35082000000.0,,0.78,,,,,,,,,,15.0,0.5,10.0,55.0396214582977,10.200641094109951,19.899999618530273,0.0026479675356780863,0.004579140195737352,-0.01853387483599578,2.082552371878702,40.0,791.4587811404863,15.528494585878635,65.2949659256833,65.2949659256833,False,33.87467625419064,32.48636846879829,30.754513852102043,34.218223085494536,0.7807764064044151,28.87467625419064,4.999999999999999,41.58372161817547,0.44114190914003737,0.25222955153301774,0.3066285393269449,-0.28350000381469725,-0.1306046034157612,18.443804249614445,False,False,24.4871312998868,24.446435549042608,0.42085889917110386,31.37966214784728,16.63963435536776,2.3760932748945893,0.03186777458879054,0.06009747441820506,0.17425666266375117,-0.9219540027301392,0.04069575084419199,0.25,0.25,False,0.25,13.665249824523926,2021-05-13,33.375999450683594,,0.0,0,0.0,-0.01853387483599578,-0.004633468708998945,0.0,0.0,-0.004633468708998945,2.793143848968464,-0.010777253778770065
2021-12-09,30.431049346923828,30.489999771118164,32.20500183105469,30.42799949645996,31.733999252319336,488507000,NVDA,35082000000.0,,0.78,,,,,,,,,,15.0,0.5,10.0,55.0396214582977,9.772435824076334,21.579999923706055,-0.006751539837133391,-0.010789886005019844,-0.04197827039330604,2.128028990639627,40.0,776.3260071077755,10.598042303344219,69.31112919124672,69.31112919124672,False,34.52100733381541,33.2806674794777,31.548812862781453,35.012522096173946,0.7807764064044153,29.521007333815415,4.999999999999999,41.57158612591511,0.44114190914003737,0.25222955153301774,0.3066285393269449,-0.28350000381469725,-0.1306046034157612,18.443804249614445,False,False,25.2151080913753,25.298690740815776,0.42085889917110386,31.875534429931847,17.428722053881106,2.3760932748945893,0.03137202302280389,0.05737655330714942,0.6463310796247725,0.47207441696102137,-0.08358264944047505,0.25,0.25,False,0.25,13.665249824523926,2021-05-13,33.375999450683594,,0.0,0,0.0,-0.04197827039330604,-0.01049456759832651,0.0,0.0,-0.01049456759832651,2.7638310120336147,-0.02115871875879095
2021-12-10,30.139617919921875,30.197999954223633,31.30500030517578,29.861000061035156,31.149999618530273,488825000,NVDA,35082000000.0,,0.78,,,,,,,,,,15.0,0.5,10.0,55.0396214582977,9.67884613917424,18.690000534057617,0.009413496458462456,0.020065342932912955,-0.009576904528911467,2.0154323951709867,40.0,774.5025520662673,7.188594830264724,73.55133293282842,73.55133293282842,False,35.69789416236852,34.22432426094388,32.492469644247635,35.95617887764013,0.7807764064044151,30.697894162368524,4.999999999999999,42.011790198534726,0.44114190914003737,0.25222955153301774,0.3066285393269449,-0.28350000381469725,-0.1306046034157612,18.443804249614445,False,False,26.308263684723073,26.186765514288982,0.42085889917110386,32.010076823870435,18.144906885544202,2.3760932748945893,0.031240162449541007,0.05511188380893187,1.1768868285531084,0.5305557489283359,0.12149817043409143,0.25,0.25,False,0.25,13.665249824523926,2021-05-13,33.375999450683594,,0.0,0,0.0,-0.009576904528911467,-0.002394226132227867,0.0,0.0,-0.002394226132227867,2.757213775599542,-0.023502286133642046
2021-12-13,28.10655403137207,28.160999298095703,30.29400062561035,28.115999221801758,30.249000549316406,598344000,NVDA,35082000000.0,,0.78,,,,,,,,,,15.0,0.5,10.0,55.0396214582977,9.025961313492212,20.309999465942383,-0.008858357047762389,-0.014867372088981257,-0.06745482016079762,2.1156869822443483,40.0,827.1447371883429,20.773698180852033,78.49951092672586,78.49951092672586,False,43.12044244178607,37.697263853037356,35.96540923634111,39.4291184697336,0.7807764064044153,38.12044244178607,4.999999999999999,46.955607314781574,0.44114190914003737,0.25222955153301774,0.3066285393269449,-0.28350000381469725,-0.1306046034157612,18.443804249614445,False,False,27.915594126960002,27.91881819506765,0.42085889917110386,30.776405881710996,18.84343653238333,2.3760932748945893,0.03249242305431948,0.05306887617242498,7.422548279417548,1.518727130426143,-0.0032240681076484636,0.25,0.25,False,0.25,28.160999298095703,2021-12-13,28.160999298095703,Trailing_Stop,0.22541459561214547,214,0.15,-0.06745482016079762,-0.016863705040199406,0.0,0.0,-0.016863705040199406,2.7107169357550567,-0.039969655552713396
2021-12-14,28.28221321105957,28.336999893188477,28.67799949645996,27.25,27.698999404907227,667035000,NVDA,35082000000.0,,0.78,,,,,,,,,,15.0,0.5,10.0,55.0396214582977,9.082371760637331,21.889999389648438,-0.006880043556733884,-0.016426757900550704,0.0062497993494383675,2.0459806301181405,40.0,815.8553953711257,19.431264317636824,83.28778434924189,83.28778434924189,False,45.46908739012012,40.731292079283726,38.99943746258748,42.46314669597997,0.7807764064044151,40.46908739012012,4.999999999999999,48.08522710894418,0.44114190914003737,0.25222955153301774,0.3066285393269449,-0.28350000381469725,-0.1306046034157612,18.443804249614445,False,False,28.683576138447865,28.77559084001681,0.42085889917110386,29.323003475861242,19.522364456226953,2.3760932748945893,0.03410291857801,0.05122330352156882,2.348644948334055,-1.518727130426143,-0.09201470156894744,0.25,0.25,False,0.25,28.160999298095703,2021-12-13,28.336999893188477,,0.0,0,0.0,0.0062497993494383675,0.0015624498373595919,0.0,0.0,0.0015624498373595919,2.7149522949904554,-0.038469656297171334
2021-12-15,30.400110244750977,30.458999633789062,30.5,27.83799934387207,28.399999618530273,698297000,NVDA,35082000000.0,,0.78,,,,,,,,,,15.0,0.5,10.0,55.0396214582977,9.762499882624699,19.290000915527344,0.015625045279773042,0.026497524780336956,0.07488441784942323,2.095386361769338,40.0,828.3021915756436,28.17440775847716,86.42474982472193,86.42474982472193,False,51.32621335481473,44.86742435910712,43.13556974241087,46.599278975803365,0.7807764064044153,46.32621335481473,4.999999999999999,51.25238939968169,0.44114190914003737,0.25222955153301774,0.3066285393269449,-0.28350000381469725,-0.1306046034157612,18.443804249614445,False,False,30.039449061880877,30.113205382099288,0.42085889917110386,27.669298966578157,20.056565304254086,2.3760932748945893,0.03614113972341343,0.04985898556558413,5.85712596469461,1.518727130426143,-0.07375632021841114,0.25,0.25,False,0.25,28.160999298095703,2021-12-13,30.458999633789062,,0.0,0,0.0,0.07488441784942323,0.01872110446235581,0.0,0.0,0.01872110446235581,2.7657792005152846,-0.02046874628898572
2021-12-16,28.332120895385742,28.386999130249023,31.15999984741211,28.093000411987305,31.152000427246094,707366000,NVDA,35082000000.0,,0.78,,,,,,,,,,15.0,0.5,10.0,55.0396214582977,9.098397157131098,20.56999969482422,-0.00881851645274212,-0.028343152037329955,-0.06802588819238531,2.123547300597858,40.0,801.9068775903501,19.317455267846498,91.77780735082288,91.77780735082288,False,50.95847878686824,47.24530015276763,45.51344553607139,48.97715476946388,0.7807764064044151,45.95847878686824,4.999999999999999,50.65980445518211,0.44114190914003737,0.25222955153301774,0.3066285393269449,-0.28350000381469725,-0.1306046034157612,18.443804249614445,False,False,30.3793253798521,30.34155942649522,0.42085889917110386,25.640786877591744,20.707277844654914,2.3760932748945893,0.039000363162564645,0.048292199848862606,-0.36773456794649206,-1.518727130426143,0.03776595335688171,0.25,0.25,False,0.25,28.160999298095703,2021-12-13,30.458999633789062,,0.0,0,0.0,-0.06802588819238531,-0.017006472048096327,0.0,0.0,-0.017006472048096327,2.718743053850515,-0.03712711717545888
2021-12-17,27.747249603271484,27.801000595092773,28.922000885009766,27.760000228881836,27.985000610351562,713758000,NVDA,35082000000.0,,0.78,,,,,,,,,,15.0,0.5,10.0,55.0396214582977,8.910577113811787,21.56999969482422,-0.014106585738330457,-0.006685933736171656,-0.020643201222767305,2.136281416792529,40.0,791.7091752053562,12.991257454512173,97.2277962319699,97.2277962319699,False,51.771517957284765,49.01228218877492,47.28042757207867,50.744136805471165,0.7807764064044153,46.771517957284765,4.999999999999999,50.73527254778985,0.44114190914003737,0.25222955153301774,0.3066285393269449,-0.28350000381469725,-0.1306046034157612,18.443804249614445,False,False,30.556106377085108,30.51366191717084,0.42085889917110386,23.066128488568772,21.444191083636625,2.3760932748945893,0.04335361265743339,0.04663267530585791,0.8130391704165234,1.1807737383630155,0.042444459914266874,0.25,0.25,False,0.25,28.160999298095703,2021-12-13,30.458999633789062,,0.0,0,0.0,-0.020643201222767305,-0.005160800305691826,0.0,0.0,-0.005160800305691826,2.704712163867106,-0.04209631184348211
2021-12-20,27.665407180786133,27.7189998626709,28.143999099731445,27.145000457763672,27.30500030517578,461847000,NVDA,35082000000.0,,0.78,,,,,,,,,,15.0,0.5,10.0,55.0396214582977,8.884294827779133,22.8700008392334,-0.010633405490204417,-0.013759813506118435,-0.0029495604714439017,2.100178208349227,40.0,784.9837142522045,8.689696748561461,100.0,100.0,False,52.05413813127495,50.199786864567464,48.46793224787122,51.93164148126371,0.7807764064044151,47.05413813127495,4.999999999999999,50.50032861214356,0.44114190914003737,0.25222955153301774,0.3066285393269449,-0.28350000381469725,-0.1306046034157612,18.443804249614445,False,False,30.338947235730856,30.217449065296766,0.42085889917110386,19.49641448247815,21.961813819190365,2.3760932748945893,0.051291482385067345,0.045533579704887306,0.2826201739901819,-0.5304189964263415,0.12149817043409143,0.25,0.25,False,0.25,28.160999298095703,2021-12-13,30.458999633789062,,0.0,0,0.0,-0.0029495604714439017,-0.0007373901178609754,0.0,0.0,-0.0007373901178609754,2.7027177358458117,-0.0428026605569914
2021-12-21,29.018789291381836,29.075000762939453,29.1200008392334,27.400999069213867,28.374000549316406,524385000,NVDA,35082000000.0,,0.78,,,,,,,,,,15.0,0.5,10.0,55.0396214582977,9.318910500942133,21.010000228881836,0.017758992432985066,0.025306438347933113,0.04891954641172602,2.084722780556057,40.0,790.4597784483544,5.837433498955826,100.0,100.0,False,51.44283245980489,50.68505720099062,48.953202584294374,52.41691181768687,0.7807764064044153,46.44283245980489,4.999999999999999,49.78090353184143,0.44114190914003737,0.25222955153301774,0.3066285393269449,-0.28350000381469725,-0.1306046034157612,18.443804249614445,False,False,29.335722266272466,29.457220436706557,0.42085889917110386,15.940952300322468,22.106827551563864,2.3760932748945893,0.06273150945817528,0.04523489395606466,-0.6113056714700562,-0.8939258454602381,-0.12149817043409143,0.25,0.25,False,0.25,28.160999298095703,2021-12-13,30.458999633789062,,0.0,0,0.0,0.04891954641172602,0.012229886602931506,0.0,0.0,0.012229886602931506,2.7357716672749377,-0.031096245638975673
2021-12-22,29.343156814575195,29.399999618530273,29.55500030517578,28.448999404907227,28.891000747680664,395184000,NVDA,35082000000.0,,0.78,,,,,,,,,,15.0,0.5,10.0,55.0396214582977,9.423076800810986,18.6299991607666,0.009998714868965974,0.013077293193560546,0.011177948308262131,2.113537698455162,40.0,787.6365879791244,5.0,100.0,100.0,False,51.801135715731846,51.120761086993035,49.38890647029679,52.85261570368928,0.7807764064044151,46.801135715731846,4.999999999999999,49.56967805596108,0.44114190914003737,0.25222955153301774,0.3066285393269449,-0.28350000381469725,-0.1306046034157612,18.443804249614445,False,False,28.5518617588301,28.43036358839601,0.42085889917110386,12.523819124328757,21.963916721968445,2.3760932748945893,0.0798478475353737,0.045529220159526186,0.35830325592695544,0.9696089273970117,0.12149817043409143,0.25,0.25,False,0.25,28.160999298095703,2021-12-13,30.458999633789062,,0.0,0,0.0,0.011177948308262131,0.002794487077065533,0.0,0.0,0.002794487077065533,2.7434167458449394,-0.02838865661849355
2021-12-23,29.582698822021484,29.639999389648438,30.05900001525879,29.430999755859375,29.7549991607666,343022000,NVDA,35082000000.0,,0.78,,,,,,,,,,15.0,0.5,10.0,55.0396214582977,9.499999804374498,17.959999084472656,0.006222077972414919,0.005582083601095578,0.008163257626945475,2.108986254587329,40.0,784.2316182756741,5.0,100.0,100.0,False,52.61598472690832,51.70447875716503,49.97262414046878,53.436333373861274,0.7807764064044153,47.61598472690832,4.999999999999999,49.56967805596108,0.44114190914003737,0.25222955153301774,0.3066285393269449,-0.28350000381469725,-0.1306046034157612,18.443804249614445,False,False,27.78233252036808,27.90383069080217,0.42085889917110386,10.703234036248675,21.53710310957086,2.3760932748945893,0.09342970513522333,0.046431499859217865,0.8148490111764772,0.4565457552495218,-0.12149817043409143,0.25,0.25,False,0.25,28.160999298095703,2021-12-13,30.458999633789062,,0.0,0,0.0,0.008163257626945475,0.0020408144067363687,0.0,0.0,0.0020408144067363687,2.7490155502635414,-0.02640577819117217
2021-12-27,30.88517189025879,30.94499969482422,31.086999893188477,29.639999389648438,29.65999984741211,403686000,NVDA,35082000000.0,,0.78,,,,,,,,,,15.0,0.5,10.0,55.0396214582977,9.91826913295648,17.68000030517578,0.014152153794584565,0.021452477175343487,0.044028351283689426,2.126560842706224,40.0,799.4049800817049,5.0,100.0,100.0,False,53.495250944074805,52.40357509355722,50.671720476860976,54.13542971025347,0.7807764064044151,48.495250944074805,4.999999999999999,49.56967805596108,0.44114190914003737,0.25222955153301774,0.3066285393269449,-0.28350000381469725,-0.1306046034157612,18.443804249614445,False,False,27.640920390051587,27.546458490982545,0.42085889917110386,9.512802412031956,20.907301327252295,2.3760932748945893,0.10512149382343765,0.04783018067934563,0.8792662171664816,0.06441720599000433,0.09446189906904123,0.25,0.25,False,0.25,28.160999298095703,2021-12-13,30.94499969482422,,0.0,0,0.0,0.044028351283689426,0.011007087820922357,0.0,0.0,0.011007087820922357,2.7792742058463733,-0.01568934108977987
2021-12-28,30.26338005065918,30.32200050354004,31.329999923706055,30.011999130249023,31.312000274658203,420591000,NVDA,35082000000.0,,0.78,,,,,,,,,,15.0,0.5,10.0,55.0396214582977,9.718589904980782,17.540000915527344,-0.0008171953242616103,-0.005208028308704149,-0.02013246719754791,2.1740573115847597,40.0,786.565639999433,5.0,100.0,100.0,False,54.457621237627784,53.20545047703535,51.4735958603391,54.937305093731595,0.7807764064044153,49.457621237627784,4.999999999999999,49.56967805596108,0.44114190914003737,0.25222955153301774,0.3066285393269449,-0.28350000381469725,-0.1306046034157612,18.443804249614445,False,False,27.338377267505738,27.380810787219847,0.42085889917110386,8.73280759831818,20.01030311309272,2.3760932748945893,0.11451071018587268,0.049974255479703404,0.9623702935529792,0.08310407638649764,-0.04243351971410732,0.25,0.25,False,0.25,28.160999298095703,2021-12-13,30.94499969482422,,0.0,0,0.0,-0.02013246719754791,-0.005033116799386977,0.0,0.0,-0.005033116799386977,2.765285794150825,-0.02064349160295654
2021-12-29,29.9429988861084,30.000999450683594,30.54800033569336,29.365999221801758,30.273000717163086,343139000,NVDA,35082000000.0,,0.78,,,,,,,,,,15.0,0.5,10.0,55.0396214582977,9.615704952142178,16.950000762939453,0.0012792079086265673,0.0008536343192429019,-0.010586407477269466,2.177713330148291,40.0,778.0821788514085,5.0,100.0,100.0,False,55.53020254839227,54.113006261062985,52.38115164436674,55.84486087775923,0.7807764064044151,50.53020254839227,4.999999999999999,49.56967805596108,0.44114190914003737,0.25222955153301774,0.3066285393269449,-0.28350000381469725,-0.1306046034157612,18.443804249614445,False,False,27.367321714240557,27.438835781877376,0.42085889917110386,8.237693965343391,18.922719561095366,2.3760932748945893,0.1213931962278614,0.05284652646102597,1.072581310764484,0.11021101721150472,-0.07151406763681906,0.25,0.25,False,0.25,28.160999298095703,2021-12-13,30.94499969482422,,0.0,0,0.0,-0.010586407477269466,-0.0026466018693173665,0.0,0.0,-0.0026466018693173665,2.7579671835988284,-0.023235458368808404
2021-12-30,29.5288028717041,29.586000442504883,30.457000732421875,29.540000915527344,29.82699966430664,308864000,NVDA,35082000000.0,,0.78,,,,,,,,,,15.0,0.5,10.0,55.0396214582977,9.482692449520796,17.329999923706055,-0.0027645289726202504,-0.006595426597140963,-0.013832839431262789,2.173162499608806,40.0,776.998444210799,5.0,100.0,100.0,False,56.754379119258644,55.14416706516107,53.412312448464824,56.87602168185732,0.7807764064044153,51.754379119258644,4.999999999999999,49.56967805596108,0.44114190914003737,0.25222955153301774,0.3066285393269449,-0.28350000381469725,-0.1306046034157612,18.443804249614445,False,False,27.660193677013396,27.582624962821637,0.42085889917110386,7.861183925573722,17.714164365380086,2.3760932748945893,0.12720730229283095,0.056451999618698546,1.2241765708663763,0.1515952601018924,0.07756871419176094,0.25,0.25,False,0.25,28.160999298095703,2021-12-13,30.94499969482422,,0.0,0,0.0,-0.013832839431262789,-0.0034582098578156972,0.0,0.0,-0.0034582098578156972,2.7484295542969748,-0.026613315135442215
2021-12-31,29.354135513305664,29.410999298095703,30.030000686645508,29.33099937438965,29.673999786376953,266530000,NVDA,35082000000.0,,0.78,,,,,,,,,,15.0,0.5,10.0,55.0396214582977,9.426602339133238,17.219999313354492,-0.0025201869073463445,-0.0048649616390622485,-0.005914998370572744,2.1718098732731677,40.0,770.9222434945535,5.0,100.0,100.0,False,58.19767184561731,56.33621930987273,54.604364693176485,58.06807392656898,0.7807764064044151,53.19767184561731,4.999999999999999,49.56967805596108,0.44114190914003737,0.25222955153301774,0.3066285393269449,-0.28350000381469725,-0.1306046034157612,18.443804249614445,False,False,28.399142348271877,28.362618687851914,0.42085889917110386,7.892718963481321,16.35397179100781,2.3760932748945893,0.12669905068543325,0.061147225443414756,1.4432927263586635,0.21911615549228713,0.036523660419961745,1.0,0.25,True,1.0,28.160999298095703,2021-12-13,30.94499969482422,,0.0,0,0.0,-0.005914998370572744,-0.001478749592643186,0.75,0.000375,-0.0018537495926431858,2.743334654130288,-0.02841773030599425
2022-01-03,30.062767028808594,30.121000289916992,30.711000442504883,29.78499984741211,29.815000534057617,391547000,NVDA,35082000000.0,,0.78,,,,,,,,,,15.0,0.5,10.0,55.0396214582977,9.65416675958878,16.600000381469727,0.005789961364061735,0.00948990165992325,0.024140661955245335,2.175623301193815,40.0,764.8534282836549,5.0,100.0,100.0,False,59.98066226577313,57.75896684709963,56.02711223040338,59.490821463795875,0.7807764064044153,54.98066226577313,4.999999999999999,49.56967805596108,0.44114190914003737,0.25222955153301774,0.3066285393269449,-0.28350000381469725,-0.1306046034157612,18.443804249614445,False,False,28.848788446174414,28.843635069695214,0.42085889917110386,7.721121933641623,14.912758816975611,2.3760932748945893,0.12951485659654072,0.0670566735687881,1.7829904201558193,0.33969769379715586,0.005153376479200346,1.0,1.0,False,1.0,28.160999298095703,2021-12-13,30.94499969482422,,0.0,0,0.0,0.024140661955245335,0.024140661955245335,0.0,0.0,0.024140661955245335,2.8095605686457574,-0.0049630911716011935
2022-01-04,29.233373641967773,29.290000915527344,30.468000411987305,28.349000930786133,30.277000427246094,527154000,NVDA,35082000000.0,,0.78,,,,,,,,,,15.0,0.5,10.0,55.0396214582977,9.387820806258764,16.90999984741211,-0.00033493890638969237,-0.010597086172948522,-0.027588704438471945,2.1805079723233955,40.0,760.1474746725054,5.0,100.0,100.0,False,62.34886768902065,59.55080998965347,57.81895537295723,61.28266460634972,0.7807764064044151,57.34886768902065,4.999999999999999,49.56967805596108,0.44114190914003737,0.25222955153301774,0.3066285393269449,-0.28350000381469725,-0.1306046034157612,18.443804249614445,False,False,28.938426097182855,28.931777771071935,0.42085889917110386,7.359917465849344,13.444875173440993,2.3760932748945893,0.1358710888593638,0.07437778239662649,2.368205423247524,0.5852150030917045,0.006648326110919811,1.0,1.0,False,1.0,28.160999298095703,2021-12-13,30.94499969482422,,0.0,0,0.0,-0.027588704438471945,-0.027588704438471945,0.0,0.0,-0.027588704438471945,2.7320484325154046,-0.03241487035463858
2022-01-05,27.550630569458008,27.604000091552734,29.416000366210938,27.533000946044922,28.948999404907227,498064000,NVDA,35082000000.0,,0.78,,,,,,,,,,15.0,0.5,10.0,55.0396214582977,8.847435926779722,19.729999542236328,-0.019202142486770768,-0.030749719136714204,-0.05756233428728985,2.1582246898859934,40.0,784.4856080871809,5.0,100.0,100.0,False,65.91957893944793,62.03710225657374,60.30524763987749,63.768956873269985,0.7807764064044153,60.91957893944793,4.999999999999999,49.56967805596108,0.44114190914003737,0.25222955153301774,0.3066285393269449,-0.28350000381469725,-0.1306046034157612,18.443804249614445,False,False,29.14226927000474,29.13345238862782,0.42085889917110386,7.0294672124184805,11.813197329668139,2.3760932748945893,0.14225829209834967,0.08465108743155926,3.57071125042728,1.2025058271797562,0.008816881376920379,1.0,1.0,False,1.0,28.160999298095703,2021-12-13,30.94499969482422,,0.0,0,0.0,-0.05756233428728985,-0.05756233428728985,0.0,0.0,-0.05756233428728985,2.574785347353887,-0.0881113290386955
2022-01-06,28.123523712158203,28.17799949645996,28.437999725341797,27.065000534057617,27.639999389648438,454186000,NVDA,35082000000.0,,0.78,,,,,,,,,,15.0,0.5,10.0,55.0396214582977,9.031410095019218,19.610000610351562,-0.0009394133755055156,-0.005049940984605206,0.020794066186185844,2.14408914557041,40.0,764.7625607994665,5.0,100.0,100.0,False,69.15650225930513,64.81643203151783,63.08457741482159,66.54828664821407,0.7807764064044151,64.15650225930513,4.999999999999999,49.56967805596108,0.44114190914003737,0.25222955153301774,0.3066285393269449,-0.28350000381469725,-0.1306046034157612,18.443804249614445,False,False,31.57305070277162,31.56092308196347,0.42085889917110386,6.981934352285876,10.061510704060563,2.3760932748945893,0.14322678351631898,0.09938865339540176,3.2369233198571976,-0.3337879305700824,0.012127620808151392,1.0,1.0,False,1.0,28.160999298095703,2021-12-13,30.94499969482422,,0.0,0,0.0,0.020794066186185844,0.020794066186185844,0.0,0.0,0.020794066186185844,2.628325604281985,-0.06914945566029307
2022-01-07,27.194320678710938,27.246999740600586,28.422000885009766,27.05699920654297,28.141000747680664,409939000,NVDA,35082000000.0,,0.78,,,,,,,,,,15.0,0.5,10.0,55.0396214582977,8.733012737371983,18.760000228881836,-0.003953511334494841,-0.009195727794211628,-0.03303995217887412,2.160216732409126,40.0,772.6119389207178,5.0,100.0,100.0,False,71.33203738477556,67.3600474981508,65.62819288145457,69.09190211484704,0.7807764064044153,66.33203738477556,4.999999999999999,49.56967805596108,0.44114190914003737,0.25222955153301774,0.3066285393269449,-0.28350000381469725,-0.1306046034157612,18.443804249614445,False,False,35.82415765487223,35.806628362432846,0.42085889917110386,7.043322949658242,8.27987230673562,2.3760932748945893,0.14197843931727172,0.1207748094359507,2.1755351254704323,-1.0613881943867653,0.017529292439382973,1.0,1.0,False,1.0,28.160999298095703,2021-12-13,30.94499969482422,,0.0,0,0.0,-0.03303995217887412,-0.03303995217887412,0.0,0.0,-0.03303995217887412,2.541485852005998,-0.09990471313095592
2022-01-10,27.347023010253906,27.399999618530273,27.4689998626709,25.643999099731445,26.58099937438965,594681000,NVDA,35082000000.0,,0.78,,,,,,,,,,15.0,0.5,10.0,55.0396214582977,8.782051159785343,19.399999618530273,-0.001244366059822366,0.00018088374260694096,0.0056152926702495165,2.1841414533920704,40.0,765.1273690873257,5.0,100.0,100.0,False,72.46152382169058,69.3516036737761,67.61974905707986,71.08345829047234,0.7807764064044151,67.46152382169058,4.999999999999999,49.56967805596108,0.44114190914003737,0.25222955153301774,0.3066285393269449,-0.28350000381469725,-0.1306046034157612,18.443804249614445,False,False,42.55429974231705,42.527123926813275,0.42085889917110386,7.091748264239903,6.505321641463586,2.3760932748945893,0.1410089533271357,0.15372030087278163,1.1294864369150162,-1.046048688555416,0.02717581550377247,1.0,1.0,False,1.0,28.160999298095703,2021-12-13,30.94499969482422,,0.0,0,0.0,0.0056152926702495165,0.0056152926702495165,0.0,0.0,0.0056152926702495165,2.55575703888231,-0.09485041466407404
2022-01-11,27.763219833374023,27.816999435424805,28.065000534057617,26.839000701904297,27.322999954223633,404089000,NVDA,35082000000.0,,0.78,,,,,,,,,,15.0,0.5,10.0,55.0396214582977,8.91570494725154,18.40999984741211,0.009108268663244656,0.011990781838217002,0.015218971631390854,2.180015085288066,40.0,757.8604782310031,5.0,100.0,100.0,False,72.78853467385477,70.69334099142678,68.96148637473053,72.42519560812303,0.7807764064044153,67.78853467385477,4.999999999999999,49.56967805596108,0.44114190914003737,0.25222955153301774,0.3066285393269449,-0.28350000381469725,-0.1306046034157612,18.443804249614445,False,False,50.73121371177728,50.68439651152994,0.42085889917110386,6.572846854587236,4.8864233365576,2.3760932748945893,0.1521410770893122,0.20464866245184613,0.327010852164193,-0.8024755847508231,0.04681720024733636,1.0,1.0,False,1.0,28.160999298095703,2021-12-13,30.94499969482422,,0.0,0,0.0,0.015218971631390854,0.015218971631390854,0.0,0.0,0.015218971631390854,2.5946530327537873,-0.08107496880268143
2022-01-12,27.944869995117188,27.999000549316406,28.594999313354492,27.607999801635742,28.066999435424805,383413000,NVDA,35082000000.0,,0.78,,,,,,,,,,15.0,0.5,10.0,55.0396214582977,8.974038637601412,17.6200008392334,0.002703542338843734,0.004703831850412898,0.006542801796940889,2.180825521198235,40.0,752.5111350746957,5.0,100.0,100.0,False,72.58425968377308,71.43153334213332,69.69967872543708,73.16338795882956,0.7807764064044151,67.58425968377308,4.999999999999999,49.56967805596108,0.44114190914003737,0.25222955153301774,0.3066285393269449,-0.28350000381469725,-0.1306046034157612,18.443804249614445,False,False,63.834016209803075,63.737815743628694,0.42085889917110386,6.048778885350082,3.474672315705845,2.3760932748945893,0.16532262444275536,0.28779692274287455,-0.20427499008168581,-0.5312858422458788,0.0962004661743805,1.0,1.0,False,1.0,28.160999298095703,2021-12-13,30.94499969482422,,0.0,0,0.0,0.006542801796940889,0.006542801796940889,0.0,0.0,0.006542801796940889,2.611629333278927,-0.07506262445730967
2022-01-13,26.52362060546875,26.575000762939453,28.479999542236328,26.49799919128418,28.378999710083008,540171000,NVDA,35082000000.0,,0.78,,,,,,,,,,15.0,0.5,10.0,55.0396214582977,8.51762844966008,20.309999465942383,-0.013778587715492119,-0.025897891630408898,-0.05085895062106849,2.1887006401068865,40.0,752.6682810905295,5.0,100.0,100.0,False,72.1918544003342,71.72835371390116,69.99649909720492,73.4602083305974,0.7807764064044153,67.1918544003342,4.999999999999999,49.56967805596108,0.44114190914003737,0.25222955153301774,0.3066285393269449,-0.28350000381469725,-0.1306046034157612,18.443804249614445,False,False,49.72077870099894,49.747481735444545,0.42085889917110386,3.787933511293966,3.192701630657041,2.3760932748945893,0.2639961860519558,0.3132143606523624,-0.39240528343889025,-0.18813029335720444,-0.02670303444560659,1.0,1.0,False,1.0,28.160999298095703,2021-12-13,30.94499969482422,,0.0,0,0.0,-0.05085895062106849,-0.05085895062106849,0.0,0.0,-0.05085895062106849,2.47880460597716,-0.12210396876761609
2022-01-14,26.88990592956543,26.941999435424805,27.19700050354004,26.209999084472656,26.299999237060547,395832000,NVDA,35082000000.0,,0.78,,,,,,,,,,15.0,0.5,10.0,55.0396214582977,8.635256229302822,19.190000534057617,0.0004090208208415991,0.008456527535073866,0.013809921428004523,2.1824560141214495,40.0,742.5014676310693,5.0,100.0,100.0,False,71.77197468227578,71.74538282536687,70.01352820867064,73.47723744206311,0.7807764064044151,66.77197468227578,4.999999999999999,49.56967805596108,0.44114190914003737,0.25222955153301774,0.3066285393269449,-0.28350000381469725,-0.1306046034157612,18.443804249614445,False,False,50.42007139641437,50.50498245196531,0.42085889917110386,3.787933511293966,3.192701630657041,2.3760932748945893,0.2639961860519558,0.3132143606523624,-0.41987971805841084,-0.027474434619520594,-0.08491105555094124,1.0,1.0,False,1.0,28.160999298095703,2021-12-13,30.94499969482422,,0.0,0,0.0,0.013809921428004523,0.013809921428004523,0.0,0.0,0.013809921428004523,2.51303670282108,-0.10998029355433987
2022-01-18,25.852922439575195,25.902999877929688,26.63800048828125,25.770000457763672,26.260000228881836,424270000,NVDA,35082000000.0,,0.78,,,,,,,,,,15.0,0.5,10.0,55.0396214582977,8.30224355061849,22.790000915527344,-0.017709612163689825,-0.024010592781329554,-0.03856430774506603,2.152926203108896,40.0,757.7843614046328,5.0,100.0,100.0,False,71.35244772798032,71.59198559872306,69.86013098202682,73.3238402154193,0.7807764064044153,66.35244772798032,4.999999999999999,49.56967805596108,0.44114190914003737,0.25222955153301774,0.3066285393269449,-0.28350000381469725,-0.1306046034157612,18.443804249614445,False,False,51.23656634846337,51.320250243547804,0.42085889917110386,3.787933511293966,3.192701630657041,2.3760932748945893,0.2639961860519558,0.3132143606523624,-0.4195269542954634,0.00035276376294746115,-0.08368389508443329,1.0,1.0,False,1.0,25.902999877929688,2022-01-18,25.902999877929688,Trailing_Stop,-0.08018179313397822,36,0.0,-0.03856430774506603,-0.03856430774506603,0.0,0.0,-0.03856430774506603,2.416123182038842,-0.1443032874128836
2022-01-19,25.018535614013672,25.066999435424805,26.542999267578125,25.052000045776367,26.07900047302246,488315000,NVDA,35082000000.0,,0.78,,,,,,,,,,15.0,0.5,10.0,55.0396214582977,8.034294690841284,23.850000381469727,-0.010383557878106742,-0.013969554480706026,-0.03227427118266657,2.16022960198725,40.0,758.9464115265524,5.0,100.0,100.0,False,70.93896341742303,71.33705344271415,69.60519882601791,73.06890805941039,0.7807764064044151,65.93896341742303,4.999999999999999,49.56967805596108,0.44114190914003737,0.25222955153301774,0.3066285393269449,-0.28350000381469725,-0.1306046034157612,18.443804249614445,False,False,52.13967935051923,52.203877397299294,0.42085889917110386,3.787933511293966,3.192701630657041,2.3760932748945893,0.2639961860519558,0.3132143606523624,-0.41348431055729407,0.006042643738169318,-0.06419804678006585,1.0,1.0,False,1.0,25.902999877929688,2022-01-18,25.902999877929688,,0.0,0,0.0,-0.03227427118266657,-0.03227427118266657,0.0,0.0,-0.03227427118266657,2.338144567250993,-0.1719202751650365
2022-01-20,24.10331153869629,24.149999618530273,25.57900047302246,24.077999114990234,25.304000854492188,435181000,NVDA,35082000000.0,,0.78,,,,,,,,,,15.0,0.5,10.0,55.0396214582977,7.740384493118677,25.59000015258789,-0.011068068622025473,-0.012913725573096557,-0.036581953865552075,2.1687281668865475,40.0,774.3107814260313,5.0,100.0,100.0,False,70.53155248037775,71.02259536935,69.29074075265376,72.75444998604624,0.7807764064044153,65.53155248037775,4.999999999999999,49.56967805596108,0.44114190914003737,0.25222955153301774,0.3066285393269449,-0.28350000381469725,-0.1306046034157612,18.443804249614445,False,False,53.12768027478062,53.17018314216029,0.42085889917110386,3.787933511293966,3.192701630657041,2.3760932748945893,0.2639961860519558,0.3132143606523624,-0.4074109370452703,0.00607337351202375,-0.04250286737967031,1.0,1.0,False,1.0,25.902999877929688,2022-01-18,25.902999877929688,,0.0,0,0.0,-0.036581953865552075,-0.036581953865552075,0.0,0.0,-0.036581953865552075,2.252610670560826,-0.20221304945594815
2022-01-21,23.328811645507812,23.374000549316406,24.822999954223633,23.26300048828125,23.506999969482422,718958000,NVDA,35082000000.0,,0.78,,,,,,,,,,15.0,0.5,10.0,55.0396214582977,7.491666842729617,28.850000381469727,-0.01963064132886827,-0.019878094432577265,-0.03213246714167417,2.138025086222693,40.0,780.4286820690936,5.0,100.0,100.0,False,70.13078450100893,70.67444292686213,68.94258831016589,72.40629754355837,0.7807764064044151,65.13078450100893,4.999999999999999,49.56967805596108,0.44114190914003737,0.25222955153301774,0.3066285393269449,-0.28350000381469725,-0.1306046034157612,18.443804249614445,False,False,54.224190446508715,54.239240869977294,0.42085889917110386,3.787933511293966,3.192701630657041,2.3760932748945893,0.2639961860519558,0.3132143606523624,-0.4007679793688226,0.006642957676447736,-0.015050423468576355,1.0,1.0,False,1.0,25.902999877929688,2022-01-18,25.902999877929688,,0.0,0,0.0,-0.03213246714167417,-0.03213246714167417,0.0,0.0,-0.03213246714167417,2.1802287322060456,-0.2278479124303614
2022-01-24,23.326812744140625,23.371999740600586,23.3799991607666,20.88800048828125,22.329999923706055,913982000,NVDA,35082000000.0,,0.78,,,,,,,,,,15.0,0.5,10.0,55.0396214582977,7.491025557884803,29.899999618530273,0.004246735706896265,0.005183716984812792,-8.559975480448845e-05,2.13228930215431,40.0,772.5977957074032,5.0,100.0,100.0,False,69.73906339075432,70.30928179044889,68.57742717375265,72.04113640714513,0.7807764064044153,64.73906339075432,4.999999999999999,49.56967805596108,0.44114190914003737,0.25222955153301774,0.3066285393269449,-0.28350000381469725,-0.1306046034157612,18.443804249614445,False,False,55.43756762213419,55.43976557690375,0.42085889917110386,3.787933511293966,3.192701630657041,2.3760932748945893,0.2639961860519558,0.3132143606523624,-0.39172111025460765,0.009046869114214928,-0.0021979547695616477,1.0,1.0,False,1.0,25.902999877929688,2022-01-18,25.902999877929688,,0.0,0,0.0,-8.559975480448845e-05,-8.559975480448845e-05,0.0,0.0,-8.559975480448845e-05,2.180042105161151,-0.2279140084597291
2022-01-25,22.280839920043945,22.323999404907227,22.94300079345703,22.0,22.54599952697754,664616000,NVDA,35082000000.0,,0.78,,,,,,,,,,15.0,0.5,10.0,55.0396214582977,7.155128014393342,31.15999984741211,-0.012208974085799573,-0.023141955029213346,-0.04483999432332819,2.1272889894563307,40.0,774.472837758509,5.0,100.0,100.0,False,69.35846738309081,69.9380950623816,68.20624044568537,71.66994967907785,0.7807764064044151,64.35846738309081,4.999999999999999,49.56967805596108,0.44114190914003737,0.25222955153301774,0.3066285393269449,-0.28350000381469725,-0.1306046034157612,18.443804249614445,False,False,56.81368003437644,56.813651813275406,0.42085889917110386,3.787933511293966,3.192701630657041,2.3760932748945893,0.2639961860519558,0.3132143606523624,-0.3805960076635131,0.01112510259109456,2.8221101035796892e-05,1.0,1.0,False,1.0,25.902999877929688,2022-01-18,25.902999877929688,,0.0,0,0.0,-0.04483999432332819,-0.04483999432332819,0.0,0.0,-0.04483999432332819,2.0822890295411085,-0.2625343399375161
2022-01-26,22.72797393798828,22.77199935913086,24.05699920654297,22.299999237060547,23.239999771118164,755959000,NVDA,35082000000.0,,0.78,,,,,,,,,,15.0,0.5,10.0,55.0396214582977,7.2987177433111725,31.959999084472656,-0.0025087953939929575,0.0058730330545018194,0.02006808664065618,2.124740594654025,40.0,769.1070731293871,5.0,100.0,100.0,False,68.99865431290024,69.57134847617664,67.8394938594804,71.30320309287288,0.7807764064044153,63.99865431290025,4.999999999999999,49.56967805596108,0.44114190914003737,0.25222955153301774,0.3066285393269449,-0.28350000381469725,-0.1306046034157612,18.443804249614445,False,False,58.42710238151036,58.426618970011305,0.42085889917110386,3.787933511293966,3.192701630657041,2.3760932748945893,0.2639961860519558,0.3132143606523624,-0.35981307019056885,0.02078293747294424,0.00048341149905354545,1.0,1.0,False,1.0,25.902999877929688,2022-01-18,25.902999877929688,,0.0,0,0.0,0.02006808664065618,0.02006808664065618,0.0,0.0,0.02006808664065618,2.124076586196827,-0.24773481517687357
2022-01-27,21.901575088500977,21.944000244140625,23.9950008392334,21.674999237060547,23.56800079345703,573353000,NVDA,35082000000.0,,0.78,,,,,,,,,,15.0,0.5,10.0,55.0396214582977,7.033333411583533,30.489999771118164,-0.004937963506221665,-0.006888328041857683,-0.036360404808207236,2.135661742506378,40.0,761.0147336722517,5.0,100.0,100.0,False,68.6101082484628,69.19609163083375,67.46423701413751,70.92794624752999,0.7807764064044151,63.6101082484628,4.999999999999999,49.56967805596108,0.44114190914003737,0.25222955153301774,0.3066285393269449,-0.28350000381469725,-0.1306046034157612,18.443804249614445,False,False,60.12284226662322,60.12235639674226,0.42085889917110386,3.787933511293966,3.192701630657041,2.3760932748945893,0.2639961860519558,0.3132143606523624,-0.388546064437449,-0.02873299424688014,0.0004858698809619,1.0,1.0,False,1.0,21.944000244140625,2022-01-27,21.944000244140625,Trailing_Stop,-0.15283942602965753,9,0.0,-0.036360404808207236,-0.036360404808207236,0.0,0.0,-0.036360404808207236,2.0468443016790756,-0.2750874818201633
2022-01-28,22.795841217041016,22.84000015258789,22.857999801635742,21.29599952697754,22.011999130249023,543774000,NVDA,35082000000.0,,0.78,,,,,,,,,,15.0,0.5,10.0,55.0396214582977,7.320512869419195,27.65999984741211,0.024835410015744186,0.04373097439329743,0.040831202081603735,1.975179011672139,40.0,772.9270624400128,5.0,95.36349558660203,95.36349558660203,False,60.614548032784384,65.84595824488986,64.11410362819362,67.5778128615861,0.7807764064044153,55.614548032784384,4.999999999999999,48.147993480097924,0.44114190914003737,0.25222955153301774,0.3066285393269449,-0.28350000381469725,-0.1306046034157612,18.443804249614445,False,False,51.972873934201935,51.97234249758782,0.42085889917110386,3.787933511293966,3.192701630657041,2.3760932748945893,0.2639961860519558,0.3132143606523624,-7.99556021567841,-1.518727130426143,0.0005314366141158189,1.0,1.0,False,1.0,21.944000244140625,2022-01-27,22.84000015258789,,0.0,0,0.0,0.040831202081603735,0.040831202081603735,0.0,0.0,0.040831202081603735,2.130419414990513,-0.24548843229887818
2022-01-31,24.438663482666016,24.486000061035156,24.509000778198242,23.052000045776367,23.18199920654297,564680000,NVDA,35082000000.0,,0.78,,,,,,,,,,15.0,0.5,10.0,55.0396214582977,7.848076942639473,24.829999923706055,0.018011067394991365,0.025126590004450167,0.07206654542253865,2.015003900127401,40.0,820.7526743326589,27.392579423857995,82.36301485407024,82.36301485407024,False,69.1444179364984,67.13363799723183,65.40178338053559,68.86549261392807,0.7807764064044151,64.1444179364984,4.999999999999999,49.80974532828079,0.44114190914003737,0.25222955153301774,0.3066285393269449,-0.28350000381469725,-0.1306046034157612,18.443804249614445,False,False,65.25878657078648,65.25806282125734,0.42085889917110386,5.007132978331773,4.024628138139518,2.3760932748945893,0.1997150873219209,0.24847016064005212,8.529869903714015,1.518727130426143,0.0007237495291371942,1.0,1.0,False,1.0,21.944000244140625,2022-01-27,24.486000061035156,,0.0,0,0.0,0.07206654542253865,0.07206654542253865,0.0,0.0,0.07206654542253865,2.283951382529985,-0.19111339013331438
2022-02-01,24.59036636352539,24.63800048828125,25.145000457763672,23.889999389648438,25.104000091552734,518925000,NVDA,35082000000.0,,0.78,,,,,,,,,,15.0,0.5,10.0,55.0396214582977,7.896795028295272,21.959999084472656,0.006756925874457753,0.0025930614668145946,0.0062076462822513445,1.920519808395062,40.0,818.4446152500575,44.75831846322057,56.885883691227015,56.885883691227015,False,50.19581172011195,60.52131043075586,58.789455814059615,62.25316504745211,0.7807764064044153,45.19581172011195,4.999999999999999,46.37788238351503,0.44114190914003737,0.25222955153301774,0.3066285393269449,-0.28350000381469725,-0.1306046034157612,18.443804249614445,False,False,46.7741251898789,46.773235181671616,0.42085889917110386,9.971049659331662,10.202194019042539,2.3760932748945893,0.10029034396234547,0.09801813199528317,-18.94860621638645,-1.518727130426143,0.0008900082072875648,1.0,1.0,False,1.0,21.944000244140625,2022-01-27,24.63800048828125,,0.0,0,0.0,0.0062076462822513445,0.0062076462822513445,0.0,0.0,0.0062076462822513445,2.29812934483859,-0.18609210817681263
2022-02-02,25.19319725036621,25.242000579833984,25.816999435424805,24.55299949645996,25.79400062561035,543419000,NVDA,35082000000.0,,0.78,,,,,,,,,,15.0,0.5,10.0,55.0396214582977,8.090384801228842,22.09000015258789,0.00971408274181318,0.00812862447921714,0.02451498009507791,1.9299971914076204,40.0,828.3344232437248,61.227788722135905,39.17839135509599,39.17839135509599,False,43.559427143473116,53.89959129130799,52.167736674611746,55.63144590800424,0.7807764064044151,38.559427143473116,4.999999999999999,45.10234697073668,0.44114190914003737,0.25222955153301774,0.3066285393269449,-0.28350000381469725,-0.1306046034157612,18.443804249614445,False,False,49.73242237225172,49.730759737253884,0.42085889917110386,15.463097076404408,16.374269336939406,2.3760932748945893,0.06467009778564536,0.06107142733655038,-6.636384576638832,1.518727130426143,0.0016626349978355393,1.0,1.0,False,1.0,21.944000244140625,2022-01-27,25.242000579833984,,0.0,0,0.0,0.02451498009507791,0.02451498009507791,0.0,0.0,0.02451498009507791,2.3544679399832225,-0.16613917240954035
2022-02-03,23.90169906616211,23.947999954223633,25.07699966430664,23.780000686645508,24.45800018310547,410178000,NVDA,35082000000.0,,0.78,,,,,,,,,,15.0,0.5,10.0,55.0396214582977,7.675641010969112,24.350000381469727,-0.02350497399483331,-0.029014719963343816,-0.05126379034489592,1.9081914820954498,40.0,828.5727176290139,72.59072857942888,22.140240530503547,22.140240530503547,False,33.18327644071411,45.81218635981344,44.08033174311719,47.544040976509685,0.7807764064044153,28.18327644071411,4.999999999999999,42.74403289486139,0.44114190914003737,0.25222955153301774,0.3066285393269449,-0.28350000381469725,-0.1306046034157612,18.443804249614445,False,False,49.812817909493454,49.815116549033206,0.42085889917110386,20.62572632912555,22.79264696642762,2.3760932748945893,0.048483141104606914,0.04387379848742219,-10.376150702759006,-1.518727130426143,-0.0022986395397504114,1.0,1.0,False,1.0,21.944000244140625,2022-01-27,25.242000579833984,,0.0,0,0.0,-0.05126379034489592,-0.05126379034489592,0.0,0.0,-0.05126379034489592,2.2337689891341435,-0.20888603905195913
2022-02-04,24.271982192993164,24.319000244140625,24.635000228881836,23.631999969482422,23.972000122070312,354829000,NVDA,35082000000.0,,0.78,,,,,,,,,,15.0,0.5,10.0,55.0396214582977,7.794551360301482,23.219999313354492,0.004702207959730531,0.004026166095981942,0.015491911250465895,1.9122052893262798,40.0,818.8211294799812,77.30267526495548,16.988348228674937,16.988348228674937,False,32.13627128819027,40.47327044785648,38.74141583116023,42.205125064552725,0.7807764064044151,27.136271288190276,4.999999999999999,42.352807882919805,0.44114190914003737,0.25222955153301774,0.3066285393269449,-0.28350000381469725,-0.1306046034157612,18.443804249614445,False,False,50.907717552559504,51.0292157229936,0.42085889917110386,24.820063541483165,27.83690064393389,2.3760932748945893,0.04028998549212591,0.03592353950575012,-1.0470051525238375,1.518727130426143,-0.12149817043409143,1.0,1.0,False,1.0,21.944000244140625,2022-01-27,25.242000579833984,,0.0,0,0.0,0.015491911250465895,0.015491911250465895,0.0,0.0,0.015491911250465895,2.2683743400678527,-0.1966301717799475
2022-02-07,24.680192947387695,24.72800064086914,25.18199920654297,24.20199966430664,24.371999740600586,376868000,NVDA,35082000000.0,,0.78,,,,,,,,,,15.0,0.5,10.0,55.0396214582977,7.925641231047801,22.860000610351562,-0.0032092765817484104,-0.006641684065446074,0.016818141889984206,1.8940851596147867,40.0,808.3047126557252,74.45045834372019,16.040424644632722,16.040424644632722,False,28.773653297499166,35.90587793037476,34.17402331367851,37.637732547071,0.7807764064044153,23.773653297499166,4.999999999999999,41.342734064033316,0.44114190914003737,0.25222955153301774,0.3066285393269449,-0.28350000381469725,-0.1306046034157612,18.443804249614445,False,False,49.98113922401626,49.859641053582166,0.42085889917110386,27.618797831861798,31.630598732873555,2.3760932748945893,0.03620722401053868,0.03161495640487842,-3.3626179906911062,-1.518727130426143,0.12149817043409143,1.0,1.0,False,1.0,21.944000244140625,2022-01-27,25.242000579833984,,0.0,0,0.0,0.016818141889984206,0.016818141889984206,0.0,0.0,0.016818141889984206,2.306524181578713,-0.18311898401881044
2022-02-08,25.059459686279297,25.107999801635742,25.229999542236328,23.979999542236328,24.358999252319336,410359000,NVDA,35082000000.0,,0.78,,,,,,,,,,15.0,0.5,10.0,55.0396214582977,8.047435833857609,21.440000534057617,0.00822785984758534,0.012362853518794958,0.01536716074564315,1.880963937681634,40.0,805.6514031764664,70.91071749946593,15.630359281458212,15.630359281458212,False,25.92538295463589,32.0096104297274,30.277755813031156,33.74146504642365,0.7807764064044151,20.92538295463589,4.999999999999999,40.32416907500519,0.44114190914003737,0.25222955153301774,0.3066285393269449,-0.28350000381469725,-0.1306046034157612,18.443804249614445,False,False,48.457872744227515,48.57937091466161,0.42085889917110386,29.433359693327386,34.5202247073375,2.3760932748945893,0.03397505451022985,0.02896852521899846,-2.8482703428632767,0.5143476478278295,-0.12149817043409143,1.0,1.0,False,1.0,21.944000244140625,2022-01-27,25.242000579833984,,0.0,0,0.0,0.01536716074564315,0.01536716074564315,0.0,0.0,0.01536716074564315,2.341968909440746,-0.17056584213616327
2022-02-09,26.653369903564453,26.704999923706055,26.725000381469727,25.35300064086914,25.621999740600586,524282000,NVDA,35082000000.0,,0.78,,,,,,,,,,15.0,0.5,10.0,55.0396214582977,8.559294847341684,19.959999084472656,0.014636106949445393,0.022180670147001535,0.06360523079047775,1.930047420449916,40.0,837.5214486283572,80.47428628397459,15.624807285354947,15.624807285354947,False,33.18247057766962,32.46748119549004,30.73562657879379,34.199335812186284,0.7807764064044153,28.182470577669623,4.999999999999999,42.73468134012148,0.44114190914003737,0.25222955153301774,0.3066285393269449,-0.28350000381469725,-0.1306046034157612,18.443804249614445,False,False,51.84929926726199,51.727801096827896,0.42085889917110386,31.54008402546347,36.67923371650655,2.3760932748945893,0.031705685983355755,0.02726338308289073,7.25708762303373,1.518727130426143,0.12149817043409143,1.0,1.0,False,1.0,21.944000244140625,2022-01-27,26.704999923706055,,0.0,0,0.0,0.06360523079047775,0.06360523079047775,0.0,0.0,0.06360523079047775,2.490930382429848,-0.11780949109972844
2022-02-10,25.774072647094727,25.823999404907227,26.924999237060547,25.600000381469727,25.9950008392334,513200000,NVDA,35082000000.0,,0.78,,,,,,,,,,15.0,0.5,10.0,55.0396214582977,8.276922886188213,23.90999984741211,-0.017965644680657644,-0.02614892935494928,-0.032990096285930415,1.9015523858015413,40.0,822.6607471991538,85.78842872762034,15.621635578720145,15.621635578720145,False,38.068951352443726,34.654229065353974,32.92237444865773,36.38608368205022,0.7807764064044151,33.068951352443726,4.999999999999999,44.07409256969222,0.44114190914003737,0.25222955153301774,0.3066285393269449,-0.28350000381469725,-0.1306046034157612,18.443804249614445,False,False,52.856683195303,52.97818136573709,0.42085889917110386,33.49104091047148,38.23133370643626,2.3760932748945893,0.029858731553707392,0.026156555449480687,4.886480774774107,-1.518727130426143,-0.12149817043409143,1.0,1.0,False,1.0,21.944000244140625,2022-01-27,26.704999923706055,,0.0,0,0.0,-0.032990096285930415,-0.032990096285930415,0.0,0.0,-0.032990096285930415,2.4087543492719377,-0.14691304093088237
2022-02-11,23.902698516845703,23.948999404907227,26.152000427246094,23.773000717163086,25.916000366210938,605472000,NVDA,35082000000.0,,0.78,,,,,,,,,,15.0,0.5,10.0,55.0396214582977,7.675961347726675,27.360000610351562,-0.019718721011119933,-0.03054393661084509,-0.07260687899658569,1.9337952505805798,40.0,845.1119199204974,90.47791488997466,15.28147248223119,15.28147248223119,False,42.51967375168515,37.72480588383715,35.9929512671409,39.456660500533395,0.7807764064044153,37.51967375168515,4.999999999999999,45.1526158479338,0.44114190914003737,0.25222955153301774,0.3066285393269449,-0.28350000381469725,-0.1306046034157612,18.443804249614445,False,False,53.89347980170945,53.77198163127535,0.42085889917110386,35.207729902193044,39.27072681899881,2.3760932748945893,0.028402853656796297,0.02546426004817943,4.450722399241421,-0.4357583755326857,0.12149817043409143,1.0,1.0,False,1.0,21.944000244140625,2022-01-27,26.704999923706055,,0.0,0,0.0,-0.07260687899658569,-0.07260687899658569,0.0,0.0,-0.07260687899658569,2.2338622137018507,-0.208853022541579
2022-02-14,24.220083236694336,24.267000198364258,24.875,23.7549991607666,23.93400001525879,440424000,NVDA,35082000000.0,,0.78,,,,,,,,,,15.0,0.5,10.0,55.0396214582977,7.777884678962903,28.329999923706055,-0.003269314964678527,-0.0003228294399564291,0.01327824967050062,1.932068402888822,40.0,827.837734876845,93.07556636902937,15.35605155792406,15.35605155792406,False,44.954637308894945,40.54724678332032,38.81539216662407,42.279101400016565,0.7807764064044151,39.954637308894945,4.999999999999999,45.83068838857891,0.44114190914003737,0.25222955153301774,0.3066285393269449,-0.28350000381469725,-0.1306046034157612,18.443804249614445,False,False,53.85860045746782,53.98009862790192,0.42085889917110386,36.50915472629118,39.80724695776044,2.3760932748945893,0.02739039036912773,0.0251210539895186,2.434963557209798,-1.518727130426143,-0.12149817043409143,1.0,1.0,False,1.0,21.944000244140625,2022-01-27,26.704999923706055,,0.0,0,0.0,0.01327824967050062,0.01327824967050062,0.0,0.0,0.01327824967050062,2.2635239939048812,-0.1983479754488241
2022-02-15,26.443775177001953,26.4950008392334,26.545000076293945,24.784000396728516,24.948999404907227,699869000,NVDA,35082000000.0,,0.78,,,,,,,,,,15.0,0.5,10.0,55.0396214582977,8.491987448472242,25.700000762939453,0.01612686726577106,0.02628524554687539,0.09181195131894881,1.955514798967541,40.0,827.8028509162408,94.86574435175282,15.380033740230692,15.380033740230692,False,46.660095366976364,42.93363075834096,41.201776141644714,44.66548537503721,0.7807764064044153,41.660095366976364,4.999999999999999,46.28957779985608,0.44114190914003737,0.25222955153301774,0.3066285393269449,-0.28350000381469725,-0.1306046034157612,18.443804249614445,False,False,54.06473560639678,54.02358779457055,0.42085889917110386,37.34348118958975,39.865180543699,2.3760932748945893,0.026778435436243427,0.025084547125124153,1.705458058081419,-0.7295054991283791,0.04114781182622636,1.0,1.0,False,1.0,21.944000244140625,2022-01-27,26.704999923706055,,0.0,0,0.0,0.09181195131894881,0.09181195131894881,0.0,0.0,0.09181195131894881,2.4713425486425487,-0.12474673879599484
2022-02-16,26.459745407104492,26.51099967956543,26.582000732421875,25.552000045776367,26.259000778198242,732676000,NVDA,35082000000.0,,0.78,,,,,,,,,,15.0,0.5,10.0,55.0396214582977,8.497115281911997,24.290000915527344,0.0011208249118113134,-0.0010068822504691877,0.0006038437375075478,1.9427767680090353,40.0,819.7450849691343,95.0,15.506650494063742,15.506650494063742,False,46.237878195949975,44.223569978444644,42.4917153617484,45.95542459514089,0.7807764064044151,41.237878195949975,4.999999999999999,46.362265352086396,0.44114190914003737,0.25222955153301774,0.3066285393269449,-0.28350000381469725,-0.1306046034157612,18.443804249614445,False,False,53.86053063761984,53.739032467185744,0.42085889917110386,37.60692776150034,39.44205692392992,2.3760932748945893,0.02659084534482337,0.025353647299091273,-0.42221717102638934,-1.518727130426143,0.12149817043409143,1.0,1.0,False,1.0,21.944000244140625,2022-01-27,26.704999923706055,,0.0,0,0.0,0.0006038437375075478,0.0006038437375075478,0.0,0.0,0.0006038437375075478,2.4728348533637825,-0.1242182225954837
2022-02-17,24.459619522094727,24.506999969482422,25.78499984741211,24.165000915527344,25.6299991607666,810595000,NVDA,35082000000.0,,0.78,,,,,,,,,,15.0,0.5,10.0,55.0396214582977,7.854807682526417,28.110000610351562,-0.02136141606480546,-0.0299212598425197,-0.07559125398155708,1.963580090050082,40.0,810.9904082507513,91.53682330233535,15.326408472335201,15.326408472335201,False,39.44163970992645,42.356760813079575,40.62490619638333,44.08861542977582,0.7807764064044153,34.44163970992645,4.999999999999999,45.43348249890688,0.44114190914003737,0.25222955153301774,0.3066285393269449,-0.28350000381469725,-0.1306046034157612,18.443804249614445,False,False,52.34800815040724,52.46950632084133,0.42085889917110386,37.11187010467891,38.53772295352491,2.3760932748945893,0.02694555669599426,0.02594860109420485,-6.796238486023526,-1.518727130426143,-0.12149817043409143,1.0,1.0,False,1.0,21.944000244140625,2022-01-27,26.704999923706055,,0.0,0,0.0,-0.07559125398155708,-0.07559125398155708,0.0,0.0,-0.07559125398155708,2.285910165908714,-0.19041966536368804
2022-02-18,23.596288681030273,23.642000198364258,24.986000061035156,23.100000381469727,24.667999267578125,761255000,NVDA,35082000000.0,,0.78,,,,,,,,,,15.0,0.5,10.0,55.0396214582977,7.57756416614239,27.75,-0.006475052825868022,-0.01012985427658275,-0.03529602857123737,1.9701477184618001,40.0,824.0856068502849,93.60850207892611,15.336932851363427,15.336932851363427,False,41.752300344486756,42.12078657683886,40.388931960142614,43.852641193535106,0.7807764064044151,36.752300344486756,4.999999999999999,45.95924818261558,0.44114190914003737,0.25222955153301774,0.3066285393269449,-0.28350000381469725,-0.1306046034157612,18.443804249614445,False,False,52.81614917943535,52.85100984947796,0.42085889917110386,36.169549486834825,37.10620438249103,2.3760932748945893,0.027647565816764873,0.026949670995502332,2.310660634560307,1.518727130426143,-0.03486067004261486,1.0,1.0,False,1.0,21.944000244140625,2022-01-27,26.704999923706055,,0.0,0,0.0,-0.03529602857123737,-0.03529602857123737,0.0,0.0,-0.03529602857123737,2.2052266153815183,-0.2189946359857232
2022-02-22,23.34477996826172,23.389999389648438,24.06399917602539,23.0,23.03499984741211,633422000,NVDA,35082000000.0,,0.78,,,,,,,,,,15.0,0.5,10.0,55.0396214582977,7.496794676169371,28.809999465942383,-0.010731648076383382,-0.00924956467808602,-0.010659030818097048,1.9590474677714793,40.0,822.9319486026048,94.72139903118644,15.448983676829624,15.448983676829624,False,42.74965878281321,42.366290867372996,40.63443625067675,44.09814548406924,0.7807764064044153,37.74965878281321,4.999999999999999,46.27431166272976,0.44114190914003737,0.25222955153301774,0.3066285393269449,-0.28350000381469725,-0.1306046034157612,18.443804249614445,False,False,52.88003447775291,53.001532648187,0.42085889917110386,34.66214687040727,35.07960680729348,2.3760932748945893,0.02884991526170434,0.0285065908946302,0.997358438326458,-1.313302196233849,-0.12149817043409143,1.0,1.0,False,1.0,21.944000244140625,2022-01-27,26.704999923706055,,0.0,0,0.0,-0.010659030818097048,-0.010659030818097048,0.0,0.0,-0.010659030818097048,2.181721036927279,-0.22731939622985042
2022-02-23,22.343717575073242,22.386999130249023,24.155000686645508,22.301000595092773,23.802000045776367,566511000,NVDA,35082000000.0,,0.78,,,,,,,,,,15.0,0.5,10.0,55.0396214582977,7.1753202340541735,31.020000457763672,-0.01773865723226875,-0.02502813222438449,-0.04288158553109267,1.9675121348083677,40.0,829.8409431780377,95.0,15.573350732087246,15.573350732087246,False,42.390942937743716,42.37591474483023,40.64406012813399,44.10776936152648,0.7807764064044151,37.390942937743716,4.999999999999999,46.38271754864431,0.44114190914003737,0.25222955153301774,0.3066285393269449,-0.28350000381469725,-0.1306046034157612,18.443804249614445,False,False,52.87306435713639,52.93142479706666,0.42085889917110386,32.45173477291738,32.348216343213494,2.3760932748945893,0.030814993620450475,0.030913605541339078,-0.35871584506949716,-1.3560742833959551,-0.05836043993027033,1.0,1.0,False,1.0,22.386999130249023,2022-02-23,22.386999130249023,Trailing_Stop,0.01715954470483033,27,0.15,-0.04288158553109267,-0.04288158553109267,0.0,0.0,-0.04288158553109267,2.0881653796772977,-0.26045316562863646
2022-02-24,23.702083587646484,23.74799919128418,23.799999237060547,20.889999389648438,21.014999389648438,735801000,NVDA,35082000000.0,,0.78,,,,,,,,,,15.0,0.5,10.0,55.0396214582977,7.611538202334673,30.31999969482422,0.01504911814725074,0.03415958423970711,0.060794216014248725,1.942178669714846,40.0,829.6853133561158,95.0,15.78121735798953,15.78121735798953,False,42.965476845181016,42.60607283386229,40.874218217166046,44.33792745055854,0.7807764064044153,37.965476845181016,4.999999999999999,46.446455388519546,0.44114190914003737,0.25222955153301774,0.3066285393269449,-0.28350000381469725,-0.1306046034157612,18.443804249614445,False,False,52.78248238587463,52.903980556308724,0.42085889917110386,29.36212143102909,28.71220716279672,2.3760932748945893,0.03405748465242798,0.03482839178228452,0.5745339074372993,0.9332497525067964,-0.12149817043409143,1.0,1.0,False,1.0,22.386999130249023,2022-02-23,23.74799919128418,,0.0,0,0.0,0.060794216014248725,0.060794216014248725,0.0,0.0,0.060794216014248725,2.215113756842875,-0.2154929956272099
2022-02-25,24.11029815673828,24.156999588012695,24.216999053955078,23.381000518798828,23.72100067138672,528866000,NVDA,35082000000.0,,0.78,,,,,,,,,,15.0,0.5,10.0,55.0396214582977,7.742628073080992,27.59000015258789,0.0220640029800776,0.01359342882067427,0.017222520239878802,1.9352945044347851,40.0,826.29274531742,95.0,16.12133936511727,16.12133936511727,False,44.01670671241214,43.156767659085524,41.42491304238928,44.88862227578177,0.7807764064044151,39.01670671241214,4.999999999999999,46.550746502758074,0.44114190914003737,0.25222955153301774,0.3066285393269449,-0.28350000381469725,-0.1306046034157612,18.443804249614445,False,False,52.673101683686944,52.79459985412104,0.42085889917110386,25.07033468348303,23.76268024968107,2.3760932748945893,0.03988778022412382,0.04208279493275686,1.0512298672311218,0.4766959597938225,-0.12149817043409143,1.0,1.0,False,1.0,22.386999130249023,2022-02-23,24.156999588012695,,0.0,0,0.0,0.017222520239878802,0.017222520239878802,0.0,0.0,0.017222520239878802,2.2532635983537355,-0.20198180786607284
2022-02-28,24.33785629272461,24.385000228881836,24.665000915527344,23.707000732421875,23.992000579833984,477319000,NVDA,35082000000.0,,0.78,,,,,,,,,,15.0,0.5,10.0,55.0396214582977,7.815705201564691,30.149999618530273,-0.0025585268239577408,-0.001814050976512993,0.009438284752146142,1.9284479148947133,40.0,822.9219001059428,95.0,16.67189980235332,16.67189980235332,False,45.897194336011204,44.22659790549794,42.49474328880169,45.958452522194186,0.7807764064044153,40.897194336011204,4.999999999999999,46.719564045438965,0.44114190914003737,0.25222955153301774,0.3066285393269449,-0.28350000381469725,-0.1306046034157612,18.443804249614445,False,False,53.27484395271228,53.15334578227819,0.42085889917110386,18.769059870058435,17.442982012328347,2.3760932748945893,0.05327917364658535,0.057329646920074806,1.8804876235990662,0.8292577563679444,0.12149817043409143,0.5,1.0,True,0.5,22.386999130249023,2022-02-23,24.385000228881836,,0.0,0,0.0,0.009438284752146142,0.009438284752146142,0.5,0.00025,0.009188284752146142,2.2739672259170547,-0.19464938947935356
2022-03-01,23.43160629272461,23.476999282836914,24.37700080871582,23.131999969482422,24.291000366210938,412056000,NVDA,35082000000.0,,0.78,,,,,,,,,,15.0,0.5,10.0,55.0396214582977,7.524679257319524,33.31999969482422,-0.015230272363598085,-0.019990924155492862,-0.037236044187913375,1.922963608421235,40.0,817.204251015133,93.63389835627622,17.149571220426765,17.149571220426765,False,44.89335175670041,44.48689074344703,42.75503612675078,46.218745360143274,0.7807764064044151,39.89335175670041,4.999999999999999,46.521460529696085,0.44114190914003737,0.25222955153301774,0.3066285393269449,-0.28350000381469725,-0.1306046034157612,18.443804249614445,False,False,45.589320959532586,45.69438513523129,0.42085889917110386,13.965258769688893,10.331411657700594,2.3760932748945893,0.07160626354954948,0.09679219385810095,-1.003842579310792,-1.518727130426143,-0.10506417569870792,0.5,0.5,False,0.5,22.386999130249023,2022-02-23,24.385000228881836,,0.0,0,0.0,-0.037236044187913375,-0.018618022093956688,0.0,0.0,-0.018618022093956688,2.2316304538639975,-0.2096434249394085
2022-03-02,24.177291870117188,24.219999313354492,24.409000396728516,23.415000915527344,23.756000518798828,389642000,NVDA,35082000000.0,,0.78,,,,,,,,,,15.0,0.5,10.0,55.0396214582977,7.762820292741824,30.739999771118164,0.018396212521518462,0.02165698983181974,0.031647998177550596,1.904429087226849,40.0,810.2676864561804,86.46231766672265,17.871699372898934,17.871699372898934,False,34.37501687794483,40.53933447408626,38.807479857390014,42.27118909078251,0.7807764064044153,29.375016877944834,4.999999999999999,44.93400104918655,0.44114190914003737,0.25222955153301774,0.3066285393269449,-0.28350000381469725,-0.1306046034157612,18.443804249614445,False,False,23.751480775340802,23.85996671801248,0.42085889917110386,10.322642809327968,5.357397349813843,2.3760932748945893,0.09687441660737874,0.1866577994321716,-10.518334878755581,-1.518727130426143,-0.10848594267167641,0.5,0.5,False,0.5,22.386999130249023,2022-02-23,24.385000228881836,,0.0,0,0.0,0.031647998177550596,0.015823999088775298,0.0,0.0,0.015823999088775298,2.266943772132425,-0.19713682321584197
2022-03-03,23.672182083129883,23.714000701904297,24.326000213623047,23.4689998626709,24.261999130249023,365095000,NVDA,35082000000.0,,0.78,,,,,,,,,,15.0,0.5,10.0,55.0396214582977,7.600641250610352,30.479999542236328,-0.004978472037343917,-0.011927890596476587,-0.020891768199646332,1.923443809336868,40.0,805.2792791189302,76.05430864978122,18.658700511405446,18.658700511405446,False,24.294244138745086,34.19744284721487,32.46558823051863,35.92929746391112,0.7807764064044151,19.294244138745086,4.999999999999999,42.5501106120407,0.44114190914003737,0.25222955153301774,0.3066285393269449,-0.28350000381469725,-0.1306046034157612,18.443804249614445,False,False,12.448287781078747,12.373627800878204,0.42085889917110386,8.810681550882208,3.192701630657041,2.3760932748945893,0.11349859760847567,0.3132143606523624,-10.080772739199745,0.4375621395558369,0.07465998020054372,0.5,0.5,False,0.5,22.386999130249023,2022-02-23,24.385000228881836,,0.0,0,0.0,-0.020891768199646332,-0.010445884099823166,0.0,0.0,-0.010445884099823166,2.2432635402279137,-0.20552343890854513
2022-03-04,22.895557403564453,22.93600082397461,23.68000030517578,22.48200035095215,23.384000778198242,431415000,NVDA,35082000000.0,,0.78,,,,,,,,,,15.0,0.5,10.0,55.0396214582977,7.351282315376477,31.979999542236328,-0.008124619808514866,-0.01751737436701606,-0.03280761806957411,1.8965993837003736,40.0,800.8105065310871,63.672163367468066,19.62677976466744,19.62677976466744,False,19.308209680748064,28.384861864299182,26.653007247602936,30.11671648099543,0.7807764064044153,14.308209680748064,4.999999999999999,39.723808387846624,0.44114190914003737,0.25222955153301774,0.3066285393269449,-0.28350000381469725,-0.1306046034157612,18.443804249614445,False,False,12.35578698596372,12.317651309180214,0.42085889917110386,9.779912516849125,3.192701630657041,2.3760932748945893,0.10225040339340155,0.3132143606523624,-4.986034457997022,1.518727130426143,0.0381356767835058,0.5,0.5,False,0.5,22.386999130249023,2022-02-23,24.385000228881836,,0.0,0,0.0,-0.03280761806957411,-0.016403809034787054,0.0,0.0,-0.016403809034787054,2.2064654734993145,-0.21855588069930376
2022-03-07,21.314348220825195,21.351999282836914,23.033000946044922,21.329999923706055,22.816999435424805,450821000,NVDA,35082000000.0,,0.78,,,,,,,,,,15.0,0.5,10.0,55.0396214582977,6.84358951372978,36.45000076293945,-0.029479187255280204,-0.03659429534249792,-0.06906180171924159,1.9043960528901513,40.0,832.0710634864679,75.24391163852489,20.121046874244467,20.121046874244467,False,27.948298274584936,28.21443258892713,26.482577972230885,29.946287205623378,0.7807764064044151,22.948298274584936,4.999999999999999,42.794101666555214,0.44114190914003737,0.25222955153301774,0.3066285393269449,-0.28350000381469725,-0.1306046034157612,18.443804249614445,False,False,14.333748519670948,14.267407899161512,0.42085889917110386,9.898595513091534,3.192701630657041,2.3760932748945893,0.10102443308017134,0.3132143606523624,8.640088593836872,1.518727130426143,0.06634062050943555,0.5,0.5,False,0.5,22.386999130249023,2022-02-23,24.385000228881836,,0.0,0,0.0,-0.06906180171924159,-0.034530900859620794,0.0,0.0,-0.034530900859620794,2.130274232983733,-0.24553985011020987
2022-03-08,21.47606086730957,21.513999938964844,22.37299919128418,20.649999618530273,21.30900001525879,557467000,NVDA,35082000000.0,,0.78,,,,,,,,,,15.0,0.5,10.0,55.0396214582977,6.895512800950271,35.130001068115234,-0.007581700715998618,-0.004851992288848916,0.007587142261574975,1.8941600455326588,40.0,821.1288472995801,80.60798085906531,21.036514610032413,21.036514610032413,False,36.73167929718427,31.539465227593553,29.807610610897306,33.2713198442898,0.7807764064044153,31.731679297184275,4.999999999999999,44.42778697506979,0.44114190914003737,0.25222955153301774,0.3066285393269449,-0.28350000381469725,-0.1306046034157612,18.443804249614445,False,False,16.5894476956846,16.710945866118692,0.42085889917110386,9.578339969962284,3.192701630657041,2.3760932748945893,0.10440222451238987,0.3132143606523624,8.783381022599336,0.1432924287624644,-0.12149817043409143,0.5,0.5,False,0.5,22.386999130249023,2022-02-23,24.385000228881836,,0.0,0,0.0,0.007587142261574975,0.0037935711307874875,0.0,0.0,0.0037935711307874875,2.1383555798146405,-0.24267775186625845
2022-03-09,22.973419189453125,23.013999938964844,23.219999313354492,22.246999740600586,22.386999130249023,492742000,NVDA,35082000000.0,,0.78,,,,,,,,,,15.0,0.5,10.0,55.0396214582977,7.376282031719501,32.45000076293945,0.026810819608671155,0.03956252967901808,0.06972204165917528,1.93419565669956,40.0,827.0721305755292,85.6245080412245,21.676453236666095,21.676453236666095,False,46.96982623513017,37.56329613608718,35.831441519390935,39.29515075278343,0.7807764064044151,41.96982623513017,4.999999999999999,45.889326822822575,0.44114190914003737,0.25222955153301774,0.3066285393269449,-0.28350000381469725,-0.1306046034157612,18.443804249614445,False,False,19.999723078530266,20.121221248964357,0.42085889917110386,8.784927688589878,3.192701630657041,2.3760932748945893,0.11383132968741784,0.3132143606523624,10.2381469379459,1.454765915346563,-0.12149817043409143,0.5,0.5,False,0.5,22.386999130249023,2022-02-23,24.385000228881836,,0.0,0,0.0,0.06972204165917528,0.03486102082958764,0.0,0.0,0.03486102082958764,2.2129008382236237,-0.21627672519935792
2022-03-10,22.6180477142334,22.658000946044922,22.788000106811523,21.881999969482422,22.5310001373291,428066000,NVDA,35082000000.0,,0.78,,,,,,,,,,15.0,0.5,10.0,55.0396214582977,7.2621797903990135,30.229999542236328,-0.004515553354495161,-0.017487441275387372,-0.015468801332409132,1.8988900156743638,40.0,812.5185952669596,81.33650558968205,22.992205393607623,22.992205393607623,False,42.6965458759356,39.567256278614806,37.83540166191856,41.29911089531105,0.7807764064044153,37.6965458759356,4.999999999999999,45.21121304949679,0.44114190914003737,0.25222955153301774,0.3066285393269449,-0.28350000381469725,-0.1306046034157612,18.443804249614445,False,False,20.536960829779282,20.501955858614814,0.42085889917110386,8.74787089929009,3.192701630657041,2.3760932748945893,0.11431352971625956,0.3132143606523624,-4.2732803591945725,-1.518727130426143,0.03500497116446695,0.5,0.5,False,0.5,22.386999130249023,2022-02-23,24.385000228881836,,0.0,0,0.0,-0.015468801332409132,-0.007734400666204566,0.0,0.0,-0.007734400666204566,2.195785376506222,-0.2223383550180961
2022-03-11,22.061031341552734,22.100000381469727,23.145000457763672,22.04599952697754,23.02199935913086,367209000,NVDA,35082000000.0,,0.78,,,,,,,,,,15.0,0.5,10.0,55.0396214582977,7.083333455599271,30.75,-0.012715059514942118,-0.017594120579605077,-0.024627087177900298,1.9172206998098398,40.0,798.7618420329608,62.96467614084268,23.956815123664718,23.956815123664718,False,23.311272761145176,33.22111208194514,31.48925746524889,34.95296669864138,0.7807764064044151,18.311272761145176,4.999999999999999,40.87307161932292,0.44114190914003737,0.25222955153301774,0.3066285393269449,-0.28350000381469725,-0.1306046034157612,18.443804249614445,False,False,16.483164767707454,16.361666597273363,0.42085889917110386,10.396640826829534,3.192701630657041,2.3760932748945893,0.09618491363281528,0.3132143606523624,-19.385273114790422,-1.518727130426143,0.12149817043409143,0.5,0.5,False,0.5,22.386999130249023,2022-02-23,24.385000228881836,,0.0,0,0.0,-0.024627087177900298,-0.012313543588950149,0.0,0.0,-0.012313543588950149,2.1687474775606335,-0.23191412558103544
2022-03-14,21.292390823364258,21.329999923706055,22.261999130249023,21.159000396728516,21.868999481201172,385354000,NVDA,35082000000.0,,0.78,,,,,,,,,,15.0,0.5,10.0,55.0396214582977,6.836538437085274,31.770000457763672,-0.007308323066848366,-0.01853393179365659,-0.03484164907116005,1.8852074580535072,40.0,802.965624321442,55.93247286652943,25.230689266887406,25.230689266887406,False,21.245622790027916,28.546022334806295,26.81416771811005,30.27787695150254,0.7807764064044153,16.245622790027916,4.999999999999999,39.48994830897661,0.44114190914003737,0.25222955153301774,0.3066285393269449,-0.28350000381469725,-0.1306046034157612,18.443804249614445,False,False,16.798930227775937,16.677432057341846,0.42085889917110386,12.446286785190825,3.2404107467167176,2.3760932748945893,0.08034524812571785,0.3086028525899781,-2.06564997111726,1.518727130426143,0.12149817043409143,0.5,0.5,False,0.5,22.386999130249023,2022-02-23,24.385000228881836,,0.0,0,0.0,-0.03484164907116005,-0.017420824535580026,0.0,0.0,-0.017420824535580026,2.1309661082920677,-0.24529481482754584
2022-03-15,22.9324893951416,22.972999572753906,23.038000106811523,21.32200050354004,21.51799964904785,491996000,NVDA,35082000000.0,,0.78,,,,,,,,,,15.0,0.5,10.0,55.0396214582977,7.363140888703175,29.829999923706055,0.02199043987466287,0.03359502100929901,0.07702764439402698,1.887562128719164,40.0,807.7837407905563,57.14542410561918,26.15663358732637,26.15663358732637,False,23.451388012832453,26.55713719587863,24.825282579182385,28.288991812574878,0.7807764064044151,18.451388012832453,4.999999999999999,40.07981141051791,0.44114190914003737,0.25222955153301774,0.3066285393269449,-0.28350000381469725,-0.1306046034157612,18.443804249614445,False,False,19.90964470202179,19.898181307720794,0.42085889917110386,13.774502356443644,3.612864894808187,2.3760932748945893,0.0725979040202643,0.2767886508673587,2.205765222804537,1.518727130426143,0.011463394300997153,0.5,0.5,False,0.5,22.386999130249023,2022-02-23,24.385000228881836,,0.0,0,0.0,0.07702764439402698,0.03851382219701349,0.0,0.0,0.03851382219701349,2.2130377580946905,-0.21622823351464968
2022-03-16,24.45280647277832,24.496000289916992,24.597000122070312,23.172000885009766,23.5,671422000,NVDA,35082000000.0,,0.78,,,,,,,,,,15.0,0.5,10.0,55.0396214582977,7.851282144204164,26.670000076293945,0.02217420604853415,0.03250307937483443,0.06629524857386815,1.8907279071861762,40.0,839.1542128408408,71.18391697411649,27.074551243813843,27.074551243813843,False,39.93381001582153,31.779232462879946,30.0473778461837,33.51108707957619,0.7807764064044153,34.93381001582153,4.999999999999999,43.902193921169626,0.44114190914003737,0.25222955153301774,0.3066285393269449,-0.28350000381469725,-0.1306046034157612,18.443804249614445,False,False,26.893632552835342,26.77725127960762,0.42085889917110386,13.756724275287821,3.962832621516311,2.3760932748945893,0.07269172369736092,0.2523447481910974,16.482422002989075,1.518727130426143,0.11638127322772505,0.5,0.5,False,0.5,22.386999130249023,2022-02-23,24.496000289916992,,0.0,0,0.0,0.06629524857386815,0.033147624286934074,0.0,0.0,0.033147624286934074,2.2863947022328124,-0.1902480614724866
2022-03-17,24.72233009338379,24.766000747680664,24.841999053955078,23.9060001373291,24.1200008392334,471941000,NVDA,35082000000.0,,0.78,,,,,,,,,,15.0,0.5,10.0,55.0396214582977,7.937820752461751,25.670000076293945,0.01251093216133281,0.007091307101510624,0.01102222626421212,1.9011725337226015,40.0,840.0402391325975,80.51390199329556,28.256913627598394,28.256913627598394,False,58.40599495507987,42.17400642930181,40.442151812605566,43.90586104599806,0.7807764064044151,53.40599495507987,4.999999999999999,46.61803790906192,0.44114190914003737,0.25222955153301774,0.3066285393269449,-0.28350000381469725,-0.1306046034157612,18.443804249614445,False,False,34.184095142261484,34.30559331269558,0.42085889917110386,13.426737125747321,4.318894209306529,2.3760932748945893,0.07447825861447636,0.2315407489827279,18.47218493925834,1.518727130426143,-0.12149817043409143,0.5,0.5,False,0.5,22.386999130249023,2022-02-23,24.766000747680664,,0.0,0,0.0,0.01102222626421212,0.00551111313210606,0.0,0.0,0.00551111313210606,2.2989952821014654,-0.18578542693031927
2022-03-18,26.406356811523438,26.452999114990234,26.569000244140625,24.624000549316406,24.798999786376953,730719000,NVDA,35082000000.0,,0.78,,,,,,,,,,15.0,0.5,10.0,55.0396214582977,8.478525357368664,23.8700008392334,0.00782184603841607,0.020465915194433526,0.06811751257285881,1.929153181928443,40.0,873.7546280806991,87.00125760510308,29.217321819405516,29.217321819405516,False,71.20390609712304,53.5069367997629,51.77508218306665,55.238791416459144,0.7807764064044153,66.20390609712304,4.999999999999999,48.54882926667479,0.44114190914003737,0.25222955153301774,0.3066285393269449,-0.28350000381469725,-0.1306046034157612,18.443804249614445,False,False,40.54990638222401,40.6714045526581,0.42085889917110386,13.286074338976375,4.632706084662993,2.3760932748945893,0.07526677741568658,0.21585656023173877,12.79791114204317,-1.518727130426143,-0.12149817043409143,0.5,0.5,False,0.5,22.386999130249023,2022-02-23,26.452999114990234,,0.0,0,0.0,0.06811751257285881,0.034058756286429404,0.0,0.0,0.034058756286429404,2.3772962021182105,-0.15805429122127976
2022-03-21,26.686861038208008,26.733999252319336,27.152000427246094,25.966999053955078,26.506999969482422,591727000,NVDA,35082000000.0,,0.78,,,,,,,,,,15.0,0.5,10.0,55.0396214582977,8.568589503948505,23.530000686645508,-0.0002923926222593298,-0.0037402579716271367,0.01062261923903618,1.9381468346914899,40.0,868.8955944847967,91.31769157850572,30.21883763070322,30.21883763070322,False,78.45612715737147,63.24680639481955,61.514951778123304,64.9786610115158,0.7807764064044151,73.45612715737147,4.999999999999999,49.94465480233907,0.44114190914003737,0.25222955153301774,0.3066285393269449,-0.28350000381469725,-0.1306046034157612,18.443804249614445,False,False,46.06911884867234,45.947620678238245,0.42085889917110386,13.183724213138804,4.912977807183763,2.3760932748945893,0.0758511012391633,0.20354254369677766,7.252221060248431,-1.518727130426143,0.12149817043409143,0.5,0.5,False,0.5,22.386999130249023,2022-02-23,26.733999252319336,,0.0,0,0.0,0.01062261923903618,0.00531130961951809,0.0,0.0,0.00531130961951809,2.389922758304965,-0.1535824568791313
2022-03-22,26.477224349975586,26.52400016784668,27.238000869750977,26.07200050354004,26.726999282836914,547007000,NVDA,35082000000.0,,0.78,,,,,,,,,,15.0,0.5,10.0,55.0396214582977,8.501282105079063,22.940000534057617,0.011701391836103525,0.014369869517554923,-0.007855131680473804,1.91260749617684,40.0,858.1682332408889,94.12110024434902,31.097654962046498,31.097654962046498,False,82.19750135219078,70.64493414866084,68.9130795319646,72.37678876535708,0.7807764064044153,77.19750135219078,4.999999999999999,50.921227787533496,0.44114190914003737,0.25222955153301774,0.3066285393269449,-0.28350000381469725,-0.1306046034157612,18.443804249614445,False,False,50.020687166480144,49.89918899604605,0.42085889917110386,13.15189528646146,5.148728330436629,2.3760932748945893,0.07603466863284704,0.1942227159449286,3.741374194819315,-1.518727130426143,0.12149817043409143,0.5,0.5,False,0.5,22.386999130249023,2022-02-23,26.733999252319336,,0.0,0,0.0,-0.007855131680473804,-0.003927565840236902,0.0,0.0,-0.003927565840236902,2.3805361793186415,-0.15690681750807012
2022-03-23,25.58879852294922,25.634000778198242,26.61199951171875,25.575000762939453,26.125999450683594,502120000,NVDA,35082000000.0,,0.78,,,,,,,,,,15.0,0.5,10.0,55.0396214582977,8.216025890448154,23.56999969482422,-0.012878419431224142,-0.015378747743338028,-0.03355449344052286,1.9147984712858923,40.0,862.9401006028215,95.0,31.843217112532056,31.843217112532056,False,83.39438147367865,75.62216798169574,73.8903133649995,77.35402259839198,0.7807764064044151,78.39438147367865,4.999999999999999,51.371522911924664,0.44114190914003737,0.25222955153301774,0.3066285393269449,-0.28350000381469725,-0.1306046034157612,18.443804249614445,False,False,52.48314912753789,52.3616509571038,0.42085889917110386,13.15189528646146,5.324841740255029,2.3760932748945893,0.07603466863284704,0.187799008642857,1.1968801214878653,-1.518727130426143,0.12149817043409143,0.5,0.5,False,0.5,22.386999130249023,2022-02-23,26.733999252319336,,0.0,0,0.0,-0.03355449344052286,-0.01677724672026143,0.0,0.0,-0.01677724672026143,2.340597336511704,-0.1710515998389076
2022-03-24,28.100366592407227,28.149999618530273,28.31999969482422,25.906999588012695,26.166000366210938,877379000,NVDA,35082000000.0,,0.78,,,,,,,,,,15.0,0.5,10.0,55.0396214582977,9.02243577516996,21.670000076293945,0.015074363734608909,0.025988298298936785,0.09815084512566186,1.969914730521219,40.0,855.0363178271467,95.0,31.998981546117957,31.998981546117957,False,83.16494514385775,78.56677920518682,76.83492458849057,80.29863382188307,0.7807764064044153,78.16494514385775,4.999999999999999,51.4192847326742,0.44114190914003737,0.25222955153301774,0.3066285393269449,-0.28350000381469725,-0.1306046034157612,18.443804249614445,False,False,53.438903416052625,53.31740524561853,0.42085889917110386,13.15189528646146,5.3959646396214564,2.3760932748945893,0.07603466863284704,0.18532367552174195,-0.22943632982089923,-1.4263164513087645,0.12149817043409143,0.5,0.5,False,0.5,22.386999130249023,2022-02-23,28.149999618530273,,0.0,0,0.0,0.09815084512566186,0.04907542256283093,0.0,0.0,0.04907542256283093,2.4554631398504525,-0.13037060681821935
2022-03-25,27.643171310424805,27.691999435424805,28.357999801635742,27.270999908447266,27.88599967956543,579016000,NVDA,35082000000.0,,0.78,,,,,,,,,,15.0,0.5,10.0,55.0396214582977,8.875640844687437,20.809999465942383,0.004883598425542424,-0.0005684817085371829,-0.01626998896312526,1.9707263974365776,40.0,847.4701236094196,95.0,32.729135287232154,32.729135287232154,False,83.47515643164421,80.48295177126215,78.75109715456591,82.21480638795839,0.7807764064044151,78.47515643164421,4.999999999999999,51.64317070779615,0.44114190914003737,0.25222955153301774,0.3066285393269449,-0.28350000381469725,-0.1306046034157612,18.443804249614445,False,False,55.17488544920707,55.29638361964116,0.42085889917110386,13.15189528646146,5.422006733901622,2.3760932748945893,0.07603466863284704,0.1844335592110949,0.31021128778645846,0.5396476176073577,-0.12149817043409143,0.5,0.5,False,0.5,22.386999130249023,2022-02-23,28.149999618530273,,0.0,0,0.0,-0.01626998896312526,-0.00813499448156263,0.0,0.0,-0.00813499448156263,2.435487960758089,-0.13744503713275774
2022-03-28,28.16924476623535,28.2189998626709,28.25,27.20599937438965,27.756000518798828,425494000,NVDA,35082000000.0,,0.78,,,,,,,,,,15.0,0.5,10.0,55.0396214582977,9.044551238035544,19.6299991607666,0.007113038068738753,0.01188222012582374,0.019030782825018022,1.9658680968491613,40.0,846.8139771994558,95.0,33.59711279955577,33.59711279955577,False,83.84624329546875,81.79594110624238,80.06408648954613,83.52779572293863,0.7807764064044153,78.84624329546875,4.999999999999999,51.909317384568574,0.44114190914003737,0.25222955153301774,0.3066285393269449,-0.28350000381469725,-0.1306046034157612,18.443804249614445,False,False,56.64036664462186,56.76186481505595,0.42085889917110386,13.15189528646146,5.427277153239634,2.3760932748945893,0.07603466863284704,0.18425445610476754,0.37108686382454437,0.06087557603808591,-0.12149817043409143,0.5,0.5,False,0.5,22.386999130249023,2022-02-23,28.2189998626709,,0.0,0,0.0,0.019030782825018022,0.009515391412509011,0.0,0.0,0.009515391412509011,2.4586625819851555,-0.12923748904627372
2022-03-29,28.605472564697266,28.6560001373291,28.945999145507812,27.979999542236328,28.69499969482422,488984000,NVDA,35082000000.0,,0.78,,,,,,,,,,15.0,0.5,10.0,55.0396214582977,9.184615428631123,18.899999618530273,0.012370827763277914,0.021236688112841406,0.015486029865866557,1.9386772412966522,40.0,838.0620604218407,95.0,34.537092637941605,34.537092637941605,False,84.20340578853799,82.73578691783653,81.0039323011403,84.46764153453277,0.7807764064044151,79.20340578853799,4.999999999999999,52.197542029409604,0.44114190914003737,0.25222955153301774,0.3066285393269449,-0.28350000381469725,-0.1306046034157612,18.443804249614445,False,False,57.95524022837546,58.07673839880955,0.42085889917110386,13.223546073569318,5.407530230690754,2.3760932748945893,0.07562268051523327,0.18492730642991906,0.3571624930692394,-0.013924370755304949,-0.12149817043409143,0.5,0.5,False,0.5,22.386999130249023,2022-02-23,28.6560001373291,,0.0,0,0.0,0.015486029865866557,0.007743014932933279,0.0,0.0,0.007743014932933279,2.4777000430725105,-0.12249516192092068
2022-03-30,27.641176223754883,27.690000534057617,28.496000289916992,27.503000259399414,28.304000854492188,463487000,NVDA,35082000000.0,,0.78,,,,,,,,,,15.0,0.5,10.0,55.0396214582977,8.875000171172314,19.329999923706055,-0.006174792896356585,-0.013333288536888421,-0.033710203749375056,1.942124091995904,40.0,838.2976861807006,93.80520986955678,35.110814607916616,35.110814607916616,False,83.35517970776993,82.97759055617503,81.24573593947878,84.70944517287128,0.7807764064044153,78.35517970776993,4.999999999999999,52.072100180265046,0.44114190914003737,0.25222955153301774,0.3066285393269449,-0.28350000381469725,-0.1306046034157612,18.443804249614445,False,False,57.78022537849532,57.90172354892941,0.42085889917110386,13.476589698826963,5.3510871011744765,2.3760932748945893,0.07420274879237754,0.18687791491574043,-0.8482260807680575,-1.205388573837297,-0.12149817043409143,0.5,0.5,False,0.5,22.386999130249023,2022-02-23,28.6560001373291,,0.0,0,0.0,-0.033710203749375056,-0.016855101874687528,0.0,0.0,-0.016855101874687528,2.4359381564316056,-0.13728559536227475
2022-03-31,27.237886428833008,27.285999298095703,28.24799919128418,27.270000457763672,27.781999588012695,523440000,NVDA,35082000000.0,,0.78,,,,,,,,,,15.0,0.5,10.0,55.0396214582977,8.745512595543495,20.559999465942383,-0.015391317572948426,-0.014815364120546293,-0.014590149085226933,1.9314399020885136,40.0,837.2681681745503,92.02601639676125,35.79154672094607,35.79154672094607,False,82.17170507203798,82.66298237003603,80.9311277533398,84.39483698673227,0.7807764064044151,77.17170507203798,4.999999999999999,51.83206690202252,0.44114190914003737,0.25222955153301774,0.3066285393269449,-0.28350000381469725,-0.1306046034157612,18.443804249614445,False,False,57.6039490698665,57.7180543859712,0.42085889917110386,13.604762885416253,5.2729891382590255,2.3760932748945893,0.0735036698854898,0.1896457538181405,-1.1834746357319545,-0.33524855496389705,-0.11410531610470116,1.2,0.5,True,1.2,22.386999130249023,2022-02-23,28.6560001373291,,0.0,0,0.0,-0.014590149085226933,-0.007295074542613467,0.7,0.00035,-0.007645074542613466,2.41731522764449,-0.14388111129471648
2022-04-01,26.664899826049805,26.711999893188477,27.496000289916992,26.267000198364258,27.375,517235000,NVDA,35082000000.0,,0.78,,,,,,,,,,15.0,0.5,10.0,55.0396214582977,8.561538427303999,19.6299991607666,0.0028341128726010467,-0.0029571885960684163,-0.021036407669602464,1.9326769183685972,40.0,845.89565777667,93.05388344897342,36.912330479656156,36.912330479656156,False,83.52234835720265,82.9984687136591,81.26661409696285,84.73032333035533,0.7807764064044153,78.52234835720265,4.999999999999999,52.4349896344722,0.44114190914003737,0.25222955153301774,0.3066285393269449,-0.28350000381469725,-0.1306046034157612,18.443804249614445,False,False,60.72042496831694,60.67725315890835,0.42085889917110386,13.054117431768889,5.225135653975138,2.3760932748945893,0.07660418295045901,0.19138259104129246,1.350643285164665,1.518727130426143,0.04317180940858861,1.2,1.2,False,1.2,22.386999130249023,2022-02-23,28.6560001373291,,0.0,0,0.0,-0.021036407669602464,-0.025243689203522955,0.0,0.0,-0.025243689203522955,2.356293273330889,-0.16549271044245809
2022-04-04,27.311758041381836,27.360000610351562,27.558000564575195,26.613000869750977,26.72800064086914,397120000,NVDA,35082000000.0,,0.78,,,,,,,,,,15.0,0.5,10.0,55.0396214582977,8.76923096485627,18.56999969482422,0.008566577431344813,0.01899529458099236,0.02425878705279283,1.926329113933395,40.0,833.033769708654,88.04090127230695,37.66378838999356,37.66378838999356,False,79.7926572041882,81.7469577186718,80.01510310197555,83.47881233536803,0.7807764064044151,74.7926572041882,4.999999999999999,51.40098582962104,0.44114190914003737,0.25222955153301774,0.3066285393269449,-0.28350000381469725,-0.1306046034157612,18.443804249614445,False,False,59.2208211367824,59.21595109069935,0.42085889917110386,12.923369171125298,5.131717520020635,2.3760932748945893,0.07737920249421501,0.19486653271514817,-3.7296911530144428,-1.518727130426143,0.004870046083046873,1.2,1.2,False,1.2,22.386999130249023,2022-02-23,28.6560001373291,,0.0,0,0.0,0.02425878705279283,0.029110544463351394,0.0,0.0,0.029110544463351394,2.424886253432884,-0.14119974888480233
2022-04-05,25.885278701782227,25.930999755859375,27.319000244140625,25.81999969482422,27.253999710083008,436615000,NVDA,35082000000.0,,0.78,,,,,,,,,,15.0,0.5,10.0,55.0396214582977,8.311217870467749,21.030000686645508,-0.01263132479829876,-0.021056505052211794,-0.052229562230036275,1.9315272777777643,40.0,853.6439015230112,91.21660041755338,38.16595234746999,38.16595234746999,False,82.5038325948023,82.04243274161328,80.31057812491704,83.77428735830952,0.7807764064044153,77.5038325948023,4.999999999999999,52.35596880161397,0.44114190914003737,0.25222955153301774,0.3066285393269449,-0.28350000381469725,-0.1306046034157612,18.443804249614445,False,False,61.356048902375406,61.35716285203583,0.42085889917110386,12.97353179524974,5.010482237206221,2.3760932748945893,0.07708001304364553,0.19958158769116538,2.711175390614102,1.518727130426143,-0.0011139496604243959,1.2,1.2,False,1.2,22.386999130249023,2022-02-23,28.6560001373291,,0.0,0,0.0,-0.052229562230036275,-0.06267547467604352,0.0,0.0,-0.06267547467604352,2.272905356463565,-0.19502546227535272
2022-04-06,24.36396026611328,24.406999588012695,25.299999237060547,24.003000259399414,24.93400001525879,703833000,NVDA,35082000000.0,,0.78,,,,,,,,,,15.0,0.5,10.0,55.0396214582977,7.822756278209197,22.100000381469727,-0.00999935653466788,-0.023660437273801738,-0.058771361775294295,1.9449584454598052,40.0,884.9424847719209,94.11878363353863,38.3170543816788,38.3170543816788,False,84.12246717718729,82.85445364751574,81.1225990308195,84.58630826421198,0.7807764064044151,79.12246717718729,4.999999999999999,53.134317368687356,0.44114190914003737,0.25222955153301774,0.3066285393269449,-0.28350000381469725,-0.1306046034157612,18.443804249614445,False,False,62.21126055925119,62.30769164515817,0.42085889917110386,13.132625689326291,4.808785098757265,2.3760932748945893,0.07614623485482898,0.2079527322313551,1.6186345823849848,-1.092540808229117,-0.09643108590698375,1.2,1.2,False,1.2,22.386999130249023,2022-02-23,28.6560001373291,,0.0,0,0.0,-0.058771361775294295,-0.07052563413035315,0.0,0.0,-0.07052563413035315,2.1126072648806957,-0.25179680200717136
2022-04-07,24.165315628051758,24.20800018310547,24.722000122070312,23.47800064086914,24.44099998474121,557992000,NVDA,35082000000.0,,0.78,,,,,,,,,,15.0,0.5,10.0,55.0396214582977,7.758974417662009,21.549999237060547,0.005038968143330047,0.0015551447567971888,-0.008153374370726163,1.948596519191694,40.0,883.2236281728747,95.0,38.770340966482166,38.770340966482166,False,84.42715357847942,83.4684171477409,81.73656253104465,85.20027176443713,0.7807764064044153,79.42715357847942,4.999999999999999,53.49557678099823,0.44114190914003737,0.25222955153301774,0.3066285393269449,-0.28350000381469725,-0.1306046034157612,18.443804249614445,False,False,62.682677837313676,62.70949772171079,0.42085889917110386,13.262732242684901,4.622719141006269,2.3760932748945893,0.07539924517073418,0.21632289773553515,0.3046864012921304,-1.3139481810928544,-0.026819884397111766,1.2,1.2,False,1.2,24.20800018310547,2022-04-07,24.20800018310547,Trailing_Stop,0.08296873837833185,43,0.15,-0.008153374370726163,-0.009784049244871395,0.0,0.0,-0.009784049244871395,2.09193741136603,-0.2591172589415035
2022-04-08,23.078229904174805,23.118999481201172,23.92300033569336,23.062000274658203,23.91699981689453,524781000,NVDA,35082000000.0,,0.78,,,,,,,,,,15.0,0.5,10.0,55.0396214582977,7.4099357311542215,21.15999984741211,-0.002673934796955768,-0.013974274178422341,-0.044985157537478004,1.9593259655557196,40.0,901.706959859319,95.0,39.22390739205672,39.22390739205672,False,84.14964808325323,83.73436166862132,82.00250705192508,85.46621628531756,0.7807764064044151,79.14964808325323,4.999999999999999,53.63465319155989,0.44114190914003737,0.25222955153301774,0.3066285393269449,-0.28350000381469725,-0.1306046034157612,18.443804249614445,False,False,64.67472583507153,64.55322766463743,0.42085889917110386,12.21159827848747,4.42309260305594,2.3760932748945893,0.08188936265301548,0.22608615503756224,-0.27750549522619394,-0.5821918965183244,0.12149817043409143,1.2,1.2,False,1.2,24.20800018310547,2022-04-07,24.20800018310547,,0.0,0,0.0,-0.044985157537478004,-0.0539821890449736,0.0,0.0,-0.0539821890449736,1.979010050555416,-0.29911173112948153
2022-04-11,21.87835121154785,21.91699981689453,22.31999969482422,21.65999984741211,22.214000701904297,575207000,NVDA,35082000000.0,,0.78,,,,,,,,,,15.0,0.5,10.0,55.0396214582977,7.024679428491837,24.3700008392334,-0.017092284494708676,-0.025195172532137988,-0.051991854806866855,1.961820717186432,40.0,914.5121953317221,95.0,39.908807184437244,39.908807184437244,False,83.90797632850774,83.80213878374394,82.0702841670477,85.53399340044018,0.7807764064044153,78.90797632850774,4.999999999999999,53.84466301448286,0.44114190914003737,0.25222955153301774,0.3066285393269449,-0.28350000381469725,-0.1306046034157612,18.443804249614445,False,False,69.7649515689405,69.8864497393746,0.42085889917110386,9.731327615609962,4.264289133990636,2.3760932748945893,0.10276090164675027,0.23450567458688554,-0.2416717547454823,0.03583374048071164,-0.12149817043409143,1.2,1.2,False,1.2,24.20800018310547,2022-04-07,24.20800018310547,,0.0,0,0.0,-0.051991854806866855,-0.06239022576824022,0.0,0.0,-0.06239022576824022,1.855539166703647,-0.3428403084626243
2022-04-12,21.466081619262695,21.503999710083008,22.725000381469727,21.281999588012695,22.53700065612793,662258000,NVDA,35082000000.0,,0.78,,,,,,,,,,15.0,0.5,10.0,55.0396214582977,6.892307599385579,24.260000228881836,-0.003705230116974989,-0.004442374837264951,-0.018843824896743633,1.9645247911337347,40.0,913.3262991908057,95.0,40.76330859202628,40.76330859202628,False,83.92433665937556,83.84984339284689,82.11798877615065,85.58169800954313,0.7807764064044151,78.92433665937556,4.999999999999999,54.1066775329447,0.44114190914003737,0.25222955153301774,0.3066285393269449,-0.28350000381469725,-0.1306046034157612,18.443804249614445,False,False,80.60431117823877,80.48281300780468,0.42085889917110386,6.059532353949414,4.129695004583567,2.3760932748945893,0.16502923684337312,0.2421486329838149,0.016360330867811967,0.25803208561329427,0.12149817043409143,1.2,1.2,False,1.2,24.20800018310547,2022-04-07,24.20800018310547,,0.0,0,0.0,-0.018843824896743633,-0.022612589876092357,0.0,0.0,-0.022612589876092357,1.8135806205279512,-0.3577003910504583
2022-04-13,22.163848876953125,22.202999114990234,22.5,21.454999923706055,21.72800064086914,516943000,NVDA,35082000000.0,,0.78,,,,,,,,,,15.0,0.5,10.0,55.0396214582977,7.1163458701891775,21.81999969482422,0.01145357848867623,0.016090795518201473,0.0325055531217977,1.9728336965339848,40.0,906.9667626315885,95.0,41.248414942840476,41.248414942840476,False,83.42847130281137,83.68534469973837,81.95349008304211,85.41719931643462,0.7807764064044153,78.42847130281137,4.999999999999999,54.25542498471309,0.44114190914003737,0.25222955153301774,0.3066285393269449,-0.28350000381469725,-0.1306046034157612,18.443804249614445,False,False,86.07643825414935,86.16384151880769,0.42085889917110386,3.787933511293966,3.9913930561968853,2.3760932748945893,0.2639961860519558,0.25053909397558277,-0.49586535656418107,-0.512225687431993,-0.08740326465832936,1.2,1.2,False,1.2,24.20800018310547,2022-04-07,24.20800018310547,,0.0,0,0.0,0.0325055531217977,0.039006663746157244,0.0,0.0,0.039006663746157244,1.8843223499694322,-0.3326464261798753
2022-04-14,21.220516204833984,21.257999420166016,22.777000427246094,21.163000106811523,22.5049991607666,569097000,NVDA,35082000000.0,,0.78,,,,,,,,,,15.0,0.5,10.0,55.0396214582977,6.8134613526173124,22.700000762939453,-0.01245175846263713,-0.024286340139328177,-0.0425618039225254,1.965241932383681,40.0,893.9611343991166,95.0,41.708697574482834,41.708697574482834,False,82.90437228149536,83.38046228063,81.64860766393376,85.11231689732624,0.7807764064044151,77.90437228149536,4.999999999999999,54.396560775731146,0.44114190914003737,0.25222955153301774,0.3066285393269449,-0.28350000381469725,-0.1306046034157612,18.443804249614445,False,False,85.14871606923646,85.25383192372388,0.42085889917110386,3.787933511293966,3.8794737903595884,2.3760932748945893,0.2639961860519558,0.2577669173806456,-0.5240990213160188,-0.02823366475183775,-0.10511585448742836,1.2,1.2,False,1.2,24.20800018310547,2022-04-07,24.20800018310547,,0.0,0,0.0,-0.0425618039225254,-0.051074164707030474,0.0,0.0,-0.051074164707030474,1.7880821599059546,-0.3667309525269898
2022-04-18,21.744590759277344,21.783000946044922,22.08799934387207,21.07900047302246,21.200000762939453,525701000,NVDA,35082000000.0,,0.78,,,,,,,,,,15.0,0.5,10.0,55.0396214582977,6.9817310724502954,22.170000076293945,0.0004111392957082405,0.0032732933001700104,0.024696657267798905,1.9624578921811435,40.0,894.1298155843706,95.0,42.203853695316575,42.203853695316575,False,82.45390104795963,83.018743705851,81.28688908915476,84.75059832254723,0.7807764064044153,77.45390104795963,4.999999999999999,54.54838977380119,0.44114190914003737,0.25222955153301774,0.3066285393269449,-0.28350000381469725,-0.1306046034157612,18.443804249614445,False,False,84.29854183110261,84.34511718282408,0.42085889917110386,3.787933511293966,3.7803745411957874,2.3760932748945893,0.2639961860519558,0.26452405419164776,-0.4504712335357226,0.07362778778029622,-0.04657535172146595,1.2,1.2,False,1.2,24.20800018310547,2022-04-07,24.20800018310547,,0.0,0,0.0,0.024696657267798905,0.029635988721358683,0.0,0.0,0.029635988721358683,1.84107374262979,-0.3479633981784941
2022-04-19,22.158859252929688,22.197999954223633,22.37299919128418,21.31399917602539,21.719999313354492,512781000,NVDA,35082000000.0,,0.78,,,,,,,,,,15.0,0.5,10.0,55.0396214582977,7.114743575071677,21.3700008392334,0.01614267485104759,0.01876026275984133,0.019051507604789464,1.9521781757245669,40.0,889.8279914318097,95.0,42.953023981240136,42.953023981240136,False,82.22981604393117,82.7107556534576,80.97890103676136,84.44261027015384,0.7807764064044151,77.22981604393117,4.999999999999999,54.778106764281084,0.44114190914003737,0.25222955153301774,0.3066285393269449,-0.28350000381469725,-0.1306046034157612,18.443804249614445,False,False,83.59321582787578,83.59034912863733,0.42085889917110386,3.787933511293966,3.7226757162100186,2.3760932748945893,0.2639961860519558,0.26862398882760596,-0.22408500402846698,0.22638622950725562,0.002866699238456931,1.2,1.2,False,1.2,24.20800018310547,2022-04-07,24.20800018310547,,0.0,0,0.0,0.019051507604789464,0.022861809125747357,0.0,0.0,0.022861809125747357,1.8831640191202175,-0.33305666184465
2022-04-20,21.444122314453125,21.48200035095215,22.670000076293945,21.200000762939453,22.517000198364258,468974000,NVDA,35082000000.0,,0.78,,,,,,,,,,15.0,0.5,10.0,55.0396214582977,6.885256522741073,20.31999969482422,-0.0007415447679024467,-0.000934076495112901,-0.03225514031660548,1.955445090712467,40.0,873.6095427691101,95.0,43.33598012280943,43.33598012280943,False,81.80284781672285,82.35631914440151,80.62446452770527,84.08817376109775,0.7807764064044153,76.80284781672285,4.999999999999999,54.895532046596756,0.44114190914003737,0.25222955153301774,0.3066285393269449,-0.28350000381469725,-0.1306046034157612,18.443804249614445,False,False,82.74136955982175,82.72072699297269,0.42085889917110386,3.787933511293966,3.6675228263148845,2.3760932748945893,0.2639961860519558,0.2726636062971139,-0.4269682272083202,-0.2028832231798532,0.020642566849063543,1.2,1.2,False,1.2,24.20800018310547,2022-04-07,24.20800018310547,,0.0,0,0.0,-0.03225514031660548,-0.038706168379926575,0.0,0.0,-0.038706168379926575,1.8102739555091312,-0.35887148299116123
2022-04-21,20.14741325378418,20.183000564575195,22.392000198364258,20.0,21.708999633789062,656209000,NVDA,35082000000.0,,0.78,,,,,,,,,,15.0,0.5,10.0,55.0396214582977,6.468910437363845,22.68000030517578,-0.014953551807383003,-0.01696279185082461,-0.060469219120898976,1.9752996770324143,40.0,877.2122155904527,95.0,43.685949272050124,43.685949272050124,False,81.4606562783185,82.00666292743642,80.27480831074018,83.73851754413266,0.7807764064044151,76.4606562783185,4.999999999999999,55.00284257563793,0.44114190914003737,0.25222955153301774,0.3066285393269449,-0.28350000381469725,-0.1306046034157612,18.443804249614445,False,False,81.80345249878584,81.8444305537804,0.42085889917110386,3.787933511293966,3.603979218893831,2.3760932748945893,0.2639961860519558,0.2774710782896606,-0.3421915384043501,0.08477668880397005,-0.04097805499455944,1.2,1.2,False,1.2,20.183000564575195,2022-04-21,20.183000564575195,Trailing_Stop,-0.19952079914503382,14,0.0,-0.060469219120898976,-0.07256306294507876,0.0,0.0,-0.07256306294507876,1.6789149325276853,-0.4053937319267586
2022-04-22,19.480588912963867,19.514999389648438,20.486000061035156,19.5,20.30299949645996,624713000,NVDA,35082000000.0,,0.78,,,,,,,,,,15.0,0.5,10.0,55.0396214582977,6.254807496682191,28.209999084472656,-0.027439138658316153,-0.02798909784377346,-0.0330972182649204,1.9475888051463466,40.0,882.9049006157995,95.0,44.319181759015756,44.319181759015756,False,81.22185117282116,81.7002816767002,79.96842706000396,83.43213629339644,0.7807764064044153,76.22185117282116,4.999999999999999,55.19700972817057,0.44114190914003737,0.25222955153301774,0.3066285393269449,-0.28350000381469725,-0.1306046034157612,18.443804249614445,False,False,81.07136986143468,81.07362855461483,0.42085889917110386,3.787933511293966,3.4980265696967483,2.3760932748945893,0.2639961860519558,0.2858754729489354,-0.23880510549733458,0.10338643290701555,-0.00225869318014702,1.2,1.2,False,1.2,20.183000564575195,2022-04-21,20.183000564575195,,0.0,0,0.0,-0.0330972182649204,-0.03971666191790448,0.0,0.0,-0.03971666191790448,1.6122340357635618,-0.4290095080500904
2022-04-25,19.866907119750977,19.902000427246094,19.94499969482422,19.09600067138672,19.20199966430664,641566000,NVDA,35082000000.0,,0.78,,,,,,,,,,15.0,0.5,10.0,55.0396214582977,6.378846290784004,27.020000457763672,0.005797580441186945,0.015026515718269629,0.01983095309769456,1.9354887050490777,40.0,871.7394491565367,95.0,44.910182612127144,44.910182612127144,False,80.91894688342009,81.39525779065221,79.66340317395597,83.12711240734845,0.7807764064044151,75.91894688342009,4.999999999999999,55.378227456501094,0.44114190914003737,0.25222955153301774,0.3066285393269449,-0.28350000381469725,-0.1306046034157612,18.443804249614445,False,False,80.33934656443725,80.33345634141483,0.42085889917110386,3.787933511293966,3.399090762200219,2.3760932748945893,0.2639961860519558,0.29419632188718126,-0.30290428940107006,-0.06409918390373548,0.0058902230224236974,1.2,1.2,False,1.2,20.183000564575195,2022-04-21,20.183000564575195,,0.0,0,0.0,0.01983095309769456,0.02379714371723347,0.0,0.0,0.02379714371723347,1.6506006008184426,-0.4154215652519846
2022-04-26,18.754871368408203,18.788000106811523,19.788000106811523,18.670000076293945,19.718000411987305,653143000,NVDA,35082000000.0,,0.78,,,,,,,,,,15.0,0.5,10.0,55.0396214582977,6.021794906029334,33.52000045776367,-0.028960825603343676,-0.03725117787285348,-0.05597428884131117,1.9968474239723422,40.0,867.6979425722595,93.0647316775288,45.909782084916365,45.909782084916365,False,79.638046390755,80.7092631895999,78.97740857290364,82.44111780629615,0.7807764064044153,74.638046390755,4.999999999999999,55.19660132168146,0.44114190914003737,0.25222955153301774,0.3066285393269449,-0.28350000381469725,-0.1306046034157612,18.443804249614445,False,False,79.05075425072678,79.03264335236621,0.42085889917110386,3.787933511293966,3.3586736819097487,2.3760932748945893,0.2639961860519558,0.29773657541848425,-1.280900492665097,-0.977996203264027,0.01811089836058045,1.2,1.2,False,1.2,20.183000564575195,2022-04-21,20.183000564575195,,0.0,0,0.0,-0.05597428884131117,-0.0671691466095734,0.0,0.0,-0.0671691466095734,1.5397311670682188,-0.4546871998403689
2022-04-27,18.38252830505371,18.415000915527344,19.16699981689453,18.290000915527344,18.597999572753906,499460000,NVDA,35082000000.0,,0.78,,,,,,,,,,15.0,0.5,10.0,55.0396214582977,5.902243883181841,31.600000381469727,0.002811782968023202,0.014804691438970785,-0.01985305456480968,1.9356786520243079,40.0,860.0183498082827,85.1437900814041,48.990398354829786,48.990398354829786,False,75.65584746966152,78.73646930665936,77.00461468996312,80.4683239233556,0.7807764064044151,70.65584746966152,4.999999999999999,54.143310642242085,0.44114190914003737,0.25222955153301774,0.3066285393269449,-0.28350000381469725,-0.1306046034157612,18.443804249614445,False,False,76.06485138306375,76.08108204091815,0.42085889917110386,3.787933511293966,3.605620467511321,2.3760932748945893,0.2639961860519558,0.2773447757495736,-3.9821989210934703,-1.518727130426143,-0.016230657854388257,1.2,1.2,False,1.2,20.183000564575195,2022-04-21,20.183000564575195,,0.0,0,0.0,-0.01985305456480968,-0.023823665477771615,0.0,0.0,-0.023823665477771615,1.5030491268182866,-0.46767854957211896
2022-04-28,19.747116088867188,19.781999588012695,20.03700065612793,18.489999771118164,18.966999053955078,570327000,NVDA,35082000000.0,,0.78,,,,,,,,,,15.0,0.5,10.0,55.0396214582977,6.340384483337402,29.989999771118164,0.02525944549675363,0.04003106603004669,0.07423288647966952,1.9300171521175766,40.0,871.5008610022383,86.81928841840222,49.51894579570963,49.51894579570963,False,76.89664397299491,78.0182232004442,76.28636858374796,79.75007781714044,0.7807764064044153,71.89664397299491,4.999999999999999,54.72798856613941,0.44114190914003737,0.25222955153301774,0.3066285393269449,-0.28350000381469725,-0.1306046034157612,18.443804249614445,False,False,76.90687320693033,76.90009107182601,0.42085889917110386,3.787933511293966,3.8021698328037257,2.3760932748945893,0.2639961860519558,0.2630077150611125,1.2407965033333852,1.518727130426143,0.006782135104317604,1.2,1.2,False,1.2,20.183000564575195,2022-04-21,20.183000564575195,,0.0,0,0.0,0.07423288647966952,0.08907946377560343,0.0,0.0,0.08907946377560343,1.6369399370636484,-0.4202596402117519
2022-04-29,18.51429557800293,18.547000885009766,20.128000259399414,18.517000198364258,19.402000427246094,500435000,NVDA,35082000000.0,,0.78,,,,,,,,,,15.0,0.5,10.0,55.0396214582977,5.944551565708258,33.400001525878906,-0.03695565238965315,-0.04167519719479007,-0.062430428102490776,1.8994073577808999,40.0,848.9820998336716,68.14667332362221,51.804030267730546,51.804030267730546,False,60.53407799368781,71.19261916865207,69.46076455195583,72.92447378534831,0.7807764064044151,55.53407799368781,4.999999999999999,50.71887534872885,0.44114190914003737,0.25222955153301774,0.3066285393269449,-0.28350000381469725,-0.1306046034157612,18.443804249614445,False,False,58.41985596351433,58.41158504888177,0.42085889917110386,6.381892604428003,4.158392581612248,2.3760932748945893,0.15669332939043215,0.24047753557993568,-16.3625659793071,-1.518727130426143,0.008270914632561244,1.2,1.2,False,1.2,20.183000564575195,2022-04-21,20.183000564575195,,0.0,0,0.0,-0.062430428102490776,-0.07491651372298892,0.0,0.0,-0.07491651372298892,1.514306103804911,-0.4636917668315987
2022-05-02,19.498559951782227,19.533000946044922,19.573999404907227,18.391000747680664,18.541000366210938,572049000,NVDA,35082000000.0,,0.78,,,,,,,,,,15.0,0.5,10.0,55.0396214582977,6.260577226296449,32.34000015258789,0.0060194441415730715,0.015203006527442886,0.053162237234380516,1.9191420675471378,40.0,866.5897522283451,72.37852249296486,52.513668790415274,52.513668790415274,False,65.74139989154448,69.0645274698008,67.33267285310455,70.79638208649703,0.7807764064044153,60.74139989154448,4.999999999999999,52.003868190528465,0.44114190914003737,0.25222955153301774,0.3066285393269449,-0.28350000381469725,-0.1306046034157612,18.443804249614445,False,False,59.70206788143913,59.707195816151426,0.42085889917110386,7.730810868757242,4.501134356405313,2.3760932748945893,0.12935253713699427,0.2221662187392731,5.207321897856666,1.518727130426143,-0.005127934712298839,1.0,1.2,True,1.0,20.183000564575195,2022-04-21,20.183000564575195,,0.0,0,0.0,0.053162237234380516,0.06379468468125661,0.19999999999999996,9.999999999999998e-05,0.06369468468125661,1.610759353597667,-0.42953178302797557
2022-05-03,19.567434310913086,19.601999282836914,19.825000762939453,19.132999420166016,19.399999618530273,475751000,NVDA,35082000000.0,,0.78,,,,,,,,,,15.0,0.5,10.0,55.0396214582977,6.282692077832344,29.25,0.00458404228460374,0.001741310769981519,0.003532398169773465,1.9175336263080163,40.0,858.3829701222429,67.18142676891704,53.44172409707078,53.44172409707078,False,60.718402924897084,65.80629890501399,64.07444428831775,67.53815352171023,0.7807764064044151,55.718402924897084,4.999999999999999,50.97757530987212,0.44114190914003737,0.25222955153301774,0.3066285393269449,-0.28350000381469725,-0.1306046034157612,18.443804249614445,False,False,56.30546450355433,56.383704199815455,0.42085889917110386,9.375562121227915,4.832555234455671,2.3760932748945893,0.1066602713597113,0.2069298645300715,-5.022996966647391,-1.518727130426143,-0.07823969626112216,1.0,1.0,False,1.0,20.183000564575195,2022-04-21,20.183000564575195,,0.0,0,0.0,0.003532398169773465,0.003532398169773465,0.0,0.0,0.003532398169773465,1.6164491969902608,-0.42751666214242967
2022-05-04,20.298147201538086,20.333999633789062,20.399999618530273,18.750999450683594,19.92300033569336,648855000,NVDA,35082000000.0,,0.78,,,,,,,,,,15.0,0.5,10.0,55.0396214582977,6.517307574932391,25.420000076293945,0.030452933683378758,0.035113249449253425,0.03734314752235868,1.8837103655567502,40.0,866.6266902239456,70.80178630165618,53.83697536945839,53.83697536945839,False,64.9219747524962,65.46106918806426,63.72921457136801,67.19292380476051,0.7807764064044153,59.9219747524962,4.999999999999999,52.01193229152253,0.44114190914003737,0.25222955153301774,0.3066285393269449,-0.28350000381469725,-0.1306046034157612,18.443804249614445,False,False,57.44421353847813,57.565711708912225,0.42085889917110386,10.291628597165,5.0861820643563735,2.3760932748945893,0.0971663513270841,0.19661112939859815,4.203571827599113,1.518727130426143,-0.12149817043409143,1.0,1.0,False,1.0,20.183000564575195,2022-04-21,20.333999633789062,,0.0,0,0.0,0.03734314752235868,0.03734314752235868,0.0,0.0,0.03734314752235868,1.6768124978158663,-0.4061383324027221
2022-05-05,18.810773849487305,18.8439998626709,19.924999237060547,18.5,19.867000579833984,626331000,NVDA,35082000000.0,,0.78,,,,,,,,,,15.0,0.5,10.0,55.0396214582977,6.039743545727852,31.200000762939453,-0.03554281472701826,-0.048095577605709705,-0.07327627608698428,1.858475081350625,40.0,864.3549480750785,70.63093876657321,55.15944925126904,55.15944925126904,False,66.02426799854535,65.6809353597336,63.94908074303735,67.41278997642983,0.7807764064044151,61.024267998545355,4.999999999999999,52.37434772904567,0.44114190914003737,0.25222955153301774,0.3066285393269449,-0.28350000381469725,-0.1306046034157612,18.443804249614445,False,False,58.09121702332693,57.96971885289283,0.42085889917110386,10.979798179190087,5.332740571793269,2.3760932748945893,0.09107635529178405,0.18752084158928525,1.1022932460491575,-1.518727130426143,0.12149817043409143,1.0,1.0,False,1.0,20.183000564575195,2022-04-21,20.333999633789062,,0.0,0,0.0,-0.07327627608698428,-0.07327627608698428,0.0,0.0,-0.07327627608698428,1.5539419222798052,-0.4496543039150571
2022-05-06,18.64206886291504,18.674999237060547,19.511999130249023,17.989999771118164,18.736000061035156,633297000,NVDA,35082000000.0,,0.78,,,,,,,,,,15.0,0.5,10.0,55.0396214582977,5.985576678545047,30.190000534057617,-0.0059689259207744705,-0.008044593434747727,-0.00896840516036801,1.837660722560056,40.0,856.9364918712886,62.12945189601274,58.738512375279726,58.738512375279726,False,60.86876386712909,63.802320377234835,62.07046576053859,65.53417499393109,0.7807764064044153,55.86876386712909,4.999999999999999,51.32746440619469,0.44114190914003737,0.25222955153301774,0.3066285393269449,-0.28350000381469725,-0.1306046034157612,18.443804249614445,False,False,56.61190713596956,56.733405306403654,0.42085889917110386,12.220888359727173,5.812681094950869,2.3760932748945893,0.08182711195492212,0.1720376507268979,-5.155504131416265,-1.518727130426143,-0.12149817043409143,1.0,1.0,False,1.0,20.183000564575195,2022-04-21,20.333999633789062,,0.0,0,0.0,-0.00896840516036801,-0.00896840516036801,0.0,0.0,-0.00896840516036801,1.5400055415251188,-0.45459002709581164
2022-05-09,16.920108795166016,16.950000762939453,18.2549991607666,16.82699966430664,18.034000396728516,644455000,NVDA,35082000000.0,,0.78,,,,,,,,,,15.0,0.5,10.0,55.0396214582977,5.432692552224183,34.75,-0.03201726802014637,-0.0386995956317987,-0.09236939997822502,1.8757148437940738,40.0,892.9989941007442,74.38768333120726,61.802919821664354,61.802919821664354,False,76.5928685056092,68.79559947904227,67.06374486234603,70.5274540957385,0.7807764064044151,71.5928685056092,4.999999999999999,55.358987402869275,0.44114190914003737,0.25222955153301774,0.3066285393269449,-0.28350000381469725,-0.1306046034157612,18.443804249614445,False,False,62.5136112950281,62.392113124594005,0.42085889917110386,12.296613280514586,6.441146263497862,2.3760932748945893,0.08132320478717635,0.15525186963491658,15.724104638480114,1.518727130426143,0.12149817043409143,1.0,1.0,False,1.0,16.950000762939453,2022-05-09,16.950000762939453,Trailing_Stop,-0.16018429922210078,18,0.0,-0.09236939997822502,-0.09236939997822502,0.0,0.0,-0.09236939997822502,1.3977561536913021,-0.5049692190351115
2022-05-10,17.563974380493164,17.594999313354492,18.197999954223633,17.024999618530273,17.68899917602539,761474000,NVDA,35082000000.0,,0.78,,,,,,,,,,15.0,0.5,10.0,55.0396214582977,5.639422856844388,32.9900016784668,0.0023105278627999493,0.015244560676070495,0.03805301011108542,1.8679327717843723,40.0,881.7243796872945,81.12672618265483,63.39062217868684,63.39062217868684,False,82.0535808753122,73.97135901442039,72.23950439772415,75.70321363111663,0.7807764064044153,77.0535808753122,4.999999999999999,57.54560801367143,0.44114190914003737,0.25222955153301774,0.3066285393269449,-0.28350000381469725,-0.1306046034157612,18.443804249614445,False,False,64.78542496196934,64.90692313240343,0.42085889917110386,12.094486493919673,7.0327641473364615,2.3760932748945893,0.08268230325468845,0.1421916019149786,5.460712369703003,-1.518727130426143,-0.12149817043409143,1.0,1.0,False,1.0,16.950000762939453,2022-05-09,17.594999313354492,,0.0,0,0.0,0.03805301011108542,0.03805301011108542,0.0,0.0,0.03805301011108542,1.4509449827405492,-0.48613180772175607
2022-05-11,16.60067367553711,16.6299991607666,17.753000259399414,16.56800079345703,17.347000122070312,670167000,NVDA,35082000000.0,,0.78,,,,,,,,,,15.0,0.5,10.0,55.0396214582977,5.330127936143142,32.560001373291016,-0.015886131940332726,-0.031562079991244496,-0.054845137268943356,1.8621010712660375,40.0,881.3330159847699,85.2773827728385,65.27951824645515,65.27951824645515,False,84.72005336485827,78.16752248865755,76.43566787196131,79.89937710535379,0.7807764064044151,79.72005336485827,4.999999999999999,59.17171570618123,0.44114190914003737,0.25222955153301774,0.3066285393269449,-0.28350000381469725,-0.1306046034157612,18.443804249614445,False,False,66.6737156917986,66.55221752136451,0.42085889917110386,11.836124017159916,7.630566677069412,2.3760932748945893,0.08448711745079793,0.13105186578148859,2.6664724895460665,-1.518727130426143,0.12149817043409143,1.0,1.0,False,1.0,16.950000762939453,2022-05-09,17.594999313354492,,0.0,0,0.0,-0.054845137268943356,-0.054845137268943356,0.0,0.0,-0.054845137268943356,1.3713677059924592,-0.5143149792654
2022-05-12,16.146480560302734,16.174999237060547,16.788000106811523,15.567000389099121,16.2189998626709,708728000,NVDA,35082000000.0,,0.78,,,,,,,,,,15.0,0.5,10.0,55.0396214582977,5.184294627262996,31.770000457763672,-0.0010439303936584654,-0.01031156940308453,-0.02736018921633432,1.8196314395910533,40.0,872.8134996618433,83.82953672920586,70.97432005402415,70.97432005402415,False,86.29565026374826,81.34064768617317,79.60879306947692,83.07250230286942,0.7807764064044153,81.29565026374826,4.999999999999999,60.552714907918244,0.44114190914003737,0.25222955153301774,0.3066285393269449,-0.28350000381469725,-0.1306046034157612,18.443804249614445,False,False,67.46774629582809,67.58924446626219,0.42085889917110386,11.542417216164614,8.618555718853107,2.3760932748945893,0.08663696531429715,0.11602872135669995,1.5755968988899838,-1.0908755906560827,-0.12149817043409143,1.0,1.0,False,1.0,16.950000762939453,2022-05-09,17.594999313354492,,0.0,0,0.0,-0.02736018921633432,-0.02736018921633432,0.0,0.0,-0.02736018921633432,1.3338468260713352,-0.527603413332238
2022-05-13,17.674779891967773,17.70599937438965,17.92799949645996,16.593000411987305,16.788000106811523,670437000,NVDA,35082000000.0,,0.78,,,,,,,,,,15.0,0.5,10.0,55.0396214582977,5.674999799483862,28.8700008392334,0.02390784770955201,0.0332344279764647,0.09465225406757583,1.862034976710403,40.0,879.4651252775808,85.93581772614266,71.33501931940573,71.33501931940573,False,86.58795727402128,83.38913544781892,81.65728083112268,85.12099006451515,0.7807764064044151,81.58795727402128,4.999999999999999,61.19458190805838,0.44114190914003737,0.25222955153301774,0.3066285393269449,-0.28350000381469725,-0.1306046034157612,18.443804249614445,False,False,67.46152728973935,67.58302546017345,0.42085889917110386,11.23246163182946,9.323758865449545,2.3760932748945893,0.08902768002040594,0.10725288099262582,0.29230701027302075,-1.283289888616963,-0.12149817043409143,1.0,1.0,False,1.0,16.950000762939453,2022-05-09,17.70599937438965,,0.0,0,0.0,0.09465225406757583,0.09465225406757583,0.0,0.0,0.09465225406757583,1.4600984347398689,-0.48289001159030537
2022-05-16,17.233558654785156,17.263999938964844,17.788000106811523,17.106000900268555,17.509000778198242,521446000,NVDA,35082000000.0,,0.78,,,,,,,,,,15.0,0.5,10.0,55.0396214582977,5.533333313770783,27.469999313354492,-0.004057564666582247,-0.008832599314376521,-0.024963258276407885,1.8461170518229182,40.0,865.4242187708562,75.88480536768925,73.02519782598237,73.02519782598237,False,82.3819303626918,82.99593446438001,81.26407984768377,84.72778908107625,0.7807764064044153,77.3819303626918,4.999999999999999,59.177676535106265,0.44114190914003737,0.25222955153301774,0.3066285393269449,-0.28350000381469725,-0.1306046034157612,18.443804249614445,False,False,64.08586379208562,63.964365621651524,0.42085889917110386,10.953341349173309,9.936699287246807,2.3760932748945893,0.09129634219566013,0.10063703963381922,-4.206026911329474,-1.518727130426143,0.12149817043409143,1.0,1.0,False,1.0,16.950000762939453,2022-05-09,17.70599937438965,,0.0,0,0.0,-0.024963258276407885,-0.024963258276407885,0.0,0.0,-0.024963258276407885,1.4236496204044786,-0.49579876178828686
2022-05-17,18.14494514465332,18.177000045776367,18.371000289916992,17.634000778198242,18.073999404907227,585830000,NVDA,35082000000.0,,0.78,,,,,,,,,,15.0,0.5,10.0,55.0396214582977,5.8259615531334505,26.100000381469727,0.020570399314302268,0.028961783680552244,0.05288462175853481,1.842236330299014,40.0,879.1425711425904,79.9038203331631,72.86620603707107,72.86620603707107,False,83.92992554012326,83.36055356224632,81.62869894555008,85.09240817894256,0.7807764064044151,78.92992554012326,4.999999999999999,60.14263945745336,0.44114190914003737,0.25222955153301774,0.3066285393269449,-0.28350000381469725,-0.1306046034157612,18.443804249614445,False,False,64.87660232319412,64.99810049362821,0.42085889917110386,10.51345848501363,10.312315999876413,2.3760932748945893,0.09511617907898208,0.09697142717620216,1.54799517743146,1.518727130426143,-0.12149817043409143,1.0,1.0,False,1.0,16.950000762939453,2022-05-09,18.177000045776367,,0.0,0,0.0,0.05288462175853481,0.05288462175853481,0.0,0.0,0.05288462175853481,1.4989387920962511,-0.4691342700152755
2022-05-18,16.90813446044922,16.937999725341797,18.118000030517578,16.86400032043457,17.704999923706055,545161000,NVDA,35082000000.0,,0.78,,,,,,,,,,15.0,0.5,10.0,55.0396214582977,5.428846065814678,30.959999084472656,-0.04031157346543268,-0.04575632541570729,-0.06816308066866439,1.820707196679058,40.0,875.4631903948141,79.90962973871122,73.01854982466455,73.01854982466455,False,83.3388362945714,83.35207539714024,81.62022078044399,85.0839300138365,0.7807764064044153,78.3388362945714,4.999999999999999,60.19081771427476,0.44114190914003737,0.25222955153301774,0.3066285393269449,-0.28350000381469725,-0.1306046034157612,18.443804249614445,False,False,64.76745724525927,64.88895541569336,0.42085889917110386,9.9945084213736,10.491530660040858,2.3760932748945893,0.10005494596027009,0.09531497666100378,-0.5910892455518706,-1.518727130426143,-0.12149817043409143,1.0,1.0,False,1.0,16.950000762939453,2022-05-09,18.177000045776367,,0.0,0,0.0,-0.06816308066866439,-0.06816308066866439,0.0,0.0,-0.06816308066866439,1.396766506293204,-0.5053197135924536
2022-05-19,17.09380531311035,17.124000549316406,17.687000274658203,16.733999252319336,16.937000274658203,621310000,NVDA,35082000000.0,,0.78,,,,,,,,,,15.0,0.5,10.0,55.0396214582977,5.488461714524489,29.350000381469727,-0.006124621002910446,-0.01096654768458094,0.01098127447105357,1.8140103499653943,40.0,867.2059499356287,71.33549481814448,73.49530886373363,73.49530886373363,False,77.3096239440684,80.99317363143896,79.26131901474272,82.7250282481352,0.7807764064044151,72.3096239440684,4.999999999999999,58.17435543623729,0.44114190914003737,0.25222955153301774,0.3066285393269449,-0.28350000381469725,-0.1306046034157612,18.443804249614445,False,False,60.779090515500975,60.866360562753464,0.42085889917110386,9.563798093191192,10.509361340272513,2.3760932748945893,0.10456096942405503,0.09515326075695381,-6.029212350502988,-1.518727130426143,-0.08727004725248662,1.0,1.0,False,1.0,16.950000762939453,2022-05-09,18.177000045776367,,0.0,0,0.0,0.01098127447105357,0.01098127447105357,0.0,0.0,0.01098127447105357,1.4121047826707842,-0.499887493591993
2022-05-20,16.66456413269043,16.694000244140625,17.40999984741211,15.755000114440918,17.332000732421875,739105000,NVDA,35082000000.0,,0.78,,,,,,,,,,15.0,0.5,10.0,55.0396214582977,5.350641103891226,29.43000030517578,0.0004365363104414932,0.002217582600430257,-0.02511097240025184,1.8107959711709207,40.0,863.7548625026785,61.07813207969059,75.334649183375,75.334649183375,False,69.47277038510536,76.49574410793791,74.76388949124166,78.22759872463416,0.7807764064044153,64.47277038510536,4.999999999999999,56.151139668342374,0.44114190914003737,0.25222955153301774,0.3066285393269449,-0.28350000381469725,-0.1306046034157612,18.443804249614445,False,False,55.53391885710386,55.63658204819322,0.42085889917110386,9.620986621757803,10.483701461390881,2.3760932748945893,0.10393944397952971,0.0953861576164464,-7.836853558963043,-1.518727130426143,-0.10266319108935705,1.0,1.0,False,1.0,16.950000762939453,2022-05-09,18.177000045776367,,0.0,0,0.0,-0.02511097240025184,-0.02511097240025184,0.0,0.0,-0.02511097240025184,1.3766454584468746,-0.5124458049374253
2022-05-23,16.86820411682129,16.898000717163086,16.915000915527344,16.179000854492188,16.27400016784668,639889000,NVDA,35082000000.0,,0.78,,,,,,,,,,15.0,0.5,10.0,55.0396214582977,5.416025870885604,28.479999542236328,0.01871007995678986,0.02296665513273255,0.012219987422970258,1.790946859291201,40.0,855.5706933864229,46.35095720757539,76.5529799473358,76.5529799473358,False,53.14798811215237,67.38105559593963,65.64920097924339,69.11291021263587,0.7807764064044151,48.14798811215237,4.999999999999999,52.81008593757081,0.44114190914003737,0.25222955153301774,0.3066285393269449,-0.28350000381469725,-0.1306046034157612,18.443804249614445,False,False,47.35888849068087,47.48038666111496,0.42085889917110386,11.012465479200332,10.351527171472034,2.3760932748945893,0.09080618703311612,0.0966041032820663,-16.324782272952994,-1.518727130426143,-0.12149817043409143,1.0,1.0,False,1.0,16.950000762939453,2022-05-09,18.177000045776367,,0.0,0,0.0,0.012219987422970258,0.012219987422970258,0.0,0.0,0.012219987422970258,1.3934680486349844,-0.5064878988057443
2022-05-24,16.12551498413086,16.15399932861328,16.597000122070312,15.779999732971191,16.510000228881836,588550000,NVDA,35082000000.0,,0.78,,,,,,,,,,15.0,0.5,10.0,55.0396214582977,5.177563887376052,29.450000762939453,-0.007633776773134482,-0.014843032628108044,-0.044028959461111405,1.7972910794880392,40.0,852.876790095388,34.69838886876653,78.37987726742043,78.37987726742043,False,39.16710289859357,56.366661297190625,54.63480668049438,58.09851591388687,0.7807764064044153,34.16710289859357,4.999999999999999,50.431142708023074,0.44114190914003737,0.25222955153301774,0.3066285393269449,-0.28350000381469725,-0.1306046034157612,18.443804249614445,False,False,43.03684129251071,42.915343122076614,0.42085889917110386,13.454507839107594,10.182351775338935,2.3760932748945893,0.07432453211654062,0.09820913891640848,-13.9808852135588,1.518727130426143,0.12149817043409143,1.0,1.0,False,1.0,16.950000762939453,2022-05-09,18.177000045776367,,0.0,0,0.0,-0.044028959461111405,-0.044028959461111405,0.0,0.0,-0.044028959461111405,1.3321151004112806,-0.5282167231027941
2022-05-25,16.945064544677734,16.975000381469727,17.111000061035156,16.0,16.020000457763672,781132000,NVDA,35082000000.0,,0.78,,,,,,,,,,15.0,0.5,10.0,55.0396214582977,5.4407052504710665,28.3700008392334,0.008834904007038569,0.011659549248815404,0.05082339278064851,1.8112624602272993,40.0,850.5490867105451,25.703884303224513,78.55929039594947,78.55929039594947,False,27.50892680618424,45.10094218076027,43.369087564064024,46.83279679745652,0.7807764064044151,22.50892680618424,4.999999999999999,48.21747604073167,0.44114190914003737,0.25222955153301774,0.3066285393269449,-0.28350000381469725,-0.1306046034157612,18.443804249614445,False,False,39.882749508161126,40.00424767859522,0.42085889917110386,16.62418040856458,10.038070545578494,2.3760932748945893,0.06015334142336496,0.09962073841376555,-11.658176092409331,1.518727130426143,-0.12149817043409143,1.0,1.0,False,1.0,16.950000762939453,2022-05-09,18.177000045776367,,0.0,0,0.0,0.05082339278064851,0.05082339278064851,0.0,0.0,0.05082339278064851,1.399817709388516,-0.504239096313706
2022-05-26,17.819520950317383,17.85099983215332,18.091999053955078,16.02199935913086,16.035999298095703,996575000,NVDA,35082000000.0,,0.78,,,,,,,,,,15.0,0.5,10.0,55.0396214582977,5.721474305177346,27.5,0.01998138394687965,0.024023400921785232,0.05160526839456536,1.8237988054224172,40.0,854.3280086868106,20.903361074312613,78.25144926974893,78.25144926974893,False,22.962722483831982,36.458442371180716,34.72658775448447,38.19029698787696,0.7807764064044153,17.962722483831982,4.999999999999999,46.912249344707746,0.44114190914003737,0.25222955153301774,0.3066285393269449,-0.28350000381469725,-0.1306046034157612,18.443804249614445,False,False,38.836738948602616,38.95823711903671,0.42085889917110386,19.26621948794788,9.687798477001241,2.3760932748945893,0.05190431888443694,0.1032226261078812,-4.546204322352256,1.518727130426143,-0.12149817043409143,1.0,1.0,False,1.0,16.950000762939453,2022-05-09,18.177000045776367,,0.0,0,0.0,0.05160526839456536,0.05160526839456536,0.0,0.0,0.05160526839456536,1.472055677984976,-0.4786552218194425
2022-05-27,18.777833938598633,18.81100082397461,18.881000518798828,18.100000381469727,18.18600082397461,738379000,NVDA,35082000000.0,,0.78,,,,,,,,,,15.0,0.5,10.0,55.0396214582977,6.029166930761092,25.719999313354492,0.02454914082298898,0.033837643943973816,0.053778555870698685,1.8167370625859511,40.0,874.0678166721465,36.70192504687753,77.16431434883035,77.16431434883035,False,35.39980267414718,36.045161922017265,34.31330730532102,37.77701653871351,0.7807764064044151,30.399802674147182,4.999999999999999,50.56376745752091,0.44114190914003737,0.25222955153301774,0.3066285393269449,-0.28350000381469725,-0.1306046034157612,18.443804249614445,False,False,43.8139751504754,43.935473320909495,0.42085889917110386,20.325409490526592,9.259799815758814,2.3760932748945893,0.0491995007759173,0.10799369531705723,12.4370801903152,1.518727130426143,-0.12149817043409143,1.0,1.0,False,1.0,16.950000762939453,2022-05-09,18.81100082397461,,0.0,0,0.0,0.053778555870698685,0.053778555870698685,0.0,0.0,0.053778555870698685,1.5512207065082704,-0.45061805253816234
2022-05-31,18.639076232910156,18.672000885009766,19.200000762939453,18.350000381469727,18.979999542236328,664100000,NVDA,35082000000.0,,0.78,,,,,,,,,,15.0,0.5,10.0,55.0396214582977,5.984615668272361,26.190000534057617,-0.005610983564631744,-0.007139896208742336,-0.007389289930160858,1.8154460178176248,40.0,863.1575790007148,33.07517529279963,76.975337588317,76.975337588317,False,30.510904724637207,33.88465319867318,32.15279858197693,35.616507815369424,0.7807764064044153,25.510904724637207,4.999999999999999,49.591048325484415,0.44114190914003737,0.25222955153301774,0.3066285393269449,-0.28350000381469725,-0.1306046034157612,18.443804249614445,False,False,43.10208027344654,43.22357844388063,0.42085889917110386,21.376820828276422,8.682444890665773,2.3760932748945893,0.04677964080969604,0.11517493201426121,-4.888897949509975,-1.518727130426143,-0.12149817043409143,0.25,1.0,True,0.25,16.950000762939453,2022-05-09,18.81100082397461,,0.0,0,0.0,-0.007389289930160858,-0.007389289930160858,0.75,0.000375,-0.007764289930160859,1.5391765791972711,-0.45488361326065246
2022-06-01,18.28769874572754,18.31999969482422,19.05299949645996,18.121999740600586,18.724000930786133,544514000,NVDA,35082000000.0,,0.78,,,,,,,,,,15.0,0.5,10.0,55.0396214582977,5.8717947739821215,25.690000534057617,-0.008088529283735268,-0.0029903750663667905,-0.01885181948915504,1.8145393425497118,40.0,854.03571411927,24.3712739628695,77.69453904735211,77.69453904735211,False,24.19960650539146,30.103725222153447,28.3718706054572,31.835579838849693,0.7807764064044151,19.19960650539146,4.999999999999999,47.616194889314244,0.44114190914003737,0.25222955153301774,0.3066285393269449,-0.28350000381469725,-0.1306046034157612,18.443804249614445,False,False,42.652972062635676,42.53147389220158,0.42085889917110386,22.952065044884197,8.006734743840175,2.3760932748945893,0.043569064397666946,0.12489485814043365,-6.311298219245746,-1.4224002697357712,0.12149817043409143,0.25,0.25,False,0.25,16.950000762939453,2022-05-09,18.81100082397461,,0.0,0,0.0,-0.01885181948915504,-0.00471295487228876,0.0,0.0,-0.00471295487228876,1.5319225094390307,-0.45745272219150007
2022-06-02,19.557451248168945,19.591999053955078,19.618999481201172,18.197999954223633,18.29199981689453,648656000,NVDA,35082000000.0,,0.78,,,,,,,,,,15.0,0.5,10.0,55.0396214582977,6.2794868762676535,24.719999313354492,0.019043478552421167,0.024209093902739065,0.06943228058514794,1.8378699682263202,40.0,851.8099149388053,17.720173910113306,77.54640306089715,77.54640306089715,False,21.30567881005048,26.66907169164294,24.937217074946695,28.400926308339187,0.7807764064044153,16.30567881005048,4.999999999999999,45.89316818465788,0.44114190914003737,0.25222955153301774,0.3066285393269449,-0.28350000381469725,-0.1306046034157612,18.443804249614445,False,False,43.39434831206742,43.27285014163333,0.42085889917110386,24.666827698616416,7.099243904308751,2.3760932748945893,0.040540275880553985,0.14086007094263503,-2.893927695340981,1.518727130426143,0.12149817043409143,0.25,0.25,False,0.25,16.950000762939453,2022-05-09,19.591999053955078,,0.0,0,0.0,0.06943228058514794,0.017358070146286986,0.0,0.0,0.017358070146286986,1.5585137278165495,-0.4480351484856231
2022-06-03,18.68699073791504,18.719999313354492,19.332000732421875,18.52199935913086,19.082000732421875,598779000,NVDA,35082000000.0,,0.78,,,,,,,,,,15.0,0.5,10.0,55.0396214582977,5.999999779921311,24.790000915527344,-0.016411523666384986,-0.02391572109588791,-0.04450795134274743,1.8402943440860382,40.0,847.7542864967284,12.51414909058211,77.15892686767862,77.15892686767862,False,20.09371919134194,24.10213164362929,22.370277026933042,25.833986260325535,0.7807764064044151,15.09371919134194,4.999999999999999,44.4612436200072,0.44114190914003737,0.25222955153301774,0.3066285393269449,-0.28350000381469725,-0.1306046034157612,18.443804249614445,False,False,46.19943424943771,46.077936079003614,0.42085889917110386,26.40630919967724,6.00963913897738,2.3760932748945893,0.037869737585751774,0.16639934226902073,-1.2119596187085406,1.518727130426143,0.12149817043409143,0.25,0.25,False,0.25,16.950000762939453,2022-05-09,19.591999053955078,,0.0,0,0.0,-0.04450795134274743,-0.011126987835686858,0.0,0.0,-0.011126987835686858,1.5411721645253837,-0.45417685467415025
2022-06-06,18.752872467041016,18.785999298095703,19.336999893188477,18.56399917602539,19.138999938964844,422406000,NVDA,35082000000.0,,0.78,,,,,,,,,,15.0,0.5,10.0,55.0396214582977,6.02115362118452,25.06999969482422,0.003044770239154948,7.139443134329682e-05,0.0035256403398544744,1.8504010000307862,40.0,839.4605392674656,8.488086342448629,75.83933089875583,75.83933089875583,False,19.422024825613498,22.2750731521497,20.543218535453455,24.006927768845948,0.7807764064044153,14.422024825613498,4.999999999999999,43.041125834149184,0.44114190914003737,0.25222955153301774,0.3066285393269449,-0.28350000381469725,-0.1306046034157612,18.443804249614445,False,False,49.113771337230546,48.99227316679645,0.42085889917110386,28.264549292134284,5.028599370946105,2.3760932748945893,0.035380008705049086,0.1988625313397864,-0.6716943657284418,0.5402652529800989,0.12149817043409143,0.25,0.25,False,0.25,16.950000762939453,2022-05-09,19.591999053955078,,0.0,0,0.0,0.0035256403398544744,0.0008814100849636186,0.0,0.0,0.0008814100849636186,1.5425305692138618,-0.45369576064925343
2022-06-07,18.89263153076172,18.926000595092773,19.0,18.187999725341797,18.472000122070312,388914000,NVDA,35082000000.0,,0.78,,,,,,,,,,15.0,0.5,10.0,55.0396214582977,6.066025831760504,24.020000457763672,0.009592223238758413,0.011928558349609375,0.007452427458104927,1.8503228358759738,40.0,829.7764813173932,5.677405647807729,74.68506119716346,74.68506119716346,False,19.34847817993883,21.132564999447684,19.400710382751438,22.86441961614393,0.7807764064044151,14.34847817993883,4.999999999999999,41.978257070448784,0.44114190914003737,0.25222955153301774,0.3066285393269449,-0.28350000381469725,-0.1306046034157612,18.443804249614445,False,False,52.842376803561976,52.96387497399607,0.42085889917110386,29.541948700533982,4.172284383122316,2.3760932748945893,0.03385017048594105,0.23967685521274393,-0.07354664567466784,0.5981477200537739,-0.12149817043409143,0.25,0.25,False,0.25,16.950000762939453,2022-05-09,19.591999053955078,,0.0,0,0.0,0.007452427458104927,0.0018631068645262316,0.0,0.0,0.0018631068645262316,1.5454044685061057,-0.45267793747079926
2022-06-08,18.61905860900879,18.648000717163086,19.18000030517578,18.53499984741211,18.798999786376953,363252000,NVDA,35082000000.0,,0.78,,,,,,,,,,15.0,0.5,10.0,55.0396214582977,5.97692330678304,23.959999084472656,-0.010872153557139663,-0.01129378743139764,-0.014688780999075335,1.8479472760529132,40.0,822.2850161629743,5.0,74.31430707702633,74.31430707702633,False,20.02498419135999,20.70017851787708,18.968323901180835,22.432033134573327,0.7807764064044153,15.02498419135999,4.999999999999999,41.69371155338921,0.44114190914003737,0.25222955153301774,0.3066285393269449,-0.28350000381469725,-0.1306046034157612,18.443804249614445,False,False,61.44050169573477,61.55429371731363,0.42085889917110386,30.02059947679302,3.2775358133999104,2.3760932748945893,0.03331046073124007,0.30510726867166177,0.6765060114211607,0.7500526570958286,-0.1137920215788617,0.25,0.25,False,0.25,16.950000762939453,2022-05-09,19.591999053955078,,0.0,0,0.0,-0.014688780999075335,-0.0036721952497688337,0.0,0.0,-0.0036721952497688337,1.5397294415578862,-0.45468781094891264
2022-06-09,18.019981384277344,18.04800033569336,18.933000564575195,18.041000366210938,18.481000900268555,395574000,NVDA,35082000000.0,,0.78,,,,,,,,,,15.0,0.5,10.0,55.0396214582977,5.78461549220941,26.09000015258789,-0.023782886898168987,-0.026700973067753986,-0.03217505139398147,1.812010813238488,40.0,822.0243653903884,5.0,74.0049355978553,74.0049355978553,False,20.89188987386205,20.775020369673513,19.043165752977266,22.50687498636976,0.7807764064044151,15.891889873862048,4.999999999999999,41.59884942862158,0.44114190914003737,0.25222955153301774,0.3066285393269449,-0.28350000381469725,-0.1306046034157612,18.443804249614445,False,False,61.36962306608433,61.248124895650236,0.42085889917110386,29.676962299938495,3.192701630657041,2.3760932748945893,0.03369617112065652,0.3132143606523624,0.8669056825020576,0.19039967108089684,0.12149817043409143,0.25,0.25,False,0.25,16.950000762939453,2022-05-09,19.591999053955078,,0.0,0,0.0,-0.03217505139398147,-0.008043762848495367,0.0,0.0,-0.008043762848495367,1.5273442230791483,-0.45907417287603347
2022-06-10,16.947650909423828,16.974000930786133,17.69700050354004,16.868999481201172,17.600000381469727,465248000,NVDA,35082000000.0,,0.78,,,,,,,,,,15.0,0.5,10.0,55.0396214582977,5.440384913713504,27.75,-0.028995652096570734,-0.03843618735997434,-0.059507944643772404,1.7872674778102735,40.0,844.8472313714141,5.0,77.82020043442155,77.82020043442155,False,23.40240629149921,21.800720838813824,20.068866222117578,23.53257545551007,0.7807764064044153,18.40240629149921,4.999999999999999,42.76871851260334,0.44114190914003737,0.25222955153301774,0.3066285393269449,-0.28350000381469725,-0.1306046034157612,18.443804249614445,False,False,68.74547690019455,68.62397872976045,0.42085889917110386,28.871762333530597,3.192701630657041,2.3760932748945893,0.03463591825285417,0.3132143606523624,2.510516417637163,1.518727130426143,0.12149817043409143,0.25,0.25,False,0.25,16.950000762939453,2022-05-09,19.591999053955078,,0.0,0,0.0,-0.059507944643772404,-0.014876986160943101,0.0,0.0,-0.014876986160943101,1.5046219442094033,-0.46712151892025344
2022-06-13,15.622711181640625,15.647000312805176,16.312000274658203,15.605999946594238,16.0,604153000,NVDA,35082000000.0,,0.78,,,,,,,,,,15.0,0.5,10.0,55.0396214582977,5.015064202822171,34.02000045776367,-0.03796815868765324,-0.044320678319482165,-0.07817842260006869,1.7841003399093756,40.0,884.2716196039174,31.21467385629157,86.56711476029254,86.56711476029254,False,53.18308502793212,34.05202560684102,32.320170990144774,35.78388022353727,0.7807764064044151,48.18308502793212,4.999999999999999,52.062887506319846,0.44114190914003737,0.25222955153301774,0.3066285393269449,-0.28350000381469725,-0.1306046034157612,18.443804249614445,False,False,82.99477968794919,82.95155846771078,0.42085889917110386,26.458558598722057,3.192701630657041,2.3760932748945893,0.03779495380554479,0.3132143606523624,29.78067873643291,1.518727130426143,0.04322122023840791,0.25,0.25,False,0.25,15.647000312805176,2022-06-13,15.647000312805176,Trailing_Stop,-0.01921829485965628,35,0.0,-0.07817842260006869,-0.01954460565001717,0.0,0.0,-0.01954460565001717,1.4752147016574684,-0.47753641869233726
2022-06-14,15.811419486999512,15.836000442504883,16.06599998474121,15.411999702453613,15.730999946594238,469680000,NVDA,35082000000.0,,0.78,,,,,,,,,,15.0,0.5,10.0,55.0396214582977,5.075641167469514,32.689998626708984,-0.003013346354166613,0.0063058822096500045,0.012079000825802488,1.759132526690543,40.0,871.5724313897936,36.34874565653648,99.82400815296015,99.82400815296015,False,74.4880616326339,49.83777705557004,48.10592243887379,51.56963167226628,0.7807764064044153,69.4880616326339,4.999999999999999,57.42279399104063,0.44114190914003737,0.25222955153301774,0.3066285393269449,-0.28350000381469725,-0.1306046034157612,18.443804249614445,False,False,74.78879269553556,74.74094087793127,0.42085889917110386,24.57660046811403,5.9739534106658345,2.3760932748945893,0.040689110005161684,0.16739333758690023,21.30497660470178,-1.518727130426143,0.04785181760430191,0.25,0.25,False,0.25,15.647000312805176,2022-06-13,15.836000442504883,,0.0,0,0.0,0.012079000825802488,0.003019750206450622,0.0,0.0,0.003019750206450622,1.4796694815573574,-0.4759587091848205
2022-06-15,16.501344680786133,16.527000427246094,16.868000030517578,15.925999641418457,16.094999313354492,563936000,NVDA,35082000000.0,,0.78,,,,,,,,,,15.0,0.5,10.0,55.0396214582977,5.297115521553235,29.6200008392334,0.014256338190961504,0.021099357810373975,0.0436347540687434,1.7662545894511874,40.0,866.7846176961338,33.18906494599347,100.0,100.0,False,71.43666413159072,58.269727772345135,56.53787315564889,60.00158238904138,0.7807764064044151,66.43666413159072,4.999999999999999,56.67979326542412,0.44114190914003737,0.25222955153301774,0.3066285393269449,-0.28350000381469725,-0.1306046034157612,18.443804249614445,False,False,62.12418084693065,62.06417663436298,0.42085889917110386,21.858817790106215,7.642046320336877,2.3760932748945893,0.045748128265775755,0.13085500376238468,-3.0513975010431835,-1.518727130426143,0.06000421256766629,0.25,0.25,False,0.25,15.647000312805176,2022-06-13,16.527000427246094,,0.0,0,0.0,0.0436347540687434,0.01090868851718585,0.0,0.0,0.01090868851718585,1.4958107350400525,-0.47024210597317373
2022-06-16,15.576783180236816,15.60099983215332,15.942000389099121,15.401000022888184,15.859999656677246,545749000,NVDA,35082000000.0,,0.78,,,,,,,,,,15.0,0.5,10.0,55.0396214582977,5.0003204590234995,32.95000076293945,-0.03309603878307621,-0.04070533704405732,-0.056029561998811706,1.76304535172395,40.0,851.2022556856615,22.842447401660205,100.0,100.0,False,60.88074240532717,59.289037083449664,57.55718246675342,61.02089170014591,0.7807764064044153,55.88074240532717,4.999999999999999,54.070070562333285,0.44114190914003737,0.25222955153301774,0.3066285393269449,-0.28350000381469725,-0.1306046034157612,18.443804249614445,False,False,48.22107288761854,48.20584091393207,0.42085889917110386,18.415007026166087,8.795456432439625,2.3760932748945893,0.05430353616368915,0.11369506604703022,-10.555921726263549,-1.518727130426143,0.015231973686471747,0.25,0.25,False,0.25,15.647000312805176,2022-06-13,16.527000427246094,,0.0,0,0.0,-0.056029561998811706,-0.014007390499702926,0.0,0.0,-0.014007390499702926,1.4748583299606988,-0.47766263166510775
2022-06-17,15.855350494384766,15.880000114440918,15.994999885559082,15.32800006866455,15.64799976348877,630334000,NVDA,35082000000.0,,0.78,,,,,,,,,,15.0,0.5,10.0,55.0396214582977,5.089743626423371,31.1299991607666,-0.0021546667341413306,0.009150578203581228,0.017883487294999112,1.7622905028263356,40.0,845.5398167006249,15.501322361144139,100.0,100.0,False,52.92617203341199,56.80504962934733,55.073195012651084,58.53690424604358,0.7807764064044151,47.92617203341199,4.999999999999999,52.21842188561611,0.44114190914003737,0.25222955153301774,0.3066285393269449,-0.28350000381469725,-0.1306046034157612,18.443804249614445,False,False,36.39145825452098,36.26996008408688,0.42085889917110386,15.283787160555525,9.639433876965246,2.3760932748945893,0.06542880959379002,0.1037405321478098,-7.954570371915182,1.518727130426143,0.12149817043409143,0.25,0.25,False,0.25,15.647000312805176,2022-06-13,16.527000427246094,,0.0,0,0.0,0.017883487294999112,0.004470871823749778,0.0,0.0,0.004470871823749778,1.4814522325121429,-0.4753273282425276
2022-06-21,16.540285110473633,16.56599998474121,17.007999420166016,16.406999588012695,16.475000381469727,483089000,NVDA,35082000000.0,,0.78,,,,,,,,,,15.0,0.5,10.0,55.0396214582977,5.309615379724747,30.190000534057617,0.025173624723693555,0.022789249520928312,0.043198983964519044,1.716550421546746,40.0,843.2845158055852,10.522374711027597,100.0,100.0,False,47.753315430715546,53.271359379679495,51.53950476298325,55.00321399637574,0.7807764064044153,42.753315430715546,4.999999999999999,50.962584152720844,0.44114190914003737,0.25222955153301774,0.3066285393269449,-0.28350000381469725,-0.1306046034157612,18.443804249614445,False,False,27.272239359136805,27.150741188702714,0.42085889917110386,12.823345502467792,10.318139331763089,2.3760932748945893,0.07798276976999137,0.09691669862623645,-5.1728566026964415,1.518727130426143,0.12149817043409143,0.25,0.25,False,0.25,15.647000312805176,2022-06-13,16.56599998474121,,0.0,0,0.0,0.043198983964519044,0.010799745991129761,0.0,0.0,0.010799745991129761,1.497451540321266,-0.4696609966590595
2022-06-22,16.334604263305664,16.360000610351562,16.66200065612793,16.18000030517578,16.22599983215332,437135000,NVDA,35082000000.0,,0.78,,,,,,,,,,15.0,0.5,10.0,55.0396214582977,5.243589939215244,28.950000762939453,-0.0018129753446093355,-0.004236630467645441,-0.012435070299371742,1.717796799672703,40.0,831.7957678430389,7.03950857738192,100.0,100.0,False,44.432217141344765,49.82066252340726,48.08880790671101,51.552517140103504,0.7807764064044151,39.432217141344765,4.999999999999999,50.08410238978186,0.44114190914003737,0.25222955153301774,0.3066285393269449,-0.28350000381469725,-0.1306046034157612,18.443804249614445,False,False,22.3735055519226,22.495003722356692,0.42085889917110386,11.791675897031476,10.857028748871967,2.3760932748945893,0.08480558732552575,0.09210623119183496,-3.3210982893707808,1.518727130426143,-0.12149817043409143,0.25,0.25,False,0.25,15.647000312805176,2022-06-13,16.56599998474121,,0.0,0,0.0,-0.012435070299371742,-0.0031087675748429355,0.0,0.0,-0.0031087675748429355,1.4927963115278167,-0.4713096973563204
2022-06-23,16.199811935424805,16.225000381469727,16.584999084472656,15.852999687194824,16.518999099731445,463680000,NVDA,35082000000.0,,0.78,,,,,,,,,,15.0,0.5,10.0,55.0396214582977,5.200320635086451,29.049999237060547,0.0098025662185528,0.014970132230417432,-0.008251847423307312,1.6992044863047893,40.0,822.640687328521,5.0,100.0,100.0,False,42.750867495017815,47.060697945266405,45.32884332857016,48.79255256196265,0.7807764064044153,37.750867495017815,4.999999999999999,49.56967805596108,0.44114190914003737,0.25222955153301774,0.3066285393269449,-0.28350000381469725,-0.1306046034157612,18.443804249614445,False,False,20.8761964024885,20.99769457292259,0.42085889917110386,11.656212100707712,11.30980871619301,2.3760932748945893,0.08579116366107344,0.08841882520685192,-1.6813496463269502,1.518727130426143,-0.12149817043409143,0.25,0.25,False,0.25,15.647000312805176,2022-06-13,16.56599998474121,,0.0,0,0.0,-0.008251847423307312,-0.002062961855826828,0.0,0.0,-0.002062961855826828,1.4897167296786158,-0.4724003652842198
2022-06-24,17.099414825439453,17.125999450683594,17.139999389648438,16.309999465942383,16.5,472153000,NVDA,35082000000.0,,0.78,,,,,,,,,,15.0,0.5,10.0,55.0396214582977,5.489102388039613,27.229999542236328,0.03179386629448655,0.03594154138161554,0.05553152838399211,1.7090057674770578,40.0,826.2000109244464,5.0,100.0,100.0,False,43.13230269000318,45.52709878009612,43.79524416339987,47.258953396792364,0.7807764064044151,38.13230269000318,4.999999999999999,49.56967805596108,0.44114190914003737,0.25222955153301774,0.3066285393269449,-0.28350000381469725,-0.1306046034157612,18.443804249614445,False,False,21.456251685514513,21.577749855948603,0.42085889917110386,11.862037533414885,11.646373968608257,2.3760932748945893,0.08430254896623283,0.08586363469826824,0.3814351949853645,1.518727130426143,-0.12149817043409143,0.25,0.25,False,0.25,15.647000312805176,2022-06-13,17.125999450683594,,0.0,0,0.0,0.05553152838399211,0.013882882095998028,0.0,0.0,0.013882882095998028,1.5103982913931797,-0.46507576176156906
2022-06-27,16.842811584472656,16.868999481201172,17.329999923706055,16.625999450683594,17.312000274658203,427968000,NVDA,35082000000.0,,0.78,,,,,,,,,,15.0,0.5,10.0,55.0396214582977,5.406730602949094,26.950000762939453,-0.0038197043828572808,-0.0067440533313269935,-0.015006421681986182,1.7064247840858582,40.0,814.9969916485851,5.0,100.0,100.0,False,43.52045914367398,44.74373033795895,43.011875721262705,46.4755849546552,0.7807764064044153,38.52045914367398,4.999999999999999,49.56967805596108,0.44114190914003737,0.25222955153301774,0.3066285393269449,-0.28350000381469725,-0.1306046034157612,18.443804249614445,False,False,22.536359502097564,22.414861331663474,0.42085889917110386,12.120737902648695,11.859636848495335,2.3760932748945893,0.08250322777637771,0.08431961389499652,0.38815645367080265,0.006721258685438158,0.12149817043409143,0.25,0.25,False,0.25,15.647000312805176,2022-06-13,17.125999450683594,,0.0,0,0.0,-0.015006421681986182,-0.0037516054204965454,0.0,0.0,-0.0037516054204965454,1.5047318729760804,-0.4670825864332993
2022-06-28,15.957192420959473,15.982000350952148,17.20199966430664,15.944999694824219,16.899999618530273,461149000,NVDA,35082000000.0,,0.78,,,,,,,,,,15.0,0.5,10.0,55.0396214582977,5.12243600992056,28.360000610351562,-0.02043285343481205,-0.02995097042097339,-0.052581608721815165,1.7103155333450097,40.0,809.4751505451786,5.0,100.0,100.0,False,43.91500047355329,44.420203975253614,42.68834935855737,46.15205859194986,0.7807764064044151,38.91500047355329,4.999999999999999,49.56967805596108,0.44114190914003737,0.25222955153301774,0.3066285393269449,-0.28350000381469725,-0.1306046034157612,18.443804249614445,False,False,22.013045993085314,21.891547822651223,0.42085889917110386,11.355541688552183,11.91338245195376,2.3760932748945893,0.08806272984829301,0.08393921743324902,0.3945413298793099,0.006384876208507251,0.12149817043409143,0.25,0.25,False,0.25,15.647000312805176,2022-06-13,17.125999450683594,,0.0,0,0.0,-0.052581608721815165,-0.013145402180453791,0.0,0.0,-0.013145402180453791,1.4849515673320623,-0.4740880001636008
2022-06-29,15.51787281036377,15.541999816894531,15.819999694824219,15.170000076293945,15.814000129699707,482352000,NVDA,35082000000.0,,0.78,,,,,,,,,,15.0,0.5,10.0,55.0396214582977,4.981410197722606,28.15999984741211,-0.000814390026440015,0.0020220446658381075,-0.02753100515552198,1.705964329332536,40.0,814.7433593030948,5.0,100.0,100.0,False,44.31679438294042,44.37983409031659,42.647979473620346,46.11168870701284,0.7807764064044153,39.31679438294042,4.999999999999999,49.56967805596108,0.44114190914003737,0.25222955153301774,0.3066285393269449,-0.28350000381469725,-0.1306046034157612,18.443804249614445,False,False,21.702285043656236,21.580786873222145,0.42085889917110386,10.676237688845152,11.840996974560731,2.3760932748945893,0.09366595509997211,0.08445234823962931,0.40179390938713055,0.007252579507820656,0.12149817043409143,0.25,0.25,False,0.25,15.647000312805176,2022-06-13,17.125999450683594,,0.0,0,0.0,-0.02753100515552198,-0.006882751288880495,0.0,0.0,-0.006882751288880495,1.4747310150180826,-0.47770772165831243
2022-06-30,15.135467529296875,15.159000396728516,15.567000389099121,14.862000465393066,15.361000061035156,686070000,NVDA,35082000000.0,,0.78,,,,,,,,,,15.0,0.5,10.0,55.0396214582977,4.858653973310422,28.709999084472656,-0.008124300277758567,-0.013349841976072474,-0.024642866084047088,1.709529770645654,40.0,818.2914537372009,5.0,100.0,100.0,False,44.73078076647775,44.51683953264293,42.78498491594669,46.24869414933918,0.7807764064044151,39.73078076647775,4.999999999999999,49.56967805596108,0.44114190914003737,0.25222955153301774,0.3066285393269449,-0.28350000381469725,-0.1306046034157612,18.443804249614445,False,False,22.286524295867252,22.16502612543316,0.42085889917110386,10.493376085149999,11.693030192752484,2.3760932748945893,0.09529821402429087,0.08552103120539405,0.41398638353732764,0.012192474150197086,0.12149817043409143,0.5,0.25,True,0.5,15.647000312805176,2022-06-13,17.125999450683594,,0.0,0,0.0,-0.024642866084047088,-0.006160716521011772,0.25,0.000125,-0.006285716521011772,1.465461273912935,-0.4809907028610817
2022-07-01,14.50045394897461,14.52299976348877,15.062999725341797,14.392000198364258,14.89900016784668,577610000,NVDA,35082000000.0,,0.78,,,,,,,,,,15.0,0.5,10.0,55.0396214582977,4.6548076165028105,26.700000762939453,0.010576514869118592,0.002281316152151769,-0.04195531476976555,1.6947078208968274,40.0,824.344523763739,5.0,100.0,100.0,False,45.150599128153125,44.764251802396316,43.03239718570007,46.49610641909256,0.7807764064044153,40.150599128153125,4.999999999999999,49.56967805596108,0.44114190914003737,0.25222955153301774,0.3066285393269449,-0.28350000381469725,-0.1306046034157612,18.443804249614445,False,False,23.468739140698947,23.347240970264856,0.42085889917110386,10.533163621782547,11.419359448930983,2.3760932748945893,0.09493823849199526,0.08757058611493436,0.41981836167537523,0.005831978138047589,0.12149817043409143,0.5,0.5,False,0.5,14.52299976348877,2022-07-01,14.52299976348877,Trailing_Stop,-0.03591744509637888,18,0.0,-0.04195531476976555,-0.020977657384882775,0.0,0.0,-0.020977657384882775,1.4347193293979754,-0.4918783020760308
2022-07-05,14.940771102905273,14.96399974822998,14.970999717712402,14.055000305175781,14.175000190734863,651397000,NVDA,35082000000.0,,0.78,,,,,,,,,,15.0,0.5,10.0,55.0396214582977,4.796153765458327,27.540000915527344,0.00188857737683934,0.012557811778812322,0.03036562638043261,1.6903541841072491,40.0,816.0699977433455,5.0,100.0,100.0,False,45.57612621013803,45.08119799366046,43.349343376964214,46.813052610356706,0.7807764064044151,40.57612621013803,4.999999999999999,49.56967805596108,0.44114190914003737,0.25222955153301774,0.3066285393269449,-0.28350000381469725,-0.1306046034157612,18.443804249614445,False,False,24.98637007610815,24.985832375413317,0.42085889917110386,10.634872176927722,10.989952145823002,2.3760932748945893,0.0940302791950328,0.09099220694787777,0.4255270819849031,0.005708720309527848,0.0005377006948350527,0.5,0.5,False,0.5,14.52299976348877,2022-07-01,14.96399974822998,,0.0,0,0.0,0.03036562638043261,0.015182813190216304,0.0,0.0,0.015182813190216304,1.4565024049566173,-0.48416358525855563
2022-07-06,15.106513023376465,15.130000114440918,15.319000244140625,14.788999557495117,15.010000228881836,529066000,NVDA,35082000000.0,,0.78,,,,,,,,,,15.0,0.5,10.0,55.0396214582977,4.849359011038755,26.729999542236328,0.0033773394433473936,0.008603989284665436,0.01109331522346313,1.6911012010910724,40.0,809.8748731670124,5.0,100.0,100.0,False,46.013022033242045,45.44497110617334,43.713116489477095,47.17682572286959,0.7807764064044153,41.013022033242045,4.999999999999999,49.56967805596108,0.44114190914003737,0.25222955153301774,0.3066285393269449,-0.28350000381469725,-0.1306046034157612,18.443804249614445,False,False,27.361391930788077,27.360881140691397,0.42085889917110386,10.711584734308065,10.29242304699217,2.3760932748945893,0.09335686780286641,0.09715885126702378,0.43689582310401676,0.011368741119113679,0.0005107900966805801,0.5,0.5,False,0.5,14.52299976348877,2022-07-01,15.130000114440918,,0.0,0,0.0,0.01109331522346313,0.005546657611731565,0.0,0.0,0.005546657611731565,1.4645811251075753,-0.48130241728232165
2022-07-07,15.83338451385498,15.857999801635742,15.944999694824219,15.388999938964844,15.456000328063965,492903000,NVDA,35082000000.0,,0.78,,,,,,,,,,15.0,0.5,10.0,55.0396214582977,5.082692244114019,26.079999923706055,0.014977143468688947,0.020673244254148626,0.04811630414331458,1.6949982745225811,40.0,829.8436197138287,5.0,100.0,100.0,False,46.461217150450906,45.84170157341021,44.109846956713966,47.57355619010646,0.7807764064044151,41.461217150450906,4.999999999999999,49.56967805596108,0.44114190914003737,0.25222955153301774,0.3066285393269449,-0.28350000381469725,-0.1306046034157612,18.443804249614445,False,False,31.316525146483166,31.31594494012254,0.42085889917110386,10.730743240406287,9.249096649917634,2.3760932748945893,0.09319018986816592,0.10811866691963969,0.4481951172088614,0.011299294104844648,0.0005802063606256525,0.5,0.5,False,0.5,14.52299976348877,2022-07-01,15.857999801635742,,0.0,0,0.0,0.04811630414331458,0.02405815207165729,0.0,0.0,0.02405815207165729,1.4998162405366922,-0.46882351195809874
2022-07-08,15.81341552734375,15.838000297546387,16.03700065612793,15.388999938964844,15.430000305175781,467972000,NVDA,35082000000.0,,0.78,,,,,,,,,,15.0,0.5,10.0,55.0396214582977,5.076282146649483,24.639999389648438,-0.0008225836516971841,0.0004517548354541212,-0.0012611618324835927,1.6896319898775702,40.0,821.3432615949944,5.0,96.79461387215952,96.79461387215952,False,42.97634033687668,44.72309834875463,42.991243732058386,46.45495296545088,0.7807764064044153,37.97634033687668,4.999999999999999,48.58681518960249,0.44114190914003737,0.25222955153301774,0.3066285393269449,-0.28350000381469725,-0.1306046034157612,18.443804249614445,False,False,36.1036189956861,36.10264359775408,0.42085889917110386,10.730743240406287,7.770576855464315,2.3760932748945893,0.09319018986816592,0.12869057453524757,-3.4848768135742247,-1.518727130426143,0.0009753979320157669,0.5,0.5,False,0.5,14.52299976348877,2022-07-01,15.857999801635742,,0.0,0,0.0,-0.0012611618324835927,-0.0006305809162417964,0.0,0.0,-0.0006305809162417964,1.4988704850375403,-0.4691584617146143
2022-07-11,15.128480911254883,15.152000427246094,15.527000427246094,15.038000106811523,15.526000022888184,437321000,NVDA,35082000000.0,,0.78,,,,,,,,,,15.0,0.5,10.0,55.0396214582977,4.856410393348106,26.170000076293945,-0.0114235785834087,-0.013772874977835858,-0.043313540687744956,1.695561051014118,40.0,811.2845618248111,5.0,88.77625189913098,88.77625189913098,False,34.77591556277517,40.83983553401218,39.107980917315935,42.57169015070843,0.7807764064044151,29.775915562775168,4.999999999999999,46.128156570018035,0.44114190914003737,0.25222955153301774,0.3066285393269449,-0.28350000381469725,-0.1306046034157612,18.443804249614445,False,False,39.36990165004865,39.369435091797605,0.42085889917110386,10.730743240406287,5.993735690126119,2.3760932748945893,0.09319018986816592,0.16684085713812286,-8.200424774101513,-1.518727130426143,0.0004665582510438071,0.5,0.5,False,0.5,14.52299976348877,2022-07-01,15.857999801635742,,0.0,0,0.0,-0.043313540687744956,-0.021656770343872478,0.0,0.0,-0.021656770343872478,1.4664097911678735,-0.4806547749982489
2022-07-12,15.058588981628418,15.081999778747559,15.430999755859375,14.876999855041504,15.267999649047852,458483000,NVDA,35082000000.0,,0.78,,,,,,,,,,15.0,0.5,10.0,55.0396214582977,4.833974288060115,27.290000915527344,-0.008848929851508869,-0.013659900624569343,-0.004619894833995719,1.684344891154711,40.0,804.7760050838197,5.0,81.25463063167426,81.25463063167426,False,29.11417762366478,36.262277011027905,34.53042239433166,37.99413162772415,0.7807764064044153,24.11417762366478,4.999999999999999,43.8218128274073,0.44114190914003737,0.25222955153301774,0.3066285393269449,-0.28350000381469725,-0.1306046034157612,18.443804249614445,False,False,33.47189769277442,33.471440995149656,0.42085889917110386,10.730743240406287,5.422540859075181,2.3760932748945893,0.09319018986816592,0.18441539233888793,-5.661737939110388,1.518727130426143,0.0004566976247622279,0.5,0.5,False,0.5,14.52299976348877,2022-07-01,15.857999801635742,,0.0,0,0.0,-0.004619894833995719,-0.0023099474169978595,0.0,0.0,-0.0023099474169978595,1.4630224616585048,-0.4818544351592719
2022-07-13,15.140461921691895,15.163999557495117,15.375,14.46500015258789,14.59000015258789,521918000,NVDA,35082000000.0,,0.78,,,,,,,,,,15.0,0.5,10.0,55.0396214582977,4.860256268427922,26.81999969482422,-0.005251687289652196,-0.002630532594898427,0.00543693011208668,1.6841189326099284,40.0,795.8410426007149,5.0,72.99022326057175,72.99022326057175,False,24.79492412281815,31.785557721514053,30.053703104817806,33.5174123382103,0.7807764064044151,19.79492412281815,4.999999999999999,41.287709666803295,0.44114190914003737,0.25222955153301774,0.3066285393269449,-0.28350000381469725,-0.1306046034157612,18.443804249614445,False,False,17.48364364191674,17.48273414262721,0.42085889917110386,9.693137608792068,7.380724483608865,2.3760932748945893,0.10316576947106988,0.1354880543530385,-4.3192535008466315,1.3424844382637566,0.0009094992895290943,0.5,0.5,False,0.5,14.52299976348877,2022-07-01,15.857999801635742,,0.0,0,0.0,0.00543693011208668,0.00271846505604334,0.0,0.0,0.00271846505604334,1.4669996370967298,-0.4804458745473086
2022-07-14,15.348138809204102,15.371999740600586,15.472999572753906,14.727999687194824,15.107999801635742,456235000,NVDA,35082000000.0,,0.78,,,,,,,,,,15.0,0.5,10.0,55.0396214582977,4.926922993782239,26.399999618530273,-0.0024284849213771498,0.009153616028700018,0.013716709916590686,1.680801993880514,40.0,790.0698028694825,5.0,64.21077278616113,64.21077278616113,False,22.003573801239014,27.966786595124994,26.234931978428747,29.69864121182124,0.7807764064044153,17.003573801239014,4.999999999999999,38.595679591741515,0.44114190914003737,0.25222955153301774,0.3066285393269449,-0.28350000381469725,-0.1306046034157612,18.443804249614445,False,False,12.96300787099086,12.962103927462472,0.42085889917110386,7.442776989780424,10.355489291643256,2.3760932748945893,0.13435845268145027,0.09656714152628083,-2.7913503215791344,1.518727130426143,0.0009039435283875719,0.5,0.5,False,0.5,14.52299976348877,2022-07-01,15.857999801635742,,0.0,0,0.0,0.013716709916590686,0.006858354958295343,0.0,0.0,0.006858354958295343,1.4770608413316297,-0.4768825879349073
2022-07-15,15.737531661987305,15.76200008392334,15.781999588012695,15.444999694824219,15.659000396728516,385935000,NVDA,35082000000.0,,0.78,,,,,,,,,,15.0,0.5,10.0,55.0396214582977,5.051923103821583,24.229999542236328,0.019105080973613298,0.01760326396638434,0.025370826821749404,1.6861853069420865,40.0,792.0223451022856,5.0,55.064575635792586,55.064575635792586,False,20.30573258342077,24.976001484860717,23.24414686816447,26.707856101556963,0.7807764064044151,15.30573258342077,4.999999999999999,35.79119451912774,0.44114190914003737,0.25222955153301774,0.3066285393269449,-0.28350000381469725,-0.1306046034157612,18.443804249614445,False,False,11.677837472635826,11.799335643069917,0.42085889917110386,4.581577079935581,13.619758724618936,2.3760932748945893,0.21826545369701833,0.07342273972830446,-1.6978412178182438,1.0935091037608906,-0.12149817043409143,0.5,0.5,False,0.5,14.52299976348877,2022-07-01,15.857999801635742,,0.0,0,0.0,0.025370826821749404,0.012685413410874702,0.0,0.0,0.012685413410874702,1.4957979687369358,-0.4702466273004347
2022-07-18,16.076007843017578,16.10099983215332,16.89699935913086,16.00200080871582,16.302000045776367,670517000,NVDA,35082000000.0,,0.78,,,,,,,,,,15.0,0.5,10.0,55.0396214582977,5.16057686927991,25.299999237060547,-0.008256933075751594,-0.009669124732469836,0.021507406828131348,1.677583439926974,40.0,794.8819557173682,5.0,46.18806953314258,46.18806953314258,False,19.42638481632501,22.809496605170043,21.077641988473797,24.54135122186629,0.7807764064044153,14.426384816325012,4.999999999999999,33.06940441854546,0.44114190914003737,0.25222955153301774,0.3066285393269449,-0.28350000381469725,-0.1306046034157612,18.443804249614445,False,False,11.715519523468355,11.837017693902446,0.42085889917110386,3.787933511293966,17.040413618539127,2.3760932748945893,0.2639961860519558,0.05868402154933901,-0.8793477670957586,0.8184934507224852,-0.12149817043409143,0.5,0.5,False,0.5,14.52299976348877,2022-07-01,16.10099983215332,,0.0,0,0.0,0.021507406828131348,0.010753703414065674,0.0,0.0,0.010753703414065674,1.5118833364600948,-0.4645498166478226
2022-07-19,16.965620040893555,16.992000579833984,17.110000610351562,16.172000885009766,16.486000061035156,702366000,NVDA,35082000000.0,,0.78,,,,,,,,,,15.0,0.5,10.0,55.0396214582977,5.446154031998072,24.5,0.027019181769385003,0.030511058838865512,0.05533822476672268,1.6670839573181984,40.0,824.3654465523389,5.0,38.74568313012169,38.74568313012169,False,19.15010076166621,21.380911637018954,19.649057020322708,23.1127662537152,0.7807764064044151,14.15010076166621,4.999999999999999,30.787356346680447,0.44114190914003737,0.25222955153301774,0.3066285393269449,-0.28350000381469725,-0.1306046034157612,18.443804249614445,False,False,12.407365871803147,12.285867701369057,0.42085889917110386,3.787933511293966,20.376554712933476,2.3760932748945893,0.2639961860519558,0.049076009859766755,-0.27628405465880235,0.6030637124369562,0.12149817043409143,0.5,0.5,False,0.5,14.52299976348877,2022-07-01,16.992000579833984,,0.0,0,0.0,0.05533822476672268,0.02766911238336134,0.0,0.0,0.02766911238336134,1.5537158064071404,-0.44973438534895976
2022-07-20,17.779356002807617,17.80699920654297,17.933000564575195,16.801000595092773,16.94700050354004,760538000,NVDA,35082000000.0,,0.78,,,,,,,,,,15.0,0.5,10.0,55.0396214582977,5.707371540558643,23.8799991607666,0.006373161521445958,0.015618064507967988,0.04796366518938444,1.6894812657060396,40.0,847.7160086565817,9.72765673916046,33.93979263162324,33.93979263162324,False,19.980608749083018,20.834249908658784,19.102395291962537,22.56610452535503,0.7807764064044153,14.980608749083018,4.999999999999999,30.50618790208112,0.44114190914003737,0.25222955153301774,0.3066285393269449,-0.28350000381469725,-0.1306046034157612,18.443804249614445,False,False,13.690810913107258,13.583412158046158,0.42085889917110386,3.787933511293966,23.33243931439671,2.3760932748945893,0.2639961860519558,0.042858784995659434,0.8305079874168086,1.106792042075611,0.10739875506110053,0.5,0.5,False,0.5,14.52299976348877,2022-07-01,17.80699920654297,,0.0,0,0.0,0.04796366518938444,0.02398183259469222,0.0,0.0,0.02398183259469222,1.5909767587761239,-0.436538007495783
2022-07-21,18.0219783782959,18.049999237060547,18.143999099731445,17.545000076293945,17.885000228881836,557049000,NVDA,35082000000.0,,0.78,,,,,,,,,,15.0,0.5,10.0,55.0396214582977,5.785256165724534,23.110000610351562,0.010183194374258298,0.014065976104833178,0.013646321185227572,1.6876077780070387,40.0,847.0705085273628,15.740149724512511,28.730358203638822,28.730358203638822,False,20.90815521131254,20.8631016669689,19.131247050272652,22.594956283665145,0.7807764064044151,15.90815521131254,4.999999999999999,30.425355041999516,0.44114190914003737,0.25222955153301774,0.3066285393269449,-0.28350000381469725,-0.1306046034157612,18.443804249614445,False,False,15.89536347444366,15.773865304009568,0.42085889917110386,3.787933511293966,26.030256532208767,2.3760932748945893,0.2639961860519558,0.03841683230292568,0.9275464622295218,0.0970384748127131,0.12149817043409143,0.5,0.5,False,0.5,14.52299976348877,2022-07-01,18.049999237060547,,0.0,0,0.0,0.013646321185227572,0.006823160592613786,0.0,0.0,0.006823160592613786,1.6018322487003693,-0.4326934158330927
2022-07-22,17.292116165161133,17.319000244140625,17.966999053955078,17.136999130249023,17.89299964904785,536671000,NVDA,35082000000.0,,0.78,,,,,,,,,,15.0,0.5,10.0,55.0396214582977,5.550961616711739,23.030000686645508,-0.009278096561475047,-0.013799038215952075,-0.04049856087633641,1.7033571318866814,40.0,847.6148529793254,20.70964256768359,25.371439629616496,25.371439629616496,False,22.00438358070197,21.308644662618327,19.57679004592208,23.040499279314574,0.7807764064044153,17.00438358070197,4.999999999999999,30.64886769710849,0.44114190914003737,0.25222955153301774,0.3066285393269449,-0.28350000381469725,-0.1306046034157612,18.443804249614445,False,False,19.610851349345293,19.52337062104442,0.42085889917110386,4.204588706012061,28.311874915712234,2.3760932748945893,0.23783539126433917,0.03532086811548571,1.0962283693894292,0.1686819071599075,0.08748072830087125,0.5,0.5,False,0.5,14.52299976348877,2022-07-01,18.049999237060547,,0.0,0,0.0,-0.04049856087633641,-0.020249280438168205,0.0,0.0,-0.020249280438168205,1.569396298281534,-0.44418096595030765
2022-07-25,16.997577667236328,17.02400016784668,17.124000549316406,16.64900016784668,17.018999099731445,480748000,NVDA,35082000000.0,,0.78,,,,,,,,,,15.0,0.5,10.0,55.0396214582977,5.456410310207269,23.360000610351562,0.0012149408761987779,-0.0063401480064717575,-0.01703332017642012,1.7263950587398698,40.0,848.8033909885556,25.619965026282,23.93869200158774,23.93869200158774,False,23.555683141541962,22.185861976931548,20.454007360235302,23.917716593627794,0.7807764064044151,18.555683141541962,4.999999999999999,31.44807481631667,0.44114190914003737,0.25222955153301774,0.3066285393269449,-0.28350000381469725,-0.1306046034157612,18.443804249614445,False,False,27.08528073258918,27.01980125653138,0.42085889917110386,5.962729754969032,30.058342678842212,2.3760932748945893,0.16770842233234728,0.033268633959113475,1.5512995608399933,0.45507119145056407,0.06547947605779882,0.5,0.5,False,0.5,14.52299976348877,2022-07-01,18.049999237060547,,0.0,0,0.0,-0.01703332017642012,-0.00851666008821006,0.0,0.0,-0.00851666008821006,1.556030283465375,-0.4489146877338661
2022-07-26,16.507333755493164,16.533000946044922,16.91900062561035,16.47800064086914,16.888999938964844,397865000,NVDA,35082000000.0,,0.78,,,,,,,,,,15.0,0.5,10.0,55.0396214582977,5.299038764757988,24.690000534057617,-0.01183100990754693,-0.016208336009822966,-0.028841589342151863,1.7202473281372304,40.0,864.4606662928568,46.01975457398398,21.465967691779984,21.465967691779984,False,29.713499845631915,25.12456299885038,23.392708382154133,26.856417615546626,0.7807764064044153,24.713499845631915,4.999999999999999,35.835296742026905,0.44114190914003737,0.25222955153301774,0.3066285393269449,-0.28350000381469725,-0.1306046034157612,18.443804249614445,False,False,41.55733041923775,41.5090853222428,0.42085889917110386,10.416450317970764,31.41704077196114,2.3760932748945893,0.09600199391099393,0.03182985970125082,6.157816704089953,1.518727130426143,0.0482450969949565,0.5,0.5,False,0.5,14.52299976348877,2022-07-01,18.049999237060547,,0.0,0,0.0,-0.028841589342151863,-0.014420794671075932,0.0,0.0,-0.014420794671075932,1.5335910902455447,-0.4568617758683018
2022-07-27,17.762388229370117,17.790000915527344,17.93600082397461,16.913000106811523,17.031999588012695,569776000,NVDA,35082000000.0,,0.78,,,,,,,,,,15.0,0.5,10.0,55.0396214582977,5.701923370361328,23.239999771118164,0.025966367817333857,0.043014792744260344,0.07602975246808574,1.7355780796029021,40.0,858.7955495596945,54.803100265280875,22.390826231816213,22.390826231816213,False,34.70540919429311,28.864812330245975,27.13295771354973,30.59666694694222,0.7807764064044151,29.70540919429311,4.999999999999999,38.33430410991755,0.44114190914003737,0.25222955153301774,0.3066285393269449,-0.28350000381469725,-0.1306046034157612,18.443804249614445,False,False,45.82892955164541,45.74038618827936,0.42085889917110386,14.428807785250173,32.1544035155991,2.3760932748945893,0.0693057953840267,0.031099939375795572,4.991909348661196,-1.1659073554287573,0.08854336336604889,0.5,0.5,False,0.5,14.52299976348877,2022-07-01,18.049999237060547,,0.0,0,0.0,0.07602975246808574,0.03801487623404287,0.0,0.0,0.03801487623404287,1.59189036573486,-0.43621444349995747
2022-07-28,17.956087112426758,17.983999252319336,18.139999389648438,17.440000534057617,17.975000381469727,474646000,NVDA,35082000000.0,,0.78,,,,,,,,,,15.0,0.5,10.0,55.0396214582977,5.764102324461326,22.329999923706055,0.012542386475471679,0.015223998057833477,0.010904908758192722,1.7141064014574572,40.0,853.1671616557588,54.21627351200598,22.095030287055163,22.095030287055163,False,34.82439306982238,31.19136234700769,29.459507730311444,32.923216963703936,0.7807764064044153,29.824393069822378,4.999999999999999,38.09558958263053,0.44114190914003737,0.25222955153301774,0.3066285393269449,-0.28350000381469725,-0.1306046034157612,18.443804249614445,False,False,45.908178581737495,45.90041550375248,0.42085889917110386,17.09851497279005,32.40817713924396,2.3760932748945893,0.05848461118356556,0.030856409964171428,0.11898387552926692,-1.518727130426143,0.007763077985017048,0.5,0.5,False,0.5,14.52299976348877,2022-07-01,18.049999237060547,,0.0,0,0.0,0.010904908758192722,0.005452454379096361,0.0,0.0,0.005452454379096361,1.6005700753305523,-0.43314042847354756
2022-07-29,18.13480567932129,18.163000106811523,18.243999481201172,17.691999435424805,17.812999725341797,435460000,NVDA,35082000000.0,,0.78,,,,,,,,,,15.0,0.5,10.0,55.0396214582977,5.821474393208821,21.329999923706055,0.014578724858715253,0.015347845942084604,0.009953339742777345,1.7061727236056121,40.0,850.4652819351484,50.47933070740344,21.98450636220548,21.98450636220548,False,33.4244459846947,32.063131855924574,30.331277239228328,33.79498647262082,0.7807764064044151,28.424445984694703,4.999999999999999,37.11913238528375,0.44114190914003737,0.25222955153301774,0.3066285393269449,-0.28350000381469725,-0.1306046034157612,18.443804249614445,False,False,45.365911493712154,45.35241694113936,0.42085889917110386,18.704511644514113,32.17359485470666,2.3760932748945893,0.05346303710063942,0.031081388465165886,-1.3999470851276783,-1.518727130426143,0.0134945525727926,0.5,0.5,False,0.5,14.52299976348877,2022-07-01,18.163000106811523,,0.0,0,0.0,0.009953339742777345,0.0049766698713886726,0.0,0.0,0.0049766698713886726,1.6085355842014961,-0.43031935552262357
2022-08-01,18.412378311157227,18.44099998474121,18.84600067138672,17.989999771118164,18.18199920654297,476469000,NVDA,35082000000.0,,0.78,,,,,,,,,,15.0,0.5,10.0,55.0396214582977,5.910576918186285,22.84000015258789,-0.002961239956361772,-0.002149476882331691,0.015305834735167556,1.731546126826981,40.0,845.0433163770323,42.0981585679163,21.49277183848767,21.49277183848767,False,29.810504921466404,31.183732874496553,29.451878257800306,32.915587491192795,0.7807764064044153,24.810504921466404,4.999999999999999,34.85437325647566,0.44114190914003737,0.25222955153301774,0.3066285393269449,-0.28350000381469725,-0.1306046034157612,18.443804249614445,False,False,43.699395241265236,43.66298954594919,0.42085889917110386,19.29600159407726,31.457741933737793,2.3760932748945893,0.05182420799068245,0.03178867708007739,-3.613941063228296,-1.518727130426143,0.03640569531604513,0.25,0.5,True,0.25,14.52299976348877,2022-07-01,18.44099998474121,,0.0,0,0.0,0.015305834735167556,0.007652917367583778,0.25,0.000125,0.007527917367583778,1.6206445071621831,-0.426030846705086
2022-08-02,18.49724006652832,18.525999069213867,18.937999725341797,18.091999053955078,18.121999740600586,489527000,NVDA,35082000000.0,,0.78,,,,,,,,,,15.0,0.5,10.0,55.0396214582977,5.937820214491624,23.93000030517578,-0.006597345296781021,-0.007087792693382444,0.0046092448643233475,1.7453821966285443,40.0,837.497136388994,31.344427439323066,23.970250112503056,23.970250112503056,False,27.361484587663156,29.691572233606948,27.9597176169107,31.423426850303194,0.7807764064044151,22.361484587663156,4.999999999999999,32.90163002097952,0.44114190914003737,0.25222955153301774,0.3066285393269449,-0.28350000381469725,-0.1306046034157612,18.443804249614445,False,False,41.829273378676945,41.70777520824285,0.42085889917110386,19.209067530590243,30.07728412678056,2.3760932748945893,0.05205874769337503,0.033247682729093495,-2.4490203338032472,1.1649207294250488,0.12149817043409143,0.25,0.25,False,0.25,14.52299976348877,2022-07-01,18.525999069213867,,0.0,0,0.0,0.0046092448643233475,0.0011523112160808369,0.0,0.0,0.0011523112160808369,1.6225119940050656,-0.4253694556120599
2022-08-03,18.863672256469727,18.89299964904785,18.968000411987305,18.136999130249023,18.18400001525879,418146000,NVDA,35082000000.0,,0.78,,,,,,,,,,15.0,0.5,10.0,55.0396214582977,6.055448605464055,21.950000762939453,0.015659497835290637,0.02659390487780411,0.019810029054997624,1.722042200650501,40.0,833.7721593004383,22.895988092437864,28.349693601367576,28.349693601367576,False,26.94231697257891,28.618295412109997,26.88644079541375,30.350150028806244,0.7807764064044153,21.94231697257891,4.999999999999999,32.113546313416194,0.44114190914003737,0.25222955153301774,0.3066285393269449,-0.28350000381469725,-0.1306046034157612,18.443804249614445,False,False,40.319047429127075,40.41232001756138,0.42085889917110386,18.885797117491126,27.932576186564916,2.3760932748945893,0.05294984340766044,0.035800493063041665,-0.4191676150842447,1.518727130426143,-0.09327258843430059,0.25,0.25,False,0.25,14.52299976348877,2022-07-01,18.89299964904785,,0.0,0,0.0,0.019810029054997624,0.004952507263749406,0.0,0.0,0.004952507263749406,1.6305474964408964,-0.42252359366700637
2022-08-04,19.1851749420166,19.21500015258789,19.27400016784668,18.760000228881836,18.849000930786133,409652000,NVDA,35082000000.0,,0.78,,,,,,,,,,15.0,0.5,10.0,55.0396214582977,6.158653895060221,21.440000534057617,-0.0006755911956808358,0.004567442619090034,0.017043376357457785,1.683488489369335,40.0,829.615469372631,16.43580362519437,46.04943624009183,46.04943624009183,False,34.298431202927425,30.835753417431764,29.103898800735518,32.56760803412801,0.7807764064044151,29.29843120292743,4.999999999999999,35.911343114197656,0.44114190914003737,0.25222955153301774,0.3066285393269449,-0.28350000381469725,-0.1306046034157612,18.443804249614445,False,False,41.69205218320691,41.813550353641006,0.42085889917110386,18.548123863924605,24.86881393323104,2.3760932748945893,0.053913808605999335,0.04021100494317288,7.356114230348513,1.518727130426143,-0.12149817043409143,0.25,0.25,False,0.25,14.52299976348877,2022-07-01,19.21500015258789,,0.0,0,0.0,0.017043376357457785,0.004260844089364446,0.0,0.0,0.004260844089364446,1.6374950051035346,-0.42006305673433497
2022-08-05,18.959522247314453,18.98900032043457,19.229000091552734,18.666000366210938,18.809999465942383,386068000,NVDA,35082000000.0,,0.78,,,,,,,,,,15.0,0.5,10.0,55.0396214582977,6.086218051421336,21.149999618530273,-0.00169015666112049,-0.0023072498404070885,-0.01176163571993949,1.6778864105593077,40.0,821.4441614060831,11.30441539137437,60.076159607648975,60.076159607648975,False,41.920070590077216,35.16294008218419,33.431085465487946,36.89479469888044,0.7807764064044153,36.920070590077216,4.999999999999999,38.91804905897661,0.44114190914003737,0.25222955153301774,0.3066285393269449,-0.28350000381469725,-0.1306046034157612,18.443804249614445,False,False,43.37093703215504,43.492435202589135,0.42085889917110386,18.30484670290382,21.87883969536976,2.3760932748945893,0.054630340053127203,0.04570626294280272,7.621639387149791,0.265525156801278,-0.12149817043409143,0.25,0.25,False,0.25,14.52299976348877,2022-07-01,19.21500015258789,,0.0,0,0.0,-0.01176163571993949,-0.0029404089299848724,0.0,0.0,-0.0029404089299848724,1.6326801001677225,-0.4217683085011415
2022-08-08,17.765380859375,17.792999267578125,18.23900032043457,17.242000579833984,17.50200080871582,981859000,NVDA,35082000000.0,,0.78,,,,,,,,,,15.0,0.5,10.0,55.0396214582977,5.702884380634014,21.290000915527344,-0.0011609330420851993,-0.008502244345493737,-0.0629838871280336,1.6960561190612862,40.0,870.8563705573387,40.17243207382402,75.47946600990635,75.47946600990635,False,74.37400017713881,50.47047537830731,48.73862076161107,52.20232999500356,0.7807764064044151,69.37400017713881,4.999999999999999,50.922509303368116,0.44114190914003737,0.25222955153301774,0.3066285393269449,-0.28350000381469725,-0.1306046034157612,18.443804249614445,False,False,54.66688211626489,54.78838028669898,0.42085889917110386,18.293432770146605,20.521917621435296,2.3760932748945893,0.054664425893423275,0.0487283897366147,32.453929587061594,1.518727130426143,-0.12149817043409143,0.25,0.25,False,0.25,14.52299976348877,2022-07-01,19.21500015258789,,0.0,0,0.0,-0.0629838871280336,-0.0157459717820084,0.0,0.0,-0.0157459717820084,1.6069719653814347,-0.43087312839894554
2022-08-09,17.05947494506836,17.086000442504883,17.44700050354004,16.724000930786133,17.25200080871582,668263000,NVDA,35082000000.0,,0.78,,,,,,,,,,15.0,0.5,10.0,55.0396214582977,5.476282193110539,21.770000457763672,-0.003971002129927292,-0.010015824045242261,-0.03973466274241433,1.7021649987551772,40.0,910.3746848905689,60.10694432545538,92.07478077648594,92.07478077648594,False,88.0621133337206,65.14580737514902,63.41395275845277,66.87766199184526,0.7807764064044153,83.0621133337206,4.999999999999999,61.039179515173714,0.44114190914003737,0.25222955153301774,0.3066285393269449,-0.28350000381469725,-0.1306046034157612,18.443804249614445,False,False,62.84599665138262,62.75280299302862,0.42085889917110386,19.460740202144507,21.753279510149714,2.3760932748945893,0.051385506903267916,0.04597008003015898,13.688113156581792,-1.518727130426143,0.09319365835400391,0.25,0.25,False,0.25,14.52299976348877,2022-07-01,19.21500015258789,,0.0,0,0.0,-0.03973466274241433,-0.009933665685603582,0.0,0.0,-0.009933665685603582,1.5910088431111982,-0.43652664447412387
2022-08-10,18.068910598754883,18.097000122070312,18.118000030517578,17.316999435424805,17.697999954223633,597422000,NVDA,35082000000.0,,0.78,,,,,,,,,,15.0,0.5,10.0,55.0396214582977,5.800320551945613,19.739999771118164,0.021003972292843898,0.027302352630187654,0.05917123103019262,1.6653738957967554,40.0,868.6490318787341,72.09574713361623,100.0,100.0,False,90.55506603635125,75.06528220859589,73.33342759189965,76.79713682529213,0.7807764064044151,85.55506603635125,4.999999999999999,66.49320826524585,0.44114190914003737,0.25222955153301774,0.3066285393269449,-0.28350000381469725,-0.1306046034157612,18.443804249614445,False,False,65.56036143160348,65.43886326116939,0.42085889917110386,21.287052807119508,24.494467677847283,2.3760932748945893,0.04697691169655705,0.04082554530892691,2.492952702630646,-1.518727130426143,0.12149817043409143,0.25,0.25,False,0.25,14.52299976348877,2022-07-01,19.21500015258789,,0.0,0,0.0,0.05917123103019262,0.014792807757548154,0.0,0.0,0.014792807757548154,1.614544331067901,-0.42819129144932905
2022-08-11,17.914148330688477,17.941999435424805,18.707000732421875,17.875999450683594,18.131000518798828,509327000,NVDA,35082000000.0,,0.78,,,,,,,,,,15.0,0.5,10.0,55.0396214582977,5.750640844687437,20.200000762939453,0.0,-0.00391232263780561,-0.008564993402220056,1.661680838381161,40.0,859.1375260912847,76.14436795510169,100.0,100.0,False,90.14567874668192,80.95249111667609,79.22063649997983,82.68434573337234,0.7807764064044153,85.14567874668192,4.999999999999999,67.51439007937637,0.44114190914003737,0.25222955153301774,0.3066285393269449,-0.28350000381469725,-0.1306046034157612,18.443804249614445,False,False,65.15265500488071,65.03115683444662,0.42085889917110386,22.832553864320072,27.30399741685913,2.3760932748945893,0.04379711555450124,0.036624673842905506,-0.4093872896693256,-1.518727130426143,0.12149817043409143,0.25,0.25,False,0.25,14.52299976348877,2022-07-01,19.21500015258789,,0.0,0,0.0,-0.008564993402220056,-0.002141248350555014,0.0,0.0,-0.002141248350555014,1.611087190682104,-0.4294156759033462
2022-08-12,18.679954528808594,18.708999633789062,18.718000411987305,17.952999114990234,18.15999984741211,478094000,NVDA,35082000000.0,,0.78,,,,,,,,,,15.0,0.5,10.0,55.0396214582977,5.996474241599058,19.530000686645508,0.016929012677594724,0.01990927390709829,0.042748869830521175,1.663075146844867,40.0,879.482387182093,83.87147052191278,100.0,100.0,False,90.09935380222902,84.52331840542641,82.79146378873017,86.25517302212265,0.7807764064044151,85.09935380222902,4.999999999999999,69.46339369445276,0.44114190914003737,0.25222955153301774,0.3066285393269449,-0.28350000381469725,-0.1306046034157612,18.443804249614445,False,False,65.35811908232341,65.3368770697793,0.42085889917110386,24.45112976481666,29.95082536271977,2.3760932748945893,0.04089790572535936,0.03338806152716962,-0.04632494445290547,0.3630623452164201,0.021242012544102237,0.25,0.25,False,0.25,14.52299976348877,2022-07-01,19.21500015258789,,0.0,0,0.0,0.042748869830521175,0.010687217457630294,0.0,0.0,0.010687217457630294,1.6283052298321263,-0.4233177171538102
2022-08-15,19.00245475769043,19.031999588012695,19.163999557495117,18.613000869750977,18.701000213623047,457666000,NVDA,35082000000.0,,0.78,,,,,,,,,,15.0,0.5,10.0,55.0396214582977,6.0999998679527865,19.950000762939453,0.004120766150540245,0.006307661804609843,0.017264416085629897,1.685842800894345,40.0,876.7743552010558,88.89620416571238,100.0,100.0,False,89.6986077574995,86.54369031663374,84.81183569993749,88.27554493333,0.7807764064044153,84.6986077574995,4.999999999999999,70.7307800080012,0.44114190914003737,0.25222955153301774,0.3066285393269449,-0.28350000381469725,-0.1306046034157612,18.443804249614445,False,False,65.44366004913564,65.32216187870155,0.42085889917110386,25.797617758120857,32.239845924005884,2.3760932748945893,0.03876326912725145,0.031017517960760386,-0.4007460447295159,-0.35442110027661045,0.12149817043409143,0.25,0.25,False,0.25,14.52299976348877,2022-07-01,19.21500015258789,,0.0,0,0.0,0.017264416085629897,0.004316104021407474,0.0,0.0,0.004316104021407474,1.6353331645826836,-0.4208286964337433
2022-08-16,18.84969139099121,18.878999710083008,19.142000198364258,18.500999450683594,18.920000076293945,451240000,NVDA,35082000000.0,,0.78,,,,,,,,,,15.0,0.5,10.0,55.0396214582977,6.050961445539425,19.690000534057617,0.0019587438421893033,-0.0027052234673655695,-0.008039085815557456,1.7062211904125326,40.0,865.3570016878183,90.4827459331894,100.0,100.0,False,88.89846099259162,87.4629650097742,85.73111039307796,89.19481962647043,0.7807764064044151,83.89846099259162,4.999999999999999,71.13095272650034,0.44114190914003737,0.25222955153301774,0.3066285393269449,-0.28350000381469725,-0.1306046034157612,18.443804249614445,False,False,64.9293548955151,65.0508530659492,0.42085889917110386,26.523411007078455,34.04276638346231,2.3760932748945893,0.03770254134104864,0.029374816039797275,-0.8001467649078791,-0.39940072017836314,-0.12149817043409143,0.25,0.25,False,0.25,14.52299976348877,2022-07-01,19.21500015258789,,0.0,0,0.0,-0.008039085815557456,-0.002009771453889364,0.0,0.0,-0.002009771453889364,1.6320465186709068,-0.42199269838656267
2022-08-17,18.306535720825195,18.334999084472656,18.687999725341797,18.145000457763672,18.523000717163086,446799000,NVDA,35082000000.0,,0.78,,,,,,,,,,15.0,0.5,10.0,55.0396214582977,5.876602270664312,19.899999618530273,-0.0070980177423810575,-0.007145131431531948,-0.028815119125183752,1.7124815566998028,40.0,865.8904248551106,91.68557632356698,100.0,100.0,False,88.06175583653975,87.69672588472916,85.96487126803291,89.42858050142542,0.7807764064044153,83.06175583653975,4.999999999999999,71.43434209643556,0.44114190914003737,0.25222955153301774,0.3066285393269449,-0.28350000381469725,-0.1306046034157612,18.443804249614445,False,False,64.80484953169132,64.92634770212541,0.42085889917110386,27.006812942267796,35.34043095298692,2.3760932748945893,0.037027693794809864,0.02829620276363612,-0.8367051560518775,-0.03655839114399839,-0.12149817043409143,0.25,0.25,False,0.25,14.52299976348877,2022-07-01,19.21500015258789,,0.0,0,0.0,-0.028815119125183752,-0.007203779781295938,0.0,0.0,-0.007203779781295938,1.620289614957571,-0.42615653569936696
2022-08-18,18.74386215209961,18.773000717163086,18.864999771118164,18.183000564575195,18.301000595092773,415447000,NVDA,35082000000.0,,0.78,,,,,,,,,,15.0,0.5,10.0,55.0396214582977,6.016987409347143,19.559999465942383,0.002906412210693654,0.005197566077355553,0.02388882762810507,1.7401457144270922,40.0,852.323359246238,82.3739691668293,100.0,100.0,False,85.59606557421016,86.87665288056746,85.14479826387122,88.6085074972637,0.7807764064044151,80.59606557421016,4.999999999999999,69.08567959923997,0.44114190914003737,0.25222955153301774,0.3066285393269449,-0.28350000381469725,-0.1306046034157612,18.443804249614445,False,False,63.39864476476029,63.520142935194386,0.42085889917110386,26.697944789786202,36.066398699557126,2.3760932748945893,0.037456066670067005,0.02772663853494969,-2.4656902623295878,-1.518727130426143,-0.12149817043409143,0.25,0.25,False,0.25,14.52299976348877,2022-07-01,19.21500015258789,,0.0,0,0.0,0.02388882762810507,0.005972206907026267,0.0,0.0,0.005972206907026267,1.6299663197874035,-0.42272942379831885
2022-08-19,17.8212947845459,17.849000930786133,18.520000457763672,17.770000457763672,18.4060001373291,441588000,NVDA,35082000000.0,,0.78,,,,,,,,,,15.0,0.5,10.0,55.0396214582977,5.720833631662222,20.600000381469727,-0.013438032679318979,-0.018163774493213047,-0.0492196106684315,1.742256339715226,40.0,873.5339140355072,87.59352124619778,100.0,100.0,False,85.59164284685619,86.37500012241011,84.64314550571387,88.10685473910635,0.7807764064044153,80.59164284685619,4.999999999999999,70.40220487942231,0.44114190914003737,0.25222955153301774,0.3066285393269449,-0.28350000381469725,-0.1306046034157612,18.443804249614445,False,False,64.60514357717669,64.57609858955938,0.42085889917110386,26.61761367763477,36.23839152588931,2.3760932748945893,0.037569107888895455,0.027595043761409314,-0.00442272735396898,1.518727130426143,0.02904498761731361,0.25,0.25,False,0.25,14.52299976348877,2022-07-01,19.21500015258789,,0.0,0,0.0,-0.0492196106684315,-0.012304902667107875,0.0,0.0,-0.012304902667107875,1.6099097428717555,-0.4298326820510658
2022-08-22,17.007556915283203,17.034000396728516,17.558000564575195,16.965999603271484,17.489999771118164,409593000,NVDA,35082000000.0,,0.78,,,,,,,,,,15.0,0.5,10.0,55.0396214582977,5.45961551177196,23.799999237060547,-0.020822495475209313,-0.027884713157740992,-0.04566084887428612,1.721561917429992,40.0,889.7600614033257,91.66048913939896,100.0,100.0,False,85.36843032652908,85.98204714839851,84.25019253170227,87.71390176509475,0.7807764064044151,80.36843032652908,4.999999999999999,71.42801436722362,0.44114190914003737,0.25222955153301774,0.3066285393269449,-0.28350000381469725,-0.1306046034157612,18.443804249614445,False,False,65.44358974778322,65.47194343580534,0.42085889917110386,26.690276084439702,35.91653902816598,2.3760932748945893,0.03746682862463888,0.027842326322583412,-0.2232125203271096,-0.2187897929731406,-0.028353688022128835,0.25,0.25,False,0.25,14.52299976348877,2022-07-01,19.21500015258789,,0.0,0,0.0,-0.04566084887428612,-0.01141521221857153,0.0,0.0,-0.01141521221857153,1.5915322815041284,-0.43634126298554665
2022-08-23,17.15433120727539,17.180999755859375,17.46500015258789,16.969999313354492,16.98900032043457,369986000,NVDA,35082000000.0,,0.78,,,,,,,,,,15.0,0.5,10.0,55.0396214582977,5.506730690980569,24.110000610351562,-0.0024192572522898637,-0.0026391834650593138,0.008629761401149905,1.7060003477185113,40.0,875.592840848992,93.75582323696564,100.0,100.0,False,84.81534137018565,85.52657897597636,83.79472435928011,87.25843359267262,0.7807764064044153,79.81534137018565,4.999999999999999,71.95651954696471,0.44114190914003737,0.25222955153301774,0.3066285393269449,-0.28350000381469725,-0.1306046034157612,18.443804249614445,False,False,66.107790055936,66.13974211355026,0.42085889917110386,27.520814888334726,34.98355155564573,2.3760932748945893,0.03633613336151143,0.028584862186144092,-0.55308895634343,-0.32987643601632044,-0.03195205761426905,0.25,0.25,False,0.25,14.52299976348877,2022-07-01,19.21500015258789,,0.0,0,0.0,0.008629761401149905,0.002157440350287476,0.0,0.0,0.002157440350287476,1.5949659174670305,-0.4351252028825196
2022-08-24,17.19526481628418,17.222000122070312,17.4060001373291,16.895000457763672,17.011999130249023,522661000,NVDA,35082000000.0,,0.78,,,,,,,,,,15.0,0.5,10.0,55.0396214582977,5.519871833996895,22.81999969482422,0.003201181774415529,0.0006267154182830748,0.0023863783710813546,1.7098150250417117,40.0,866.6009253980488,93.33534234989581,100.0,100.0,False,83.94688019009465,84.90988320535529,83.17802858865905,86.64173782205152,0.7807764064044151,78.94688019009465,4.999999999999999,71.85046184139088,0.44114190914003737,0.25222955153301774,0.3066285393269449,-0.28350000381469725,-0.1306046034157612,18.443804249614445,False,False,67.18084580881131,67.18377048010284,0.42085889917110386,28.31873937076179,33.620929425458336,2.3760932748945893,0.03531230634625172,0.029743377624854805,-0.8684611800910034,-0.31537222374757334,-0.0029246712915198714,0.25,0.25,False,0.25,14.52299976348877,2022-07-01,19.21500015258789,,0.0,0,0.0,0.0023863783710813546,0.0005965945927703387,0.0,0.0,0.0005965945927703387,1.5959174655090445,-0.434788201632967
2022-08-25,17.885194778442383,17.913000106811523,17.94700050354004,16.83300018310547,16.8439998626709,770691000,NVDA,35082000000.0,,0.78,,,,,,,,,,15.0,0.5,10.0,55.0396214582977,5.741346188080616,21.780000686645508,0.014117523988503633,0.01691135524040477,0.04012309719215956,1.7224518417931303,40.0,877.9061904380251,95.0,100.0,100.0,False,83.61716124243073,84.40521980100914,82.6733651843129,86.13707441770538,0.7807764064044153,78.61716124243073,4.999999999999999,72.27033769393267,0.44114190914003737,0.25222955153301774,0.3066285393269449,-0.28350000381469725,-0.1306046034157612,18.443804249614445,False,False,68.19320637285203,68.31470454328613,0.42085889917110386,29.0329319081063,31.677016030414336,2.3760932748945893,0.034443645001653776,0.031568630045199365,-0.3297189476639204,0.538742232427083,-0.12149817043409143,0.25,0.25,False,0.25,14.52299976348877,2022-07-01,19.21500015258789,,0.0,0,0.0,0.04012309719215956,0.01003077429803989,0.0,0.0,0.01003077429803989,1.6119257534038656,-0.4291186896529581
2022-08-26,16.234758377075195,16.260000228881836,17.923999786376953,16.23699951171875,17.85700035095215,769127000,NVDA,35082000000.0,,0.78,,,,,,,,,,15.0,0.5,10.0,55.0396214582977,5.2115385348980245,25.559999465942383,-0.033849042636585946,-0.04270456092864339,-0.09227934282773353,1.75404034515353,40.0,883.7532367867334,95.0,100.0,100.0,False,82.96507448087186,83.84300405713068,82.11114944043445,85.57485867382692,0.7807764064044151,77.96507448087186,4.999999999999999,72.27033769393267,0.44114190914003737,0.25222955153301774,0.3066285393269449,-0.28350000381469725,-0.1306046034157612,18.443804249614445,False,False,69.22212454211358,69.10062637167948,0.42085889917110386,29.476664759499695,29.04917914454706,2.3760932748945893,0.03392514072263625,0.03442438063478685,-0.6520867615588628,-0.3223678138949424,0.12149817043409143,0.25,0.25,False,0.25,16.260000228881836,2022-08-26,16.260000228881836,Trailing_Stop,0.02541572711610077,56,0.15,-0.09227934282773353,-0.023069835706933384,0.0,0.0,-0.023069835706933384,1.5747388911010636,-0.44228882769082317
2022-08-29,15.776472091674805,15.800999641418457,16.33799934387207,15.767000198364258,16.020000457763672,496132000,NVDA,35082000000.0,,0.78,,,,,,,,,,15.0,0.5,10.0,55.0396214582977,5.064422961993095,26.209999084472656,-0.006612204712255654,-0.013225665133951847,-0.028228818019822577,1.7236947788788766,40.0,882.4286252734665,95.0,100.0,100.0,False,82.26598466764219,83.22735429125322,81.49549967455698,84.95920890794946,0.7807764064044153,77.26598466764219,4.999999999999999,72.27033769393267,0.44114190914003737,0.25222955153301774,0.3066285393269449,-0.28350000381469725,-0.1306046034157612,18.443804249614445,False,False,70.0336208267095,70.05112401014735,0.42085889917110386,29.37389113867826,25.47354197004395,2.3760932748945893,0.03404383829431585,0.039256417547899984,-0.6990898132296763,-0.047003051670813534,-0.01750318343785125,0.25,0.25,False,0.25,16.260000228881836,2022-08-26,16.260000228881836,,0.0,0,0.0,-0.028228818019822577,-0.007057204504955644,0.0,0.0,-0.007057204504955644,1.5636256367046564,-0.44622470948850756
2022-08-30,15.443989753723145,15.468000411987305,16.038999557495117,15.182000160217285,15.960000038146973,530181000,NVDA,35082000000.0,,0.78,,,,,,,,,,15.0,0.5,10.0,55.0396214582977,4.957692439739521,26.209999084472656,-0.010977854044983193,-0.010432532450491028,-0.02107456724182666,1.7228676522091904,40.0,887.0340480103021,95.0,100.0,100.0,False,81.54873480839959,82.57204104748178,80.84018643078554,84.30389566417801,0.7807764064044151,76.54873480839959,4.999999999999999,72.27033769393267,0.44114190914003737,0.25222955153301774,0.3066285393269449,-0.28350000381469725,-0.1306046034157612,18.443804249614445,False,False,71.49347748991943,71.51986760480074,0.42085889917110386,28.28417382476712,20.954578986398797,2.3760932748945893,0.03535546083811531,0.047722266367130554,-0.7172498592425995,-0.018160046012923203,-0.026390114881305635,0.25,0.25,False,0.25,16.260000228881836,2022-08-26,16.260000228881836,,0.0,0,0.0,-0.02107456724182666,-0.005268641810456665,0.0,0.0,-0.005268641810456665,1.5553874532992125,-0.44914235313769413
2022-08-31,15.070570945739746,15.093999862670898,15.539999961853027,14.958999633789062,15.383999824523926,573710000,NVDA,35082000000.0,,0.78,,,,,,,,,,15.0,0.5,10.0,55.0396214582977,4.837820468804775,25.8700008392334,-0.00760904759879355,-0.00973718329828921,-0.024178984959592142,1.7250549369200343,40.0,883.6721424001933,95.0,100.0,100.0,False,80.82991354164834,81.89193502073032,80.16008040403406,83.62378963742657,0.7807764064044153,75.82991354164834,4.999999999999999,72.27033769393267,0.44114190914003737,0.25222955153301774,0.3066285393269449,-0.28350000381469725,-0.1306046034157612,18.443804249614445,False,False,74.29929117522606,74.32452095312587,0.42085889917110386,25.903727166634862,15.167144096331956,2.3760932748945893,0.03860448319143987,0.06593199046891375,-0.7188212667512488,-0.0015714075086492585,-0.025229777899805867,1.2,0.25,True,1.2,16.260000228881836,2022-08-26,16.260000228881836,,0.0,0,0.0,-0.024178984959592142,-0.006044746239898036,0.95,0.000475,-0.006519746239898035,1.5452467217989803,-0.45273380520954376
2022-09-01,13.91536808013916,13.937000274658203,14.380000114440918,13.270000457763672,14.208999633789062,1178865000,NVDA,35082000000.0,,0.78,,,,,,,,,,15.0,0.5,10.0,55.0396214582977,4.466987267518655,25.559999465942383,0.0031378631887633013,-0.0048794058119450145,-0.0766529480945658,1.744523314058506,40.0,895.6244022485778,95.0,100.0,100.0,False,80.11773738429,81.19930919331478,79.46745457661854,82.93116381001101,0.7807764064044151,75.11773738429,4.999999999999999,72.27033769393267,0.44114190914003737,0.25222955153301774,0.3066285393269449,-0.28350000381469725,-0.1306046034157612,18.443804249614445,False,False,78.35722377620466,78.3141243976105,0.42085889917110386,21.739174765790853,10.249803116567154,2.3760932748945893,0.045999906195777845,0.09756284961060971,-0.7121761573583427,0.006645109392906079,0.04309937859416664,1.2,1.2,False,1.2,16.260000228881836,2022-08-26,16.260000228881836,,0.0,0,0.0,-0.0766529480945658,-0.09198353771347896,0.0,0.0,-0.09198353771347896,1.403109461687754,-0.5030732858773639
2022-09-02,13.62581729888916,13.647000312805176,14.170999526977539,13.590999603271484,14.100000381469727,743157000,NVDA,35082000000.0,,0.78,,,,,,,,,,15.0,0.5,10.0,55.0396214582977,4.374038561796531,25.469999313354492,-0.010544430280438832,-0.013001485294541149,-0.02080791821324257,1.7456780618276877,40.0,891.5873132282264,95.0,100.0,100.0,False,79.41795664954795,80.50389017448396,78.77203555778772,82.2357447911802,0.7807764064044153,74.41795664954795,4.999999999999999,72.27033769393267,0.44114190914003737,0.25222955153301774,0.3066285393269449,-0.28350000381469725,-0.1306046034157612,18.443804249614445,False,False,84.33691646738761,84.3627058924992,0.42085889917110386,14.24357089333229,5.672785177912541,2.3760932748945893,0.07020711361559766,0.176280251875848,-0.699780734742049,0.012395422616293672,-0.025789425111595394,1.2,1.2,False,1.2,13.647000312805176,2022-09-02,13.647000312805176,Trailing_Stop,-0.19284131950517322,7,0.0,-0.02080791821324257,-0.024969501855891085,0.0,0.0,-0.024969501855891085,1.3680745173801232,-0.5154812983878909
2022-09-06,13.444099426269531,13.46500015258789,13.779000282287598,13.35099983215332,13.730999946594238,535751000,NVDA,35082000000.0,,0.78,,,,,,,,,,15.0,0.5,10.0,55.0396214582977,4.315705177111504,26.90999984741211,-0.003773150381391921,-0.0066240484936583854,-0.013336275814877174,1.7678023055039993,40.0,885.4530508648002,95.0,100.0,100.0,False,78.73706797845921,79.81414363200008,78.08228901530384,81.54599824869632,0.7807764064044151,73.73706797845921,4.999999999999999,72.27033769393267,0.44114190914003737,0.25222955153301774,0.3066285393269449,-0.28350000381469725,-0.1306046034157612,18.443804249614445,False,False,87.38607363869416,87.38983388282782,0.42085889917110386,9.4610799116213,3.192701630657041,2.3760932748945893,0.10569617943631077,0.3132143606523624,-0.6808886710887379,0.018892063653311197,-0.0037602441336650827,1.2,1.2,False,1.2,13.647000312805176,2022-09-02,13.647000312805176,,0.0,0,0.0,-0.013336275814877174,-0.01600353097785261,0.0,0.0,-0.01600353097785261,1.3461804944612197,-0.5232353084384892
2022-09-07,13.696782112121582,13.71399974822998,13.838000297546387,13.345999717712402,13.562999725341797,512657000,NVDA,35082000000.0,,0.78,,,,,,,,,,15.0,0.5,10.0,55.0396214582977,4.395512739817301,24.639999389648438,0.017964962734754897,0.015988486707845473,0.018492357431888706,1.7868391970440458,40.0,878.3660841302443,95.0,100.0,100.0,False,78.07394300557308,79.13478983623789,77.40293521954163,80.86664445293414,0.7807764064044153,73.07394300557308,4.999999999999999,72.27033769393267,0.44114190914003737,0.25222955153301774,0.3066285393269449,-0.28350000381469725,-0.1306046034157612,18.443804249614445,False,False,87.0257324002042,87.02718520388524,0.42085889917110386,6.762709121976698,3.192701630657041,2.3760932748945893,0.14786973414992988,0.3132143606523624,-0.6631249728861235,0.017763698202614364,-0.0014528036810338564,1.2,1.2,False,1.2,13.647000312805176,2022-09-02,13.71399974822998,,0.0,0,0.0,0.018492357431888706,0.022190828918266448,0.0,0.0,0.022190828918266448,1.3760533555069159,-0.5126555047337776
2022-09-08,13.972434043884277,13.989999771118164,14.008000373840332,13.369000434875488,13.458999633789062,624873000,NVDA,35082000000.0,,0.78,,,,,,,,,,15.0,0.5,10.0,55.0396214582977,4.483974285614796,23.610000610351562,0.006536291697658347,0.003430723812621439,0.020125421318007986,1.8017377502482614,40.0,874.84998656259,94.99527464806289,100.0,100.0,False,77.42644405867678,78.46787179768772,76.73601718099148,80.19972641438396,0.7807764064044151,72.42644405867678,4.999999999999999,72.26914582053274,0.44114190914003737,0.25222955153301774,0.3066285393269449,-0.28350000381469725,-0.1306046034157612,18.443804249614445,False,False,86.62708594212566,86.62721165472635,0.42085889917110386,5.288178104602574,3.192701630657041,2.3760932748945893,0.1891010439171193,0.3132143606523624,-0.6474989468963059,0.01562602598981755,-0.00012571260069194068,1.2,1.2,False,1.2,13.647000312805176,2022-09-02,13.989999771118164,,0.0,0,0.0,0.020125421318007986,0.024150505581609583,0.0,0.0,0.024150505581609583,1.4092857397496783,-0.5008858887806841
2022-09-09,14.368936538696289,14.38700008392334,14.473999977111816,14.12600040435791,14.156999588012695,486612000,NVDA,35082000000.0,,0.78,,,,,,,,,,15.0,0.5,10.0,55.0396214582977,4.611217975616455,22.790000915527344,0.01553524437995768,0.01977110000631721,0.02837743526091896,1.796850714996922,40.0,879.7042631373686,94.98572215709594,100.0,100.0,False,76.79349692856688,77.81421560104471,76.08236098434847,79.54607021774095,0.7807764064044153,71.79349692856688,4.999999999999999,72.26673640002012,0.44114190914003737,0.25222955153301774,0.3066285393269449,-0.28350000381469725,-0.1306046034157612,18.443804249614445,False,False,86.48306430661651,86.48253269786508,0.42085889917110386,3.908986752170031,3.192701630657041,2.3760932748945893,0.2558207697800104,0.3132143606523624,-0.6329471301098977,0.014551816786408267,0.0005316087514324864,1.2,1.2,False,1.2,13.647000312805176,2022-09-02,14.38700008392334,,0.0,0,0.0,0.02837743526091896,0.03405292231310275,0.0,0.0,0.03405292231310275,1.4572760375623377,-0.4838895947259593
2022-09-12,14.48678970336914,14.505000114440918,14.54699993133545,14.197999954223633,14.369000434875488,484159000,NVDA,35082000000.0,,0.78,,,,,,,,,,15.0,0.5,10.0,55.0396214582977,4.649038498218243,23.8700008392334,0.010747651381183054,0.016034963536275537,0.008201850964707713,1.7722030346536213,40.0,874.563407509075,93.35611451702384,100.0,100.0,False,75.80394434195944,77.02942941626137,75.29757479956513,78.7612840329576,0.7807764064044151,70.80394434195944,4.999999999999999,71.85570119578995,0.44114190914003737,0.25222955153301774,0.3066285393269449,-0.28350000381469725,-0.1306046034157612,18.443804249614445,False,False,85.46235980988185,85.46136817607254,0.42085889917110386,3.787933511293966,3.192701630657041,2.3760932748945893,0.2639961860519558,0.3132143606523624,-0.989552586607445,-0.3566054564975474,0.0009916338093034938,1.2,1.2,False,1.2,13.647000312805176,2022-09-02,14.505000114440918,,0.0,0,0.0,0.008201850964707713,0.009842221157649255,0.0,0.0,0.009842221157649255,1.471618870611769,-0.4788099219754882
2022-09-13,13.114513397216797,13.130999565124512,13.92199993133545,13.098999977111816,13.802000045776367,714956000,NVDA,35082000000.0,,0.78,,,,,,,,,,15.0,0.5,10.0,55.0396214582977,4.208653706770677,27.270000457763672,-0.043482480629019826,-0.05308460703362339,-0.09472599369016732,1.8074897005032493,40.0,872.1483784102679,90.91103264435377,100.0,100.0,False,74.63487747868888,76.09462458787807,74.36276997118182,77.82647920457433,0.7807764064044153,69.63487747868888,4.999999999999999,71.23897929158487,0.44114190914003737,0.25222955153301774,0.3066285393269449,-0.28350000381469725,-0.1306046034157612,18.443804249614445,False,False,84.14225756271917,84.1407461976269,0.42085889917110386,3.787933511293966,3.192701630657041,2.3760932748945893,0.2639961860519558,0.3132143606523624,-1.169066863270558,-0.17951427666311304,0.0015113650922648958,1.2,1.2,False,1.2,13.647000312805176,2022-09-02,14.505000114440918,,0.0,0,0.0,-0.09472599369016732,-0.11367119242820078,0.0,0.0,-0.11367119242820078,1.304338198789487,-0.5380542196262815
2022-09-14,13.111517906188965,13.128000259399414,13.289999961853027,12.913000106811523,13.253999710083008,588507000,NVDA,35082000000.0,,0.78,,,,,,,,,,15.0,0.5,10.0,55.0396214582977,4.207692390833145,26.15999984741211,0.003815822886568565,0.003636331269235349,-0.00022841412112017956,1.8046897673102662,40.0,863.8150732389602,82.47132979577282,100.0,100.0,False,71.96329606194914,74.48180266780265,72.74994805110641,76.2136572844989,0.7807764064044151,66.96329606194914,4.999999999999999,69.11023682701537,0.44114190914003737,0.25222955153301774,0.3066285393269449,-0.28350000381469725,-0.1306046034157612,18.443804249614445,False,False,81.46468935683183,81.46326826097561,0.42085889917110386,3.9902154194728716,3.192701630657041,2.3760932748945893,0.25061303585762423,0.3132143606523624,-2.671581416739741,-1.502514553469183,0.0014210958562091492,1.2,1.2,False,1.2,13.647000312805176,2022-09-02,14.505000114440918,,0.0,0,0.0,-0.00022841412112017956,-0.00027409694534421544,0.0,0.0,-0.00027409694534421544,1.303980683673503,-0.5381808375535966
2022-09-15,12.912766456604004,12.928999900817871,13.232999801635742,12.789999961853027,13.015000343322754,523625000,NVDA,35082000000.0,,0.78,,,,,,,,,,15.0,0.5,10.0,55.0396214582977,4.143910224621113,26.270000457763672,-0.011353296799374357,-0.023022366773248648,-0.015158466990359942,1.757887234501608,40.0,860.4199594442206,72.87118768384242,100.0,100.0,False,68.88553468218741,72.29708566426028,70.56523104756403,74.02894028095653,0.7807764064044153,63.88553468218742,4.999999999999999,66.68879728746992,0.44114190914003737,0.25222955153301774,0.3066285393269449,-0.28350000381469725,-0.1306046034157612,18.443804249614445,False,False,77.23157258701826,77.23032250493908,0.42085889917110386,5.953499776811282,3.192701630657041,2.3760932748945893,0.16796842823358665,0.3132143606523624,-3.077761379761725,-0.4061799630219838,0.001250082079185404,1.2,1.2,False,1.2,13.647000312805176,2022-09-02,14.505000114440918,,0.0,0,0.0,-0.015158466990359942,-0.01819016038843193,0.0,0.0,-0.01819016038843193,1.280261065894065,-0.5465814021889479
2022-09-16,13.181427955627441,13.197999954223633,13.211999893188477,12.616999626159668,12.741999626159668,670751000,NVDA,35082000000.0,,0.78,,,,,,,,,,15.0,0.5,10.0,55.0396214582977,4.230128190456292,26.299999237060547,-0.011688705054002657,-0.0055627443610972716,0.020805944424885148,1.7466440080349348,40.0,854.3317248028444,59.46771119765099,100.0,100.0,False,64.58204549480658,69.2852249948744,67.55337037817816,71.01707961157064,0.7807764064044151,59.58204549480658,4.999999999999999,63.308044424374515,0.44114190914003737,0.25222955153301774,0.3066285393269449,-0.28350000381469725,-0.1306046034157612,18.443804249614445,False,False,73.56252374733775,73.56135960199484,0.42085889917110386,9.16965480336996,3.192701630657041,2.3760932748945893,0.10905535938304764,0.3132143606523624,-4.303489187380833,-1.2257278076191085,0.0011641453429126615,1.2,1.2,False,1.2,13.647000312805176,2022-09-02,14.505000114440918,,0.0,0,0.0,0.020805944424885148,0.024967133309862177,0.0,0.0,0.024967133309862177,1.3122255145976685,-0.5352608396122286
2022-09-19,13.36519718170166,13.381999969482422,13.463000297546387,13.010000228881836,13.01200008392334,569685000,NVDA,35082000000.0,,0.78,,,,,,,,,,15.0,0.5,10.0,55.0396214582977,4.289102554321289,25.760000228881836,0.007754928554071894,0.00567163149297234,0.013941507493330896,1.7733410165723258,40.0,848.9626179523123,45.670878743531944,100.0,100.0,False,59.98383214000785,65.6540709509852,63.922216334288954,67.38592556768145,0.7807764064044153,54.98383214000785,4.999999999999999,59.82807556189588,0.44114190914003737,0.25222955153301774,0.3066285393269449,-0.28350000381469725,-0.1306046034157612,18.443804249614445,False,False,71.32813083346649,71.3566592699863,0.42085889917110386,13.596802436881305,3.192701630657041,2.3760932748945893,0.07354670369317874,0.3132143606523624,-4.59821335479873,-0.29472416741789687,-0.02852843651980379,1.2,1.2,False,1.2,13.647000312805176,2022-09-02,14.505000114440918,,0.0,0,0.0,0.013941507493330896,0.016729808991997074,0.0,0.0,0.016729808991997074,1.3341787968113126,-0.52748584222784
2022-09-20,13.159455299377441,13.175999641418457,13.482999801635742,13.057000160217285,13.21500015258789,524818000,NVDA,35082000000.0,,0.78,,,,,,,,,,15.0,0.5,10.0,55.0396214582977,4.223076808146941,27.15999984741211,-0.011478552554876287,-0.005871521564355886,-0.015393837134490163,1.7850081169100873,40.0,837.9637745657624,31.962905266412026,100.0,100.0,False,55.2907100400184,61.60833710581688,59.87648248912063,63.340191722513126,0.7807764064044151,50.2907100400184,4.999999999999999,56.37051955933542,0.44114190914003737,0.25222955153301774,0.3066285393269449,-0.28350000381469725,-0.1306046034157612,18.443804249614445,False,False,69.97100883600523,69.98536997813828,0.42085889917110386,18.51284530361415,3.192701630657041,2.3760932748945893,0.05401654816425091,0.3132143606523624,-4.693122099989445,-0.09490874519071468,-0.014361142133049043,1.2,1.2,False,1.2,13.647000312805176,2022-09-02,14.505000114440918,,0.0,0,0.0,-0.015393837134490163,-0.018472604561388193,0.0,0.0,-0.018472604561388193,1.3095330394836284,-0.5362144094140225
2022-09-21,13.244348526000977,13.26099967956543,14.031000137329102,13.109999656677246,13.213000297546387,807679000,NVDA,35082000000.0,,0.78,,,,,,,,,,15.0,0.5,10.0,55.0396214582977,4.250320410117125,27.989999771118164,-0.017443780763191308,-0.015620101190868652,0.0064511263251538775,1.7530028202492005,40.0,830.4359351540661,21.834717318207666,100.0,100.0,False,51.71907258404199,57.747684898169844,56.0158302814736,59.47953951486609,0.7807764064044153,46.71907258404199,4.999999999999999,53.81589125531772,0.44114190914003737,0.25222955153301774,0.3066285393269449,-0.28350000381469725,-0.1306046034157612,18.443804249614445,False,False,69.04593200601613,69.16613317029366,0.42085889917110386,23.20334620863625,3.192701630657041,2.3760932748945893,0.043097232227126,0.3132143606523624,-3.571637455976415,1.1214846440130302,-0.12020116427753465,1.2,1.2,False,1.2,13.647000312805176,2022-09-02,14.505000114440918,,0.0,0,0.0,0.0064511263251538775,0.0077413515901846525,0.0,0.0,0.0077413515901846525,1.3196705951612344,-0.532624082094835
2022-09-22,12.545228958129883,12.560999870300293,13.14900016784668,12.428000450134277,13.069999694824219,759162000,NVDA,35082000000.0,,0.78,,,,,,,,,,15.0,0.5,10.0,55.0396214582977,4.025961496891119,27.350000381469727,-0.008399833871300055,-0.010183949902697664,-0.05278635292811318,1.7763067251047742,40.0,832.3612355551242,15.182760328205644,100.0,100.0,False,49.24596484679124,54.42871368318397,52.696859066487725,56.16056829988022,0.7807764064044151,44.24596484679124,4.999999999999999,52.138071126912585,0.44114190914003737,0.25222955153301774,0.3066285393269449,-0.28350000381469725,-0.1306046034157612,18.443804249614445,False,False,68.5139376804012,68.54643207744296,0.42085889917110386,27.37233511949744,3.192701630657041,2.3760932748945893,0.03653323677480828,0.3132143606523624,-2.47310773725075,1.0985297187256648,-0.0324943970417587,1.2,1.2,False,1.2,13.647000312805176,2022-09-02,14.505000114440918,,0.0,0,0.0,-0.05278635292811318,-0.0633436235137358,0.0,0.0,-0.0633436235137358,1.2360778778191936,-0.5622293662780065
2022-09-23,12.500285148620605,12.515999794006348,12.611000061035156,12.256999969482422,12.420000076293945,663309000,NVDA,35082000000.0,,0.78,,,,,,,,,,15.0,0.5,10.0,55.0396214582977,4.0115383955148545,29.920000076293945,-0.016754820675589754,-0.013080231500832373,-0.0035825234263671124,1.7638144853822904,40.0,824.8669699775633,10.333977601359674,100.0,100.0,False,47.29730684195347,51.64469658013206,49.91284196343582,53.37655119682831,0.7807764064044153,42.29730684195347,4.999999999999999,50.91506483423919,0.44114190914003737,0.25222955153301774,0.3066285393269449,-0.28350000381469725,-0.1306046034157612,18.443804249614445,False,False,67.85859155097339,67.95664977558292,0.42085889917110386,30.91243888169481,3.192701630657041,2.3760932748945893,0.03234943719022321,0.3132143606523624,-1.9486580048377675,0.5244497324129824,-0.09805822460952868,1.2,1.2,False,1.2,13.647000312805176,2022-09-02,14.505000114440918,,0.0,0,0.0,-0.0035825234263671124,-0.004299028111640534,0.0,0.0,-0.004299028111640534,1.230763944274272,-0.564111354538828
2022-09-26,12.212646484375,12.227999687194824,12.659000396728516,12.21399974822998,12.491000175476074,547343000,NVDA,35082000000.0,,0.78,,,,,,,,,,15.0,0.5,10.0,55.0396214582977,3.9192306689727,32.2599983215332,-0.009892687940418976,-0.006950061622745252,-0.0230105554131953,1.767939945792002,40.0,823.2611847107789,7.05480419093369,100.0,100.0,False,45.759403258994396,49.34714749517518,47.61529287847893,51.079002111871425,0.7807764064044151,40.759403258994396,4.999999999999999,50.08796039552844,0.44114190914003737,0.25222955153301774,0.3066285393269449,-0.28350000381469725,-0.1306046034157612,18.443804249614445,False,False,67.4033252768116,67.42690321020503,0.42085889917110386,33.839836748028944,3.192701630657041,2.3760932748945893,0.029550969983868098,0.3132143606523624,-1.5379035829590748,0.4107544218786927,-0.02357793339343175,1.2,1.2,False,1.2,12.227999687194824,2022-09-26,12.227999687194824,Trailing_Stop,-0.12477472790373277,24,0.0,-0.0230105554131953,-0.027612666495834357,0.0,0.0,-0.027612666495834357,1.1967792699459288,-0.5761474023352684
2022-09-27,12.397414207458496,12.413000106811523,12.736000061035156,12.258000373840332,12.506999969482422,553854000,NVDA,35082000000.0,,0.78,,,,,,,,,,15.0,0.5,10.0,55.0396214582977,3.9785256752601037,32.599998474121094,-0.0025527509044867003,0.0013021131647601436,0.015129246348479342,1.776634505705729,40.0,816.2730203547035,5.0,100.0,100.0,False,44.48964720573631,47.45083668512694,45.71898206843069,49.18269130182318,0.7807764064044153,39.48964720573631,4.999999999999999,49.56967805596108,0.44114190914003737,0.25222955153301774,0.3066285393269449,-0.28350000381469725,-0.1306046034157612,18.443804249614445,False,False,66.96173515302013,66.96932785263539,0.42085889917110386,36.14840916377622,3.192701630657041,2.3760932748945893,0.02766373467416887,0.3132143606523624,-1.2697560532580852,0.26814752970098965,-0.007592699615257175,1.2,1.2,False,1.2,12.227999687194824,2022-09-26,12.413000106811523,,0.0,0,0.0,0.015129246348479342,0.01815509561817521,0.0,0.0,0.01815509561817521,1.218506912025647,-0.5684523178966532
2022-09-28,12.720008850097656,12.736000061035156,12.822999954223633,12.354000091552734,12.40999984741211,542414000,NVDA,35082000000.0,,0.78,,,,,,,,,,15.0,0.5,10.0,55.0396214582977,4.082051301613832,30.18000030517578,0.019676354781243965,0.010565632417832926,0.02602110299236915,1.7749946472406186,40.0,816.0872251230386,5.0,100.0,100.0,False,43.7372057582963,46.001078980245374,44.26922436354913,47.73293359694162,0.7807764064044151,38.7372057582963,4.999999999999999,49.56967805596108,0.44114190914003737,0.25222955153301774,0.3066285393269449,-0.28350000381469725,-0.1306046034157612,18.443804249614445,False,False,66.68457967104622,66.59486089952517,0.42085889917110386,37.757765294876016,3.192701630657041,2.3760932748945893,0.026484618255087963,0.3132143606523624,-0.7524414474400132,0.517314605818072,0.08971877152104242,1.2,1.2,False,1.2,12.227999687194824,2022-09-26,12.736000061035156,,0.0,0,0.0,0.02602110299236915,0.031225323590842978,0.0,0.0,0.031225323590842978,1.2565551846513268,-0.554977101878098
2022-09-29,12.204659461975098,12.220000267028809,12.5,11.946000099182129,12.447999954223633,532763000,NVDA,35082000000.0,,0.78,,,,,,,,,,15.0,0.5,10.0,55.0396214582977,3.9166667522528233,31.84000015258789,-0.020888970555351105,-0.026057567630651368,-0.04051505900859809,1.7665432368374205,40.0,800.7370344833524,5.0,100.0,100.0,False,42.92298832944013,44.799428701784,43.067574085087756,46.53128331848025,0.7807764064044153,37.92298832944013,4.999999999999999,49.56967805596108,0.44114190914003737,0.25222955153301774,0.3066285393269449,-0.28350000381469725,-0.1306046034157612,18.443804249614445,False,False,66.25757637554064,66.16969399804259,0.42085889917110386,38.7551108385299,3.192701630657041,2.3760932748945893,0.025803048381577872,0.3132143606523624,-0.8142174288561677,-0.06177598141615448,0.0878823774980532,1.2,1.2,False,1.2,12.227999687194824,2022-09-26,12.736000061035156,,0.0,0,0.0,-0.04051505900859809,-0.0486180708103177,0.0,0.0,-0.0486180708103177,1.1954638957068768,-0.5766132566512013
2022-09-30,12.123758316040039,12.138999938964844,12.633000373840332,12.074999809265137,12.086999893188477,565638000,NVDA,35082000000.0,,0.78,,,,,,,,,,15.0,0.5,10.0,55.0396214582977,3.890705108642578,31.6200008392334,-0.015463534653672784,-0.01915771861318394,-0.006628504606707275,1.7210047859928068,40.0,792.9898068503504,5.0,100.0,100.0,False,42.04803997422376,43.725319000120955,41.99346438342471,45.4571736168172,0.7807764064044151,37.04803997422376,4.999999999999999,49.56967805596108,0.44114190914003737,0.25222955153301774,0.3066285393269449,-0.28350000381469725,-0.1306046034157612,18.443804249614445,False,False,65.72910468115703,65.68714870256399,0.42085889917110386,39.187202160949994,3.192701630657041,2.3760932748945893,0.025518535257832185,0.3132143606523624,-0.8749483552163682,-0.0607309263602005,0.041955978593038595,0.5,1.2,True,0.5,12.227999687194824,2022-09-26,12.736000061035156,,0.0,0,0.0,-0.006628504606707275,-0.00795420552804873,0.7,0.00035,-0.00830420552804873,1.185536517815565,-0.5801291471858211
2022-10-03,12.496288299560547,12.51200008392334,12.678000450134277,12.104999542236328,12.347000122070312,547478000,NVDA,35082000000.0,,0.78,,,,,,,,,,15.0,0.5,10.0,55.0396214582977,4.010256437154917,30.100000381469727,0.02640123430525132,0.030981649629526764,0.030727419625500296,1.682533554705362,40.0,786.9128832311193,5.0,100.0,100.0,False,41.121380809781414,42.708772248744694,40.97691763204845,44.44062686544094,0.7807764064044153,36.121380809781414,4.999999999999999,49.56967805596108,0.44114190914003737,0.25222955153301774,0.3066285393269449,-0.28350000381469725,-0.1306046034157612,18.443804249614445,False,False,65.1631754362215,65.1303150824712,0.42085889917110386,39.07279656426221,3.192701630657041,2.3760932748945893,0.025593253821884,0.3132143606523624,-0.9266591644423485,-0.05171080922598037,0.03286035375029542,0.5,0.5,False,0.5,12.227999687194824,2022-09-26,12.736000061035156,,0.0,0,0.0,0.030727419625500296,0.015363709812750148,0.0,0.0,0.015363709812750148,1.2037507568477017,-0.573678373244352
2022-10-04,13.150467872619629,13.166999816894531,13.220000267028809,12.878999710083008,12.878999710083008,584182000,NVDA,35082000000.0,,0.78,,,,,,,,,,15.0,0.5,10.0,55.0396214582977,4.220192249004658,29.06999969482422,0.030986651545366062,0.033561984656855115,0.05234972255257575,1.664311764593551,40.0,809.7528746541659,5.0,100.0,100.0,False,40.1746633890136,41.71948604427548,39.98763142757923,43.451340660971724,0.7807764064044151,35.1746633890136,4.999999999999999,49.56967805596108,0.44114190914003737,0.25222955153301774,0.3066285393269449,-0.28350000381469725,-0.1306046034157612,18.443804249614445,False,False,64.5056986219805,64.48424681960442,0.42085889917110386,38.40701069536537,3.192701630657041,2.3760932748945893,0.026036913102447504,0.3132143606523624,-0.9467174207678113,-0.020058256325462764,0.021451802376079174,0.5,0.5,False,0.5,12.227999687194824,2022-09-26,13.166999816894531,,0.0,0,0.0,0.05234972255257575,0.026174861276287875,0.0,0.0,0.026174861276287875,1.2352587659194167,-0.5625194638049417
2022-10-05,13.192413330078125,13.208999633789062,13.321000099182129,12.621000289916992,12.91100025177002,507131000,NVDA,35082000000.0,,0.78,,,,,,,,,,15.0,0.5,10.0,55.0396214582977,4.233653728778545,28.549999237060547,-0.0023282400189708063,0.0033183074184877093,0.0031897788014427775,1.6777213781411413,40.0,804.0218351844512,5.0,100.0,100.0,False,39.45343059913273,40.834844730689625,39.10299011399338,42.56669934738587,0.7807764064044153,34.45343059913273,4.999999999999999,49.56967805596108,0.44114190914003737,0.25222955153301774,0.3066285393269449,-0.28350000381469725,-0.1306046034157612,18.443804249614445,False,False,63.8146532022607,63.773268033795254,0.42085889917110386,37.16021973573663,3.192701630657041,2.3760932748945893,0.026910497491980906,0.3132143606523624,-0.7212327898808724,0.22548463088693893,0.04138516846544576,0.5,0.5,False,0.5,12.227999687194824,2022-09-26,13.208999633789062,,0.0,0,0.0,0.0031897788014427775,0.0015948894007213887,0.0,0.0,0.0015948894007213887,1.2372288670323297,-0.5618217307347423
2022-10-06,13.113513946533203,13.130000114440918,13.656000137329102,13.102999687194824,13.220000267028809,644157000,NVDA,35082000000.0,,0.78,,,,,,,,,,15.0,0.5,10.0,55.0396214582977,4.208333370013115,30.520000457763672,-0.010315797736977772,-0.008189628577228714,-0.0059807344642558435,1.6753204539922073,40.0,794.3719246103424,5.0,100.0,100.0,False,38.856699947140285,40.06260034296598,38.33074572626973,41.794454959662225,0.7807764064044151,33.856699947140285,4.999999999999999,49.56967805596108,0.44114190914003737,0.25222955153301774,0.3066285393269449,-0.28350000381469725,-0.1306046034157612,18.443804249614445,False,False,62.98772880128273,62.99267087979602,0.42085889917110386,35.27129850673061,3.192701630657041,2.3760932748945893,0.0283516638835731,0.3132143606523624,-0.5967306519924449,0.12450213788842746,-0.004942078513292358,0.5,0.5,False,0.5,12.227999687194824,2022-09-26,13.208999633789062,,0.0,0,0.0,-0.0059807344642558435,-0.0029903672321279218,0.0,0.0,-0.0029903672321279218,1.2335290983697136,-0.5631320446729835
2022-10-07,12.060835838317871,12.076000213623047,12.670000076293945,12.022000312805176,12.505000114440918,672478000,NVDA,35082000000.0,,0.78,,,,,,,,,,15.0,0.5,10.0,55.0396214582977,3.8705128889817457,31.360000610351562,-0.027893899575583303,-0.041127434939950414,-0.08027417301075557,1.6948805823004873,40.0,826.7889853362418,5.0,100.0,100.0,False,38.217583802299245,39.34232765077674,37.61047303408049,41.074182267472985,0.7807764064044153,33.217583802299245,4.999999999999999,49.56967805596108,0.44114190914003737,0.25222955153301774,0.3066285393269449,-0.28350000381469725,-0.1306046034157612,18.443804249614445,False,False,62.08390179972564,62.08876027383445,0.42085889917110386,32.629534382820545,3.192701630657041,2.3760932748945893,0.03064708151417877,0.3132143606523624,-0.6391161448410401,-0.04238549284859516,-0.00485847410881604,0.5,0.5,False,0.5,12.227999687194824,2022-09-26,13.208999633789062,,0.0,0,0.0,-0.08027417301075557,-0.040137086505377784,0.0,0.0,-0.040137086505377784,1.1840188342415476,-0.5806666515873715
2022-10-10,11.655346870422363,11.670000076293945,12.12399959564209,11.407999992370605,12.036999702453613,698699000,NVDA,35082000000.0,,0.78,,,,,,,,,,15.0,0.5,10.0,55.0396214582977,3.740384639837803,32.45000076293945,-0.00763532474987394,-0.016808800494517717,-0.03362041488464773,1.7003095979849034,40.0,837.6316639810143,5.0,100.0,100.0,False,37.477647270333485,38.61437842750909,36.88252381081284,40.346233044205334,0.7807764064044151,32.477647270333485,4.999999999999999,49.56967805596108,0.44114190914003737,0.25222955153301774,0.3066285393269449,-0.28350000381469725,-0.1306046034157612,18.443804249614445,False,False,60.98682413008033,60.99096099481841,0.42085889917110386,29.234702853566997,3.192701630657041,2.3760932748945893,0.034205923180026014,0.3132143606523624,-0.7399365319657605,-0.10082038712472041,-0.00413686473807843,0.5,0.5,False,0.5,12.227999687194824,2022-09-26,13.208999633789062,,0.0,0,0.0,-0.03362041488464773,-0.016810207442323866,0.0,0.0,-0.016810207442323866,1.1641152320223287,-0.5877157321616722
2022-10-11,11.571453094482422,11.586000442504883,11.845999717712402,11.282999992370605,11.560999870300293,667482000,NVDA,35082000000.0,,0.78,,,,,,,,,,15.0,0.5,10.0,55.0396214582977,3.713461680290026,33.630001068115234,-0.006332978303630554,-0.015327604240925718,-0.007197912017129826,1.702060478550981,40.0,833.4055774495372,5.0,100.0,100.0,False,36.51284744509403,37.793965523310305,36.06211090661406,39.52582014000655,0.7807764064044153,31.512847445094035,4.999999999999999,49.56967805596108,0.44114190914003737,0.25222955153301774,0.3066285393269449,-0.28350000381469725,-0.1306046034157612,18.443804249614445,False,False,59.5180225305778,59.51962719108384,0.42085889917110386,24.94229737920816,3.192701630657041,2.3760932748945893,0.04009253778016445,0.3132143606523624,-0.964799825239453,-0.22486329327369248,-0.0016046605060370213,0.5,0.5,False,0.5,12.227999687194824,2022-09-26,13.208999633789062,,0.0,0,0.0,-0.007197912017129826,-0.003598956008564913,0.0,0.0,-0.003598956008564913,1.15992563251338,-0.5891995251046457
2022-10-12,11.485562324523926,11.5,11.734999656677246,11.345000267028809,11.579000473022461,492590000,NVDA,35082000000.0,,0.78,,,,,,,,,,15.0,0.5,10.0,55.0396214582977,3.6858974358974357,33.56999969482422,-0.0032984645496528797,-0.0030790336639534566,-0.007422789506323357,1.6932296949560552,40.0,826.4747645280764,5.0,100.0,100.0,False,35.28887169673222,36.816006445499546,35.0841518288033,38.54786106219579,0.7807764064044151,30.288871696732226,4.999999999999999,49.56967805596108,0.44114190914003737,0.25222955153301774,0.3066285393269449,-0.28350000381469725,-0.1306046034157612,18.443804249614445,False,False,57.51381916567202,57.495780395201066,0.42085889917110386,20.335116998154017,3.192701630657041,2.3760932748945893,0.049176014088867945,0.3132143606523624,-1.2239757483618092,-0.25917592312235627,0.018038770470955114,0.5,0.5,False,0.5,12.227999687194824,2022-09-26,13.208999633789062,,0.0,0,0.0,-0.007422789506323357,-0.0037113947531616787,0.0,0.0,-0.0037113947531616787,1.155620690606812,-0.5907241678317686
2022-10-13,11.944984436035156,11.960000038146973,12.07800006866455,10.812999725341797,10.970999717712402,850103000,NVDA,35082000000.0,,0.78,,,,,,,,,,15.0,0.5,10.0,55.0396214582977,3.833333345559927,31.940000534057617,0.026391080677980572,0.031056990583431476,0.04000000331712816,1.6554733090731015,40.0,826.6115332359815,5.0,100.0,100.0,False,33.85227226415484,35.658999583675424,33.92714496697918,37.39085420037167,0.7807764064044153,28.852272264154845,4.999999999999999,49.56967805596108,0.44114190914003737,0.25222955153301774,0.3066285393269449,-0.28350000381469725,-0.1306046034157612,18.443804249614445,False,False,54.34138682137672,54.33142665034565,0.42085889917110386,15.462835224578148,3.192701630657041,2.3760932748945893,0.06467119292654053,0.3132143606523624,-1.4365994325773812,-0.21262368421557198,0.009960171031074197,0.5,0.5,False,0.5,12.227999687194824,2022-09-26,13.208999633789062,,0.0,0,0.0,0.04000000331712816,0.02000000165856408,0.0,0.0,0.02000000165856408,1.1787331063356192,-0.5825386505095939
2022-10-14,11.212903022766113,11.22700023651123,12.111000061035156,11.204000473022461,12.057000160217285,713432000,NVDA,35082000000.0,,0.78,,,,,,,,,,15.0,0.5,10.0,55.0396214582977,3.5983975117023173,32.02000045776367,-0.022788743093893893,-0.02812445702142674,-0.06128760863694027,1.6760583150112658,40.0,816.5852344678243,5.0,100.0,100.0,False,32.6910889299615,34.50036227630736,32.76850765961111,36.2322168930036,0.7807764064044151,27.691088929961502,4.999999999999999,49.56967805596108,0.44114190914003737,0.25222955153301774,0.3066285393269449,-0.28350000381469725,-0.1306046034157612,18.443804249614445,False,False,49.15026954515768,49.153660384585564,0.42085889917110386,10.955123692465484,3.192701630657041,2.3760932748945893,0.09128148874190821,0.3132143606523624,-1.161183334193339,0.27541609838404213,-0.003390839427887613,0.5,0.5,False,0.5,11.22700023651123,2022-10-14,11.22700023651123,Trailing_Stop,-0.04093062955063049,18,0.0,-0.06128760863694027,-0.030643804318470136,0.0,0.0,-0.030643804318470136,1.142612239681368,-0.5953312544139023
2022-10-17,11.87307357788086,11.887999534606934,11.947999954223633,11.517000198364258,11.517999649047852,580774000,NVDA,35082000000.0,,0.78,,,,,,,,,,15.0,0.5,10.0,55.0396214582977,3.8102562610919657,31.3700008392334,0.0256969558368505,0.030479430355975223,0.058875860351910614,1.6836842641003507,40.0,825.9102933936417,5.0,100.0,100.0,False,31.769348857088026,33.434206854657205,31.70235223796096,35.16606147135345,0.7807764064044153,26.769348857088026,4.999999999999999,49.56967805596108,0.44114190914003737,0.25222955153301774,0.3066285393269449,-0.28350000381469725,-0.1306046034157612,18.443804249614445,False,False,40.177684940886806,40.18575057185679,0.42085889917110386,7.102480641430502,3.192701630657041,2.3760932748945893,0.14079587829733123,0.3132143606523624,-0.9217400728734759,0.23944326131986315,-0.008065630969977634,0.5,0.5,False,0.5,11.22700023651123,2022-10-14,11.887999534606934,,0.0,0,0.0,0.058875860351910614,0.029437930175955307,0.0,0.0,0.029437930175955307,1.1762483790113,-0.5834186441369473
2022-10-18,11.951974868774414,11.967000007629395,12.491999626159668,11.618000030517578,12.343999862670898,659362000,NVDA,35082000000.0,,0.78,,,,,,,,,,15.0,0.5,10.0,55.0396214582977,3.8355769255222416,30.5,0.011749625081884707,0.008474548337437326,0.0066453967122461766,1.6802547097093095,40.0,818.572504697982,5.0,100.0,100.0,False,31.861866514717086,32.820383734525635,31.08852911782939,34.55223835122188,0.7807764064044151,26.861866514717086,4.999999999999999,49.56967805596108,0.44114190914003737,0.25222955153301774,0.3066285393269449,-0.28350000381469725,-0.1306046034157612,18.443804249614445,False,False,27.809240749595453,27.82722981305735,0.42085889917110386,4.356364478810038,3.192701630657041,2.3760932748945893,0.2295492043570135,0.3132143606523624,0.09251765762905961,1.0142577305025355,-0.0179890634618954,0.5,0.5,False,0.5,11.22700023651123,2022-10-14,11.967000007629395,,0.0,0,0.0,0.0066453967122461766,0.0033226983561230883,0.0,0.0,0.0033226983561230883,1.1801566975666333,-0.5820344699506297
2022-10-19,12.035868644714355,12.050999641418457,12.350000381469727,11.833999633789062,11.878999710083008,523131000,NVDA,35082000000.0,,0.78,,,,,,,,,,15.0,0.5,10.0,55.0396214582977,3.8624998850700183,30.760000228881836,-0.007086478722309053,-0.0028834938378715647,0.007019272477271743,1.6797950766161294,40.0,812.8684814239813,5.0,100.0,100.0,False,32.43814951485751,32.671164004306995,30.93930938761075,34.40301862100324,0.7807764064044153,27.438149514857507,4.999999999999999,49.56967805596108,0.44114190914003737,0.25222955153301774,0.3066285393269449,-0.28350000381469725,-0.1306046034157612,18.443804249614445,False,False,24.39921777000965,24.419951843859437,0.42085889917110386,3.787933511293966,3.192701630657041,2.3760932748945893,0.2639961860519558,0.3132143606523624,0.5762830001404211,0.4837653425113615,-0.020734073849788502,0.5,0.5,False,0.5,11.22700023651123,2022-10-14,12.050999641418457,,0.0,0,0.0,0.007019272477271743,0.0035096362386358715,0.0,0.0,0.0035096362386358715,1.184298618279682,-0.5805675629798678
2022-10-20,12.178689956665039,12.194000244140625,12.769000053405762,12.104999542236328,12.11299991607666,652398000,NVDA,35082000000.0,,0.78,,,,,,,,,,15.0,0.5,10.0,55.0396214582977,3.9083334115835333,29.979999542236328,-0.008385336059404724,0.0005783664837661906,0.011866285534577914,1.6682422468598808,40.0,806.3790060687264,5.0,100.0,100.0,False,33.11739915339784,32.84536894236624,31.113514325669996,34.57722355906249,0.7807764064044151,28.11739915339784,4.999999999999999,49.56967805596108,0.44114190914003737,0.25222955153301774,0.3066285393269449,-0.28350000381469725,-0.1306046034157612,18.443804249614445,False,False,24.55543356486435,24.572443459601597,0.42085889917110386,3.787933511293966,3.192701630657041,2.3760932748945893,0.2639961860519558,0.3132143606523624,0.6792496385403339,0.10296663839991282,-0.01700989473724576,0.5,0.5,False,0.5,11.22700023651123,2022-10-14,12.194000244140625,,0.0,0,0.0,0.011866285534577914,0.005933142767288957,0.0,0.0,0.005933142767288957,1.1913252310610383,-0.5780790104497954
2022-10-21,12.450348854064941,12.465999603271484,12.498000144958496,11.88700008392334,12.097999572753906,609494000,NVDA,35082000000.0,,0.78,,,,,,,,,,15.0,0.5,10.0,55.0396214582977,3.995512693356245,29.690000534057617,0.02430148270112431,0.026754730838926655,0.022305999154097034,1.6497359694640283,40.0,802.7914153785763,5.0,100.0,100.0,False,33.79237987940766,33.21507084049068,31.483216223794436,34.94692545718693,0.7807764064044153,28.79237987940766,4.999999999999999,49.56967805596108,0.44114190914003737,0.25222955153301774,0.3066285393269449,-0.28350000381469725,-0.1306046034157612,18.443804249614445,False,False,24.737616636918684,24.71558334904796,0.42085889917110386,3.787933511293966,3.192701630657041,2.3760932748945893,0.2639961860519558,0.3132143606523624,0.6749807260098208,-0.0042689125305130915,0.02203328787072337,0.5,0.5,False,0.5,11.22700023651123,2022-10-14,12.465999603271484,,0.0,0,0.0,0.022305999154097034,0.011152999577048517,0.0,0.0,0.011152999577048517,1.2046120808591894,-0.573373325831794
2022-10-24,12.58318042755127,12.598999977111816,12.710000038146973,12.064000129699707,12.508000373840332,517457000,NVDA,35082000000.0,,0.78,,,,,,,,,,15.0,0.5,10.0,55.0396214582977,4.038141018305069,29.850000381469727,0.012236464954195947,0.013833048667856396,0.010669050062012575,1.653302231054251,40.0,797.2199568902859,5.0,100.0,100.0,False,34.46548095864642,33.70321619978336,31.971361583087116,35.43507081647961,0.7807764064044151,29.465480958646417,4.999999999999999,49.56967805596108,0.44114190914003737,0.25222955153301774,0.3066285393269449,-0.28350000381469725,-0.1306046034157612,18.443804249614445,False,False,24.88895627834368,24.86980081743809,0.42085889917110386,3.787933511293966,3.192701630657041,2.3760932748945893,0.2639961860519558,0.3132143606523624,0.6731010792387551,-0.0018796467710657794,0.019155460905589054,0.5,0.5,False,0.5,11.22700023651123,2022-10-14,12.598999977111816,,0.0,0,0.0,0.010669050062012575,0.0053345250310062875,0.0,0.0,0.0053345250310062875,1.211038114157185,-0.5710974751595489
2022-10-25,13.244348526000977,13.26099967956543,13.300000190734863,12.663999557495117,12.694000244140625,505482000,NVDA,35082000000.0,,0.78,,,,,,,,,,15.0,0.5,10.0,55.0396214582977,4.250320410117125,28.459999084472656,0.015968586556123432,0.019117909795208332,0.052543829165508926,1.6771666903789388,40.0,807.3979213386476,5.0,93.55358026820147,93.55358026820147,False,32.30110850542438,33.15584989628657,31.423995279590322,34.887704512982815,0.7807764064044153,27.301108505424384,4.999999999999999,47.593021789711294,0.44114190914003737,0.25222955153301774,0.3066285393269449,-0.28350000381469725,-0.1306046034157612,18.443804249614445,False,False,21.861262693405095,21.780122074964893,0.42085889917110386,3.787933511293966,3.192701630657041,2.3760932748945893,0.2639961860519558,0.3132143606523624,-2.164372453222036,-1.518727130426143,0.08114061844020284,0.5,0.5,False,0.5,11.22700023651123,2022-10-14,13.26099967956543,,0.0,0,0.0,0.052543829165508926,0.026271914582754463,0.0,0.0,0.026271914582754463,1.2428544040487826,-0.5598293846626129
2022-10-26,12.879807472229004,12.895999908447266,13.387999534606934,12.708000183105469,12.869000434875488,532953000,NVDA,35082000000.0,,0.78,,,,,,,,,,15.0,0.5,10.0,55.0396214582977,4.133333303989508,27.280000686645508,-0.007534096209333541,-0.022262011233566192,-0.027524302838240144,1.6702359168710124,40.0,797.9503420272905,5.0,82.94364190168832,82.94364190168832,False,28.938818462078075,31.509570571838687,29.77771595514244,33.24142518853493,0.7807764064044151,23.938818462078075,4.999999999999999,44.33971188603846,0.44114190914003737,0.25222955153301774,0.3066285393269449,-0.28350000381469725,-0.1306046034157612,18.443804249614445,False,False,16.47377013814501,16.4350689107441,0.42085889917110386,3.787933511293966,4.005631894757997,2.3760932748945893,0.2639961860519558,0.24964850147829565,-3.362290043346306,-1.1979175901242698,0.03870122740090892,0.5,0.5,False,0.5,11.22700023651123,2022-10-14,13.26099967956543,,0.0,0,0.0,-0.027524302838240144,-0.013762151419120072,0.0,0.0,-0.013762151419120072,1.225750053548343,-0.5658870793211332
2022-10-27,13.159455299377441,13.175999641418457,13.838000297546387,13.121999740600586,13.630000114440918,583113000,NVDA,35082000000.0,,0.78,,,,,,,,,,15.0,0.5,10.0,55.0396214582977,4.223076808146941,27.389999389648438,-0.00533997718970336,-0.011384446287933003,0.021712138256746005,1.6843074950300547,40.0,792.1088796388935,5.0,70.15645423794348,70.15645423794348,False,25.74810414247974,29.26036204467141,27.528507427975164,30.992216661367657,0.7807764064044153,20.74810414247974,4.999999999999999,40.41879521060484,0.44114190914003737,0.25222955153301774,0.3066285393269449,-0.28350000381469725,-0.1306046034157612,18.443804249614445,False,False,13.907322163874287,13.899084832802295,0.42085889917110386,3.787933511293966,7.5422368263431405,2.3760932748945893,0.2639961860519558,0.13258666136115627,-3.190714319598335,0.1715757237479707,0.008237331071993027,0.5,0.5,False,0.5,11.22700023651123,2022-10-14,13.26099967956543,,0.0,0,0.0,0.021712138256746005,0.010856069128373003,0.0,0.0,0.010856069128373003,1.2390568808637707,-0.5611743194447235
2022-10-28,13.816629409790039,13.833999633789062,13.850000381469727,13.060999870300293,13.104000091552734,521040000,NVDA,35082000000.0,,0.78,,,,,,,,,,15.0,0.5,10.0,55.0396214582977,4.433974241599058,25.75,0.023790667313994707,0.043485275508199805,0.04993928432588879,1.635314693977881,40.0,786.7076476533356,5.0,53.83369217915621,53.83369217915621,False,22.839434413870727,26.753707643991724,25.021853027295478,28.48556226068797,0.7807764064044151,17.839434413870727,4.999999999999999,35.41377052273763,0.44114190914003737,0.25222955153301774,0.3066285393269449,-0.28350000381469725,-0.1306046034157612,18.443804249614445,False,False,13.709123749837373,13.709465262839814,0.42085889917110386,3.787933511293966,12.267420888507742,2.3760932748945893,0.2639961860519558,0.08151672703565681,-2.908669728609013,0.28204459098932233,-0.0003415130024410473,0.5,0.5,False,0.5,11.22700023651123,2022-10-14,13.833999633789062,,0.0,0,0.0,0.04993928432588879,0.024969642162944394,0.0,0.0,0.024969642162944394,1.269995687798473,-0.5502169992293477
2022-10-31,13.480053901672363,13.496999740600586,13.838000297546387,13.29699993133545,13.777999877929688,486341000,NVDA,35082000000.0,,0.78,,,,,,,,,,15.0,0.5,10.0,55.0396214582977,4.325961455320701,25.8799991607666,-0.007223272936998093,-0.0131964736865966,-0.024360264718047753,1.6358597409110667,40.0,777.2400236010134,5.0,40.21658970587364,40.21658970587364,False,21.39996430320143,24.66366940077482,22.931814784078572,26.395524017471065,0.7807764064044153,16.39996430320143,4.999999999999999,31.238378281489666,0.44114190914003737,0.25222955153301774,0.3066285393269449,-0.28350000381469725,-0.1306046034157612,18.443804249614445,False,False,14.165363399704791,14.165513771446477,0.42085889917110386,3.787933511293966,17.2592242028719,2.3760932748945893,0.2639961860519558,0.057940031848801296,-1.4394701106692978,1.469199617939715,-0.00015037174168526236,0.25,0.5,True,0.25,11.22700023651123,2022-10-14,13.833999633789062,,0.0,0,0.0,-0.024360264718047753,-0.012180132359023876,0.25,0.000125,-0.012305132359023876,1.2543682227647233,-0.5557516385866695
2022-11-01,13.525995254516602,13.543000221252441,13.925000190734863,13.519000053405762,13.810999870300293,432817000,NVDA,35082000000.0,,0.78,,,,,,,,,,15.0,0.5,10.0,55.0396214582977,4.340705199119372,25.809999465942383,-0.004375864112264538,-0.00836787105529968,0.0034082004546152067,1.6170196710641027,40.0,769.6570497359678,5.0,27.9854932124682,27.9854932124682,False,20.612933106695422,23.082309737283193,21.350455120586947,24.81416435397944,0.7807764064044151,15.612933106695422,4.999999999999999,27.48797502934984,0.44114190914003737,0.25222955153301774,0.3066285393269449,-0.28350000381469725,-0.1306046034157612,18.443804249614445,False,False,14.703885781535941,14.825383951970032,0.42085889917110386,3.787933511293966,22.28919696128401,2.3760932748945893,0.2639961860519558,0.0448647836769079,-0.7870311965060068,0.6524389141632909,-0.12149817043409143,0.25,0.25,False,0.25,11.22700023651123,2022-10-14,13.833999633789062,,0.0,0,0.0,0.0034082004546152067,0.0008520501136538017,0.0,0.0,0.0008520501136538017,1.2554370073514936,-0.5553731167198369
2022-11-02,13.202401161193848,13.218999862670898,14.210000038146973,13.211000442504883,13.850000381469727,672628000,NVDA,35082000000.0,,0.78,,,,,,,,,,15.0,0.5,10.0,55.0396214582977,4.236858930343237,25.860000610351562,-0.025096208707478307,-0.0345426244274194,-0.023923824358586643,1.564954794894079,40.0,769.6006865995877,5.0,20.55103237313527,20.55103237313527,False,20.599223077160808,22.112941997642643,20.381087380946397,23.84479661433889,0.7807764064044153,15.599223077160808,4.999999999999999,25.208357161501812,0.44114190914003737,0.25222955153301774,0.3066285393269449,-0.28350000381469725,-0.1306046034157612,18.443804249614445,False,False,15.54180979228411,15.63764319949405,0.42085889917110386,3.787933511293966,26.75242323368965,2.3760932748945893,0.2639961860519558,0.03737979140299664,-0.01371002953461442,0.7733211669713924,-0.09583340720994159,0.25,0.25,False,0.25,11.22700023651123,2022-10-14,13.833999633789062,,0.0,0,0.0,-0.023923824358586643,-0.005980956089646661,0.0,0.0,-0.005980956089646661,1.247928293737207,-0.558032410585012
2022-11-03,13.404149055480957,13.420999526977539,13.781000137329102,12.956000328063965,13.043000221252441,500065000,NVDA,35082000000.0,,0.78,,,,,,,,,,15.0,0.5,10.0,55.0396214582977,4.301602412492801,25.299999237060547,-0.010296863984421645,-0.02940694762266638,0.015281009638033805,1.4746847564232306,40.0,760.9704713696685,5.0,17.45779033265869,17.45779033265869,False,21.11895498252664,21.72490119280518,19.993046576108934,23.456755809501427,0.7807764064044151,16.11895498252664,4.999999999999999,24.259880872845777,0.44114190914003737,0.25222955153301774,0.3066285393269449,-0.28350000381469725,-0.1306046034157612,18.443804249614445,False,False,16.539886052902055,16.526159995002217,0.42085889917110386,3.787933511293966,30.353729219393653,2.3760932748945893,0.2639961860519558,0.032944881097544954,0.5197319053658305,0.5334419349004449,0.013726057899837656,0.25,0.25,False,0.25,11.22700023651123,2022-10-14,13.833999633789062,,0.0,0,0.0,0.015281009638033805,0.003820252409508451,0.0,0.0,0.003820252409508451,1.2526956948082504,-0.5563439828366247
2022-11-04,14.138227462768555,14.156000137329102,14.229000091552734,13.696999549865723,13.986000061035156,612576000,NVDA,35082000000.0,,0.78,,,,,,,,,,15.0,0.5,10.0,55.0396214582977,4.537179531195225,24.549999237060547,0.014393132792465568,0.01826290333713776,0.05476496805428965,1.4992223486549443,40.0,759.3910333177972,5.0,16.136498732658993,16.136498732658993,False,21.82949178822222,21.765732127421888,20.03387751072564,23.497586744118134,0.7807764064044153,16.82949178822222,4.999999999999999,23.85473515951291,0.44114190914003737,0.25222955153301774,0.3066285393269449,-0.28350000381469725,-0.1306046034157612,18.443804249614445,False,False,17.446162412550716,17.42359884527157,0.42085889917110386,3.787933511293966,33.15727688458793,2.3760932748945893,0.2639961860519558,0.030159292136104732,0.7105368056955825,0.19080490032975206,0.022563567279145786,0.25,0.25,False,0.25,11.22700023651123,2022-10-14,14.156000137329102,,0.0,0,0.0,0.05476496805428965,0.013691242013572413,0.0,0.0,0.013691242013572413,1.2698466547352303,-0.5502697809348633
2022-11-07,14.283041954040527,14.300999641418457,14.411999702453613,13.954000473022461,14.227999687194824,410061000,NVDA,35082000000.0,,0.78,,,,,,,,,,15.0,0.5,10.0,55.0396214582977,4.5836537312238645,24.350000381469727,0.009565580032235843,0.016695630284541352,0.010242971367808495,1.4740358863375234,40.0,755.1949608273653,5.0,15.749089698926724,15.749089698926724,False,22.64138137437172,22.107575263574,20.375720646877753,23.839429880270245,0.7807764064044151,17.64138137437172,4.999999999999999,23.73594449337752,0.44114190914003737,0.25222955153301774,0.3066285393269449,-0.28350000381469725,-0.1306046034157612,18.443804249614445,False,False,18.426585346916934,18.309049377481756,0.42085889917110386,3.787933511293966,35.25235327382186,2.3760932748945893,0.2639961860519558,0.02836690056497853,0.8118895861494977,0.10135278045391516,0.1175359694351772,0.25,0.25,False,0.25,11.22700023651123,2022-10-14,14.300999641418457,,0.0,0,0.0,0.010242971367808495,0.002560742841952124,0.0,0.0,0.002560742841952124,1.2730984054667203,-0.5491181374955827
2022-11-08,14.583666801452637,14.60200023651123,14.890999794006348,14.215999603271484,14.800999641418457,595292000,NVDA,35082000000.0,,0.78,,,,,,,,,,15.0,0.5,10.0,55.0396214582977,4.680128280933086,25.540000915527344,0.005395414467974202,0.00959271835365838,0.021047521336971187,1.4744619759609814,40.0,754.3342332141951,5.0,15.651909416854949,15.651909416854949,False,23.468276617596405,22.638777020265618,20.90692240356937,24.370631636961864,0.7807764064044153,18.468276617596405,4.999999999999999,23.70614624543447,0.44114190914003737,0.25222955153301774,0.3066285393269449,-0.28350000381469725,-0.1306046034157612,18.443804249614445,False,False,19.224668037890734,19.17247292475767,0.42085889917110386,3.787933511293966,36.731796250810866,2.3760932748945893,0.2639961860519558,0.027224369676120172,0.826895243224687,0.015005657075189305,0.05219511313306328,0.25,0.25,False,0.25,11.22700023651123,2022-10-14,14.60200023651123,,0.0,0,0.0,0.021047521336971187,0.005261880334242797,0.0,0.0,0.005261880334242797,1.2797972969300015,-0.5467456510902039
2022-11-09,13.75870418548584,13.776000022888184,14.211000442504883,13.758999824523926,14.161999702453613,454414000,NVDA,35082000000.0,,0.78,,,,,,,,,,15.0,0.5,10.0,55.0396214582977,4.4153846227205715,26.09000015258789,-0.02060208145860598,-0.02600856182813538,-0.056567607193820924,1.492549129716215,40.0,765.2758935540628,5.0,15.79532824874272,15.79532824874272,False,24.304532779959708,23.28906841826632,21.557213801570075,25.020923034962568,0.7807764064044151,19.304532779959708,4.999999999999999,23.750122552368197,0.44114190914003737,0.25222955153301774,0.3066285393269449,-0.28350000381469725,-0.1306046034157612,18.443804249614445,False,False,20.080247735993858,20.018382042636148,0.42085889917110386,3.787933511293966,37.650428937004364,2.3760932748945893,0.2639961860519558,0.02656012237398867,0.836256162363302,0.009360919138615031,0.061865693357711395,0.25,0.25,False,0.25,11.22700023651123,2022-10-14,14.60200023651123,,0.0,0,0.0,-0.056567607193820924,-0.014141901798455231,0.0,0.0,-0.014141901798455231,1.261698529234889,-0.553155529582209
2022-11-10,15.730225563049316,15.75,15.77299976348877,14.54699993133545,14.800000190734863,700819000,NVDA,35082000000.0,,0.78,,,,,,,,,,15.0,0.5,10.0,55.0396214582977,5.0480769230769225,23.530000686645508,0.054954153075837064,0.0821758836577875,0.14329268102730164,1.543588579810692,40.0,763.224110945043,5.0,15.261980454542655,15.261980454542655,False,24.985049481850304,23.951159418343842,22.219304801647596,25.683014035040088,0.7807764064044153,19.985049481850304,4.999999999999999,23.58658289727938,0.44114190914003737,0.25222955153301774,0.3066285393269449,-0.28350000381469725,-0.1306046034157612,18.443804249614445,False,False,20.882349684084744,20.83967432929271,0.42085889917110386,3.787933511293966,38.09229418783919,2.3760932748945893,0.2639961860519558,0.026252028692964523,0.6805167018905962,-0.15573946047270582,0.042675354792035596,0.25,0.25,False,0.25,11.22700023651123,2022-10-14,15.75,,0.0,0,0.0,0.14329268102730164,0.03582317025682541,0.0,0.0,0.03582317025682541,1.3068965704604567,-0.5371481440401115
2022-11-11,16.306499481201172,16.32699966430664,16.388999938964844,15.482000350952148,15.807000160217285,655487000,NVDA,35082000000.0,,0.78,,,,,,,,,,15.0,0.5,10.0,55.0396214582977,5.233012712918795,22.520000457763672,0.009678500343534457,0.017112342227727284,0.03663489932105657,1.5456751233847124,40.0,757.2519028942128,5.0,15.355016870400538,15.355016870400538,False,25.74793594806229,24.652599779336523,22.920745162640277,26.38445439603277,0.7807764064044151,20.74793594806229,4.999999999999999,23.6151105175781,0.44114190914003737,0.25222955153301774,0.3066285393269449,-0.28350000381469725,-0.1306046034157612,18.443804249614445,False,False,21.688185727078373,21.672921335051992,0.42085889917110386,3.787933511293966,38.03037831474153,2.3760932748945893,0.2639961860519558,0.026294768664248992,0.7628864662119845,0.08236976432138832,0.015264392026380165,0.25,0.25,False,0.25,11.22700023651123,2022-10-14,16.32699966430664,,0.0,0,0.0,0.03663489932105657,0.009158724830264142,0.0,0.0,0.009158724830264142,1.3188660765309197,-0.5329090112541979
2022-11-14,16.274538040161133,16.295000076293945,16.540000915527344,15.92199993133545,16.218000411987305,527852000,NVDA,35082000000.0,,0.78,,,,,,,,,,15.0,0.5,10.0,55.0396214582977,5.222756434709598,23.729999542236328,-0.00850672396016161,-0.008562410957447142,-0.001959918458420251,1.5315866332955135,40.0,748.686773070484,5.0,15.660177123091419,15.660177123091419,False,26.518304935966732,25.380949063138484,23.649094446442238,27.11280367983473,0.7807764064044153,21.518304935966732,4.999999999999999,23.708681360121346,0.44114190914003737,0.25222955153301774,0.3066285393269449,-0.28350000381469725,-0.1306046034157612,18.443804249614445,False,False,22.529548905891332,22.52144068345502,0.42085889917110386,3.787933511293966,37.45334729070538,2.3760932748945893,0.2639961860519558,0.026699883250439548,0.770368987904444,0.007482521692459443,0.008108222436313213,0.25,0.25,False,0.25,11.22700023651123,2022-10-14,16.32699966430664,,0.0,0,0.0,-0.001959918458420251,-0.0004899796146050628,0.0,0.0,-0.0004899796146050628,1.3182198590390253,-0.5331378763168492
2022-11-15,16.645069122314453,16.666000366210938,16.99799919128418,16.381999969482422,16.722000122070312,545876000,NVDA,35082000000.0,,0.78,,,,,,,,,,15.0,0.5,10.0,55.0396214582977,5.341666784041967,24.540000915527344,0.008529042212070292,0.012121258359966802,0.022767737844734626,1.5284165013194215,40.0,744.0507646144947,5.0,16.420056895921448,16.420056895921448,False,27.352541557549937,26.15063551447873,24.418780897782483,27.882490131174976,0.7807764064044151,22.352541557549937,4.999999999999999,23.941682184928307,0.44114190914003737,0.25222955153301774,0.3066285393269449,-0.28350000381469725,-0.1306046034157612,18.443804249614445,False,False,23.325846580287894,23.32464612772188,0.42085889917110386,3.787933511293966,36.322349176520696,2.3760932748945893,0.2639961860519558,0.027531258926567857,0.8342366215832051,0.06386763367876114,0.0012004525660151443,0.25,0.25,False,0.25,11.22700023651123,2022-10-14,16.666000366210938,,0.0,0,0.0,0.022767737844734626,0.005691934461183656,0.0,0.0,0.005691934461183656,1.3257230800821063,-0.5304805277064356
2022-11-16,15.890021324157715,15.90999984741211,16.36199951171875,15.873000144958496,16.16200065612793,649547000,NVDA,35082000000.0,,0.78,,,,,,,,,,15.0,0.5,10.0,55.0396214582977,5.099358925452599,24.110000610351562,-0.007628743762310708,-0.013697617870142675,-0.045361844604993706,1.539637331667351,40.0,752.2354238199645,5.0,16.81015458740564,16.81015458740564,False,28.066757646158997,26.898666990581372,25.166812373885126,28.63052160727762,0.7807764064044153,23.066757646158997,4.999999999999999,24.06129727026292,0.44114190914003737,0.25222955153301774,0.3066285393269449,-0.28350000381469725,-0.1306046034157612,18.443804249614445,False,False,24.06222464486223,24.06147577133114,0.42085889917110386,3.787933511293966,34.6127861184841,2.3760932748945893,0.2639961860519558,0.028891057673799184,0.71421608860906,-0.12002053297414506,0.0007488735310892025,0.25,0.25,False,0.25,11.22700023651123,2022-10-14,16.666000366210938,,0.0,0,0.0,-0.045361844604993706,-0.011340461151248427,0.0,0.0,-0.011340461151248427,1.3106887689951217,-0.5358050950417355
2022-11-17,15.657317161560059,15.677000045776367,16.266000747680664,15.53499984741211,15.71500015258789,710894000,NVDA,35082000000.0,,0.78,,,,,,,,,,15.0,0.5,10.0,55.0396214582977,5.024679501851399,23.93000030517578,-0.0030598607543417256,0.0012901127983102612,-0.014644865108131455,1.5382005185834036,40.0,750.873534209844,5.0,17.316875598051773,17.316875598051773,False,28.76972580437899,27.62910627898548,25.897251662289232,29.360960895681725,0.7807764064044151,23.76972580437899,4.999999999999999,24.216672393603616,0.44114190914003737,0.25222955153301774,0.3066285393269449,-0.28350000381469725,-0.1306046034157612,18.443804249614445,False,False,24.720892390361467,24.733351547199284,0.42085889917110386,3.787933511293966,32.236913425148074,2.3760932748945893,0.2639961860519558,0.03102033953473654,0.702968158219992,-0.011247930389068017,-0.012459156837816466,0.25,0.25,False,0.25,11.22700023651123,2022-10-14,16.666000366210938,,0.0,0,0.0,-0.014644865108131455,-0.003661216277032864,0.0,0.0,-0.003661216277032864,1.3058900539399525,-0.5375046129834844
2022-11-18,15.389653205871582,15.409000396728516,16.00200080871582,15.119999885559082,15.965999603271484,492072000,NVDA,35082000000.0,,0.78,,,,,,,,,,15.0,0.5,10.0,55.0396214582977,4.938782178438626,23.1200008392334,0.004540403280391958,0.0011368341193640497,-0.017095085045946368,1.5286616814764873,40.0,753.266050833319,5.0,17.64726408523761,17.64726408523761,False,29.383573233664016,28.31402948100008,26.582174864303834,30.045884097696327,0.7807764064044153,24.383573233664016,4.999999999999999,24.317978932839846,0.44114190914003737,0.25222955153301774,0.3066285393269449,-0.28350000381469725,-0.1306046034157612,18.443804249614445,False,False,25.2994520984925,25.29286251734679,0.42085889917110386,3.787933511293966,29.048728697895942,2.3760932748945893,0.2639961860519558,0.034424914439454696,0.6138474292850269,-0.08912072893496514,0.006589581145711065,0.25,0.25,False,0.25,11.22700023651123,2022-10-14,16.666000366210938,,0.0,0,0.0,-0.017095085045946368,-0.004273771261486592,0.0,0.0,-0.004273771261486592,1.3003089785567628,-0.5394812124770857
2022-11-21,15.297768592834473,15.317000389099121,15.47700023651123,15.079999923706055,15.147000312805176,404739000,NVDA,35082000000.0,,0.78,,,,,,,,,,15.0,0.5,10.0,55.0396214582977,4.909294996506128,22.360000610351562,-0.0036360943510462818,-0.010750232480231992,-0.00597053704073669,1.4854584837878622,40.0,747.35064487522,5.0,19.04934232173633,19.04934232173633,False,30.261657589161576,29.07436051865136,27.342505901955114,30.806215135347607,0.7807764064044151,25.261657589161576,4.999999999999999,24.74789613451955,0.44114190914003737,0.25222955153301774,0.3066285393269449,-0.28350000381469725,-0.1306046034157612,18.443804249614445,False,False,25.789475036311266,25.78887643457587,0.42085889917110386,3.787933511293966,24.718483292526212,2.3760932748945893,0.2639961860519558,0.04045555660376445,0.8780843554975597,0.2642369262125328,0.0005986017353967555,0.25,0.25,False,0.25,11.22700023651123,2022-10-14,16.666000366210938,,0.0,0,0.0,-0.00597053704073669,-0.0014926342601841724,0.0,0.0,-0.0014926342601841724,1.2983680928265438,-0.5401685985968009
2022-11-22,16.017860412597656,16.038000106811523,16.058000564575195,15.121999740600586,15.32800006866455,472866000,NVDA,35082000000.0,,0.78,,,,,,,,,,15.0,0.5,10.0,55.0396214582977,5.140384649619078,21.290000915527344,0.01345699994392846,0.019361741905175478,0.047071861291165584,1.4928874288853207,40.0,743.7603432242516,5.0,21.69159445302034,21.69159445302034,False,31.51085664828461,30.025539864808017,28.29368524811177,31.757394481504264,0.7807764064044153,26.51085664828461,4.999999999999999,25.558086046068674,0.44114190914003737,0.25222955153301774,0.3066285393269449,-0.28350000381469725,-0.1306046034157612,18.443804249614445,False,False,26.23353452818229,26.228425117487987,0.42085889917110386,3.787933511293966,19.74355970423345,2.3760932748945893,0.2639961860519558,0.05064942771113246,1.2491990591230326,0.37111470362547294,0.005109410694300891,0.25,0.25,False,0.25,11.22700023651123,2022-10-14,16.666000366210938,,0.0,0,0.0,0.047071861291165584,0.011767965322791396,0.0,0.0,0.011767965322791396,1.3136472435191453,-0.5347573186107575
2022-11-23,16.498258590698242,16.518999099731445,16.527000427246094,16.04800033569336,16.097999572753906,427241000,NVDA,35082000000.0,,0.78,,,,,,,,,,15.0,0.5,10.0,55.0396214582977,5.294550993503668,20.350000381469727,0.006301624330362854,0.008858918630672674,0.029991207738902403,1.4950482671603043,40.0,746.4052779071717,5.0,27.068762757319885,27.068762757319885,False,33.80062194288712,31.499287374210173,29.767432757513927,33.231141990906416,0.7807764064044151,28.80062194288712,4.999999999999999,27.206879308931185,0.44114190914003737,0.25222955153301774,0.3066285393269449,-0.28350000381469725,-0.1306046034157612,18.443804249614445,False,False,26.751617755999884,26.761219398637817,0.42085889917110386,3.787933511293966,14.643367955416615,2.3760932748945893,0.2639961860519558,0.06829030063607039,2.2897652946025104,1.0405662354794778,-0.009601642637931604,0.25,0.25,False,0.25,11.22700023651123,2022-10-14,16.666000366210938,,0.0,0,0.0,0.029991207738902403,0.007497801934725601,0.0,0.0,0.007497801934725601,1.32349671036315,-0.5312690211341203
2022-11-25,16.249574661254883,16.270000457763672,16.48699951171875,16.172000885009766,16.31800079345703,167934000,NVDA,35082000000.0,,0.78,,,,,,,,,,15.0,0.5,10.0,55.0396214582977,5.214743736462715,20.5,-0.0002237136634978265,-0.0058044258889340394,-0.01507347027894812,1.492840908612999,40.0,735.1701688806281,5.0,34.66674168801486,34.66674168801486,False,37.27484360042119,33.75399639185402,32.02214177515777,35.48585100855026,0.7807764064044153,32.27484360042119,4.999999999999999,29.536636490287087,0.44114190914003737,0.25222955153301774,0.3066285393269449,-0.28350000381469725,-0.1306046034157612,18.443804249614445,False,False,27.57721632641069,27.578116160841812,0.42085889917110386,3.787933511293966,10.207503235897327,2.3760932748945893,0.2639961860519558,0.09796714993763031,3.4742216575340734,1.184456362931563,-0.0008998344311254414,0.25,0.25,False,0.25,11.22700023651123,2022-10-14,16.666000366210938,,0.0,0,0.0,-0.01507347027894812,-0.00376836756973703,0.0,0.0,-0.00376836756973703,1.318509288281164,-0.5330353717538096
2022-11-28,15.807125091552734,15.82699966430664,16.35700035095215,15.725000381469727,16.025999069213867,303741000,NVDA,35082000000.0,,0.78,,,,,,,,,,15.0,0.5,10.0,55.0396214582977,5.072756302662385,22.209999084472656,-0.015957008238070003,-0.021407189219254885,-0.027228075045667377,1.4795991125958001,40.0,734.5298234444111,5.0,50.94124312588813,50.94124312588813,False,45.523980566459755,38.34885936549677,36.617004748800525,40.08071398219302,0.7807764064044151,40.523980566459755,4.999999999999999,34.52686309445643,0.44114190914003737,0.25222955153301774,0.3066285393269449,-0.28350000381469725,-0.1306046034157612,18.443804249614445,False,False,30.22280534874527,30.229935007060064,0.42085889917110386,3.787933511293966,9.742896803520217,2.3760932748945893,0.2639961860519558,0.1026388783712344,8.249136966038563,1.518727130426143,-0.007129658314797211,0.25,0.25,False,0.25,11.22700023651123,2022-10-14,16.666000366210938,,0.0,0,0.0,-0.027228075045667377,-0.006807018761416844,0.0,0.0,-0.006807018761416844,1.3095341708187318,-0.5362140087391993
2022-11-29,15.619363784790039,15.638999938964844,15.932000160217285,15.520000457763672,15.82699966430664,298384000,NVDA,35082000000.0,,0.78,,,,,,,,,,15.0,0.5,10.0,55.0396214582977,5.0124999804374495,21.889999389648438,-0.0017175435565947028,-0.009790413993548408,-0.011878418482928144,1.477715965974301,40.0,732.8275467105543,5.0,72.47660227833563,72.47660227833563,False,57.979924291088636,46.012595528744455,44.28074091204821,47.7444501454407,0.7807764064044153,52.979924291088636,4.999999999999999,41.13021881525256,0.44114190914003737,0.25222955153301774,0.3066285393269449,-0.28350000381469725,-0.1306046034157612,18.443804249614445,False,False,32.82461988931231,32.803480935215305,0.42085889917110386,3.787933511293966,14.465650556099876,2.3760932748945893,0.2639961860519558,0.0691292794694477,12.45594372462888,1.518727130426143,0.021138954097002626,0.25,0.25,False,0.25,11.22700023651123,2022-10-14,16.666000366210938,,0.0,0,0.0,-0.011878418482928144,-0.002969604620732036,0.0,0.0,-0.002969604620732036,1.305645372094062,-0.5375912697618782
2022-11-30,16.906076431274414,16.92300033569336,16.93000030517578,15.597000122070312,15.696999549865723,565298000,NVDA,35082000000.0,,0.78,,,,,,,,,,15.0,0.5,10.0,55.0396214582977,5.424038569132486,20.579999923706055,0.03150059798946736,0.050208556024304185,0.08210246190547044,1.4834129538547516,40.0,733.5695319749185,5.0,100.0,100.0,False,72.77501468600336,56.4603282568911,54.728473640194856,58.19218287358735,0.7807764064044151,67.77501468600336,4.999999999999999,49.56967805596108,0.44114190914003737,0.25222955153301774,0.3066285393269449,-0.28350000381469725,-0.1306046034157612,18.443804249614445,False,False,34.41590048674928,34.386211310459245,0.42085889917110386,3.787933511293966,22.4204828111941,2.3760932748945893,0.2639961860519558,0.04460207250758757,14.795090394914723,1.518727130426143,0.029689176290037835,1.0,0.25,True,1.0,11.22700023651123,2022-10-14,16.92300033569336,,0.0,0,0.0,0.08210246190547044,0.02052561547636761,0.75,0.000375,0.02015061547636761,1.3319549299356281,-0.5282734492459346
2022-12-01,17.117862701416016,17.135000228881836,17.264999389648438,16.635000228881836,16.999000549316406,470977000,NVDA,35082000000.0,,0.78,,,,,,,,,,15.0,0.5,10.0,55.0396214582977,5.491987252846742,19.84000015258789,-0.0007358413421266752,0.0013973755018783507,0.01252732310956306,1.4878429987965955,40.0,731.3653372139695,5.0,100.0,100.0,False,73.02119824324839,62.92549653433049,61.193641917634245,64.65735115102675,0.7807764064044153,68.02119824324839,4.999999999999999,49.56967805596108,0.44114190914003737,0.25222955153301774,0.3066285393269449,-0.28350000381469725,-0.1306046034157612,18.443804249614445,False,False,34.42197959174296,34.338734292904604,0.42085889917110386,3.787933511293966,27.634000064992694,2.3760932748945893,0.2639961860519558,0.03618730540812367,0.2461835572450326,-1.518727130426143,0.08324529883835823,1.0,1.0,False,1.0,11.22700023651123,2022-10-14,17.135000228881836,,0.0,0,0.0,0.01252732310956306,0.01252732310956306,0.0,0.0,0.01252732310956306,1.3486407597103072,-0.5223639783252787
2022-12-02,16.85912322998047,16.875999450683594,16.933000564575195,16.44499969482422,16.659000396728516,371389000,NVDA,35082000000.0,,0.78,,,,,,,,,,15.0,0.5,10.0,55.0396214582977,5.408974182911408,19.059999465942383,-0.0011537169597666264,-0.005802374745117134,-0.015115306375174997,1.488722575266536,40.0,718.4792739791035,5.0,100.0,100.0,False,73.16698060443709,66.92365109858343,65.1917964818872,68.65550571527967,0.7807764064044151,68.16698060443709,4.999999999999999,49.56967805596108,0.44114190914003737,0.25222955153301774,0.3066285393269449,-0.28350000381469725,-0.1306046034157612,18.443804249614445,False,False,34.69621053548457,34.60145402645004,0.42085889917110386,3.787933511293966,31.402751767598737,2.3760932748945893,0.2639961860519558,0.03184434304995516,0.1457823611886937,-0.1004011960563389,0.09475650903452504,1.0,1.0,False,1.0,11.22700023651123,2022-10-14,17.135000228881836,,0.0,0,0.0,-0.015115306375174997,-0.015115306375174997,0.0,0.0,-0.015115306375174997,1.328255641437237,-0.5295835931287118
2022-12-05,16.59339141845703,16.610000610351562,16.9950008392334,16.472000122070312,16.679000854492188,352255000,NVDA,35082000000.0,,0.78,,,,,,,,,,15.0,0.5,10.0,55.0396214582977,5.32371814434345,20.75,-0.017989253786685366,-0.01662234035058019,-0.015761960712866507,1.488555472522941,40.0,715.3812168072417,5.0,100.0,100.0,False,73.24194065856494,69.39023680721589,67.65838219051963,71.12209142391214,0.7807764064044153,68.24194065856494,4.999999999999999,49.56967805596108,0.44114190914003737,0.25222955153301774,0.3066285393269449,-0.28350000381469725,-0.1306046034157612,18.443804249614445,False,False,35.117203480352,34.99570530991791,0.42085889917110386,3.787933511293966,34.19989185469829,2.3760932748945893,0.2639961860519558,0.02923985854249485,0.07496005412785678,-0.07082230706083692,0.12149817043409143,1.0,1.0,False,1.0,11.22700023651123,2022-10-14,17.135000228881836,,0.0,0,0.0,-0.015761960712866507,-0.015761960712866507,0.0,0.0,-0.015761960712866507,1.30731972820026,-0.5369982780525049
2022-12-06,15.971014022827148,15.987000465393066,16.572999954223633,15.819000244140625,16.530000686645508,352694000,NVDA,35082000000.0,,0.78,,,,,,,,,,15.0,0.5,10.0,55.0396214582977,5.124038610702906,22.170000076293945,-0.014414799715742554,-0.021410908950848517,-0.037507532935925014,1.5046968639334855,40.0,731.1847542301367,5.0,100.0,100.0,False,73.27040414646774,70.90500836291031,69.17315374621407,72.63686297960655,0.7807764064044151,68.27040414646774,4.999999999999999,49.56967805596108,0.44114190914003737,0.25222955153301774,0.3066285393269449,-0.28350000381469725,-0.1306046034157612,18.443804249614445,False,False,35.58289888325787,35.461400712823774,0.42085889917110386,3.787933511293966,36.26277786837409,2.3760932748945893,0.2639961860519558,0.02757648638032586,0.028463487902797624,-0.046496566225059155,0.12149817043409143,1.0,1.0,False,1.0,11.22700023651123,2022-10-14,17.135000228881836,,0.0,0,0.0,-0.037507532935925014,-0.037507532935925014,0.0,0.0,-0.037507532935925014,1.2582853904370042,-0.5543643303878406
2022-12-07,16.103879928588867,16.1200008392334,16.18600082397461,15.666999816894531,15.772000312805176,372388000,NVDA,35082000000.0,,0.78,,,,,,,,,,15.0,0.5,10.0,55.0396214582977,5.1666669356517305,22.68000030517578,-0.0017011983165312605,-0.005066700684419834,0.008319282540101058,1.4686276263883982,40.0,720.7478694110449,5.0,100.0,100.0,False,73.27040414646774,71.82843097271537,70.09657635601911,73.56028558941162,0.7807764064044153,68.27040414646774,4.999999999999999,49.56967805596108,0.44114190914003737,0.25222955153301774,0.3066285393269449,-0.28350000381469725,-0.1306046034157612,18.443804249614445,False,False,36.09529665121405,35.973798480779955,0.42085889917110386,3.787933511293966,37.71813972205263,2.3760932748945893,0.2639961860519558,0.02651244221928927,0.0,-0.028463487902797624,0.12149817043409143,1.0,1.0,False,1.0,11.22700023651123,2022-10-14,17.135000228881836,,0.0,0,0.0,0.008319282540101058,0.008319282540101058,0.0,0.0,0.008319282540101058,1.268753422116131,-0.55065696134239
2022-12-08,17.151830673217773,17.16900062561035,17.179000854492188,15.958999633789062,16.273000717163086,515456000,NVDA,35082000000.0,,0.78,,,,,,,,,,15.0,0.5,10.0,55.0396214582977,5.502884815900754,22.290000915527344,0.007833926502128774,0.01635798624495588,0.06507442504741445,1.4902909643695395,40.0,723.1478329033336,5.0,100.0,100.0,False,73.27040414646774,72.39136028908234,70.6595056723861,74.12321490577858,0.7807764064044151,68.27040414646774,4.999999999999999,49.56967805596108,0.44114190914003737,0.25222955153301774,0.3066285393269449,-0.28350000381469725,-0.1306046034157612,18.443804249614445,False,False,36.4001313774809,36.521629547915,0.42085889917110386,3.787933511293966,38.64491931501985,2.3760932748945893,0.2639961860519558,0.025876622793499716,0.0,0.0,-0.12149817043409143,1.0,1.0,False,1.0,11.22700023651123,2022-10-14,17.16900062561035,,0.0,0,0.0,0.06507442504741445,0.06507442504741445,0.0,0.0,0.06507442504741445,1.3513168215872777,-0.5214162214526878
2022-12-09,16.983997344970703,17.000999450683594,17.58300018310547,16.975000381469727,17.15999984741211,465338000,NVDA,35082000000.0,,0.78,,,,,,,,,,15.0,0.5,10.0,55.0396214582977,5.449038285475511,22.829999923706055,-0.007470198687737906,-0.006149389242994019,-0.009785145832900577,1.5031833626189421,40.0,712.0708980363676,5.0,100.0,100.0,False,73.27040414646774,72.73452864110297,71.00267402440673,74.46638325779921,0.7807764064044153,68.27040414646774,4.999999999999999,49.56967805596108,0.44114190914003737,0.25222955153301774,0.3066285393269449,-0.28350000381469725,-0.1306046034157612,18.443804249614445,False,False,37.09526523327603,37.10329732896054,0.42085889917110386,3.787933511293966,39.04609791812965,2.3760932748945893,0.2639961860519558,0.025610753783816286,0.0,0.0,-0.008032095684507112,1.0,1.0,False,1.0,11.22700023651123,2022-10-14,17.16900062561035,,0.0,0,0.0,-0.009785145832900577,-0.009785145832900577,0.0,0.0,-0.009785145832900577,1.3380939894215946,-0.5260992335190338
2022-12-12,17.51746368408203,17.53499984741211,17.538000106811523,16.797000885009766,17.03700065612793,457328000,NVDA,35082000000.0,,0.78,,,,,,,,,,15.0,0.5,10.0,55.0396214582977,5.6201922587859325,25.0,0.014417243300787197,0.02184707455767465,0.031409941414182185,1.5042657686449168,40.0,721.0429238658519,5.0,100.0,100.0,False,73.27040414646774,72.9437281167824,71.21187350008616,74.67558273347863,0.7807764064044151,68.27040414646774,4.999999999999999,49.56967805596108,0.44114190914003737,0.25222955153301774,0.3066285393269449,-0.28350000381469725,-0.1306046034157612,18.443804249614445,False,False,37.712449983789384,37.71811576835425,0.42085889917110386,3.787933511293966,38.966856903910134,2.3760932748945893,0.2639961860519558,0.025662834507436366,0.0,0.0,-0.005665784564866954,1.0,1.0,False,1.0,11.22700023651123,2022-10-14,17.53499984741211,,0.0,0,0.0,0.031409941414182185,0.031409941414182185,0.0,0.0,0.031409941414182185,1.3801234432359963,-0.5112140382077306
2022-12-13,18.05392837524414,18.07200050354004,18.790000915527344,17.711000442504883,18.5310001373291,656589000,NVDA,35082000000.0,,0.78,,,,,,,,,,15.0,0.5,10.0,55.0396214582977,5.7923078536987305,22.549999237060547,0.007569843141412624,0.011811331244608203,0.030624503039683892,1.507304252615616,40.0,721.081127164051,5.0,100.0,100.0,False,73.27040414646774,73.07125858504048,71.33940396834424,74.80311320173672,0.7807764064044153,68.27040414646774,4.999999999999999,49.56967805596108,0.44114190914003737,0.25222955153301774,0.3066285393269449,-0.28350000381469725,-0.1306046034157612,18.443804249614445,False,False,38.366765032274394,38.3704847575724,0.42085889917110386,3.787933511293966,38.4201162298678,2.3760932748945893,0.2639961860519558,0.02602803161804596,0.0,0.0,-0.0037197252980047326,1.0,1.0,False,1.0,11.22700023651123,2022-10-14,18.07200050354004,,0.0,0,0.0,0.030624503039683892,0.030624503039683892,0.0,0.0,0.030624503039683892,1.422389037818516,-0.49624521103506847
2022-12-14,17.656330108642578,17.673999786376953,18.25200080871582,17.420000076293945,17.98699951171875,496888000,NVDA,35082000000.0,,0.78,,,,,,,,,,15.0,0.5,10.0,55.0396214582977,5.664743521274664,21.139999389648438,-0.006393530155021865,-0.00842260316395238,-0.022023058105001936,1.5091369222168516,40.0,712.0060599428939,5.0,100.0,100.0,False,73.27040414646774,73.14900266294177,71.41714804624553,74.88085727963801,0.7807764064044151,68.27040414646774,4.999999999999999,49.56967805596108,0.44114190914003737,0.25222955153301774,0.3066285393269449,-0.28350000381469725,-0.1306046034157612,18.443804249614445,False,False,39.06577459235264,39.068051671384865,0.42085889917110386,3.787933511293966,37.424391994122495,2.3760932748945893,0.2639961860519558,0.026720540981856167,0.0,0.0,-0.00227707903222381,1.0,1.0,False,1.0,11.22700023651123,2022-10-14,18.07200050354004,,0.0,0,0.0,-0.022023058105001936,-0.022023058105001936,0.0,0.0,-0.022023058105001936,1.3910636813907211,-0.507339432023116
2022-12-15,16.93504524230957,16.95199966430664,17.31999969482422,16.700000762939453,17.145999908447266,478542000,NVDA,35082000000.0,,0.78,,,,,,,,,,15.0,0.5,10.0,55.0396214582977,5.433333225739307,22.829999923706055,-0.024461665405543398,-0.03740409821425217,-0.040850974923448136,1.5086416395504034,40.0,724.2444793817361,5.0,100.0,100.0,False,73.27040414646774,73.19639636996156,71.46454175326531,74.92825098665782,0.7807764064044153,68.27040414646774,4.999999999999999,49.56967805596108,0.44114190914003737,0.25222955153301774,0.3066285393269449,-0.28350000381469725,-0.1306046034157612,18.443804249614445,False,False,39.829428714865976,39.829428714865976,0.42085889917110386,3.787933511293966,35.92514495651053,2.3760932748945893,0.2639961860519558,0.02783565664691285,0.0,0.0,0.0,1.0,1.0,False,1.0,11.22700023651123,2022-10-14,18.07200050354004,,0.0,0,0.0,-0.040850974923448136,-0.040850974923448136,0.0,0.0,-0.040850974923448136,1.3342373738253093,-0.5274650965313115
2022-12-16,16.554428100585938,16.570999145507812,17.041000366210938,16.40999984741211,16.86400032043457,478232000,NVDA,35082000000.0,,0.78,,,,,,,,,,15.0,0.5,10.0,55.0396214582977,5.311217674842247,22.6200008392334,-0.01632321892420352,-0.013236311263700284,-0.02247525521139815,1.4970160594721904,40.0,734.1887966729877,5.0,100.0,100.0,False,73.27040414646774,73.2252881328548,71.49343351615856,74.95714274955104,0.7807764064044151,68.27040414646774,4.999999999999999,49.56967805596108,0.44114190914003737,0.25222955153301774,0.3066285393269449,-0.28350000381469725,-0.1306046034157612,18.443804249614445,False,False,40.68424205730935,40.68424205730935,0.42085889917110386,3.787933511293966,33.87373748251708,2.3760932748945893,0.2639961860519558,0.029521395462077965,0.0,0.0,0.0,1.0,1.0,False,1.0,11.22700023651123,2022-10-14,18.07200050354004,,0.0,0,0.0,-0.02247525521139815,-0.02247525521139815,0.0,0.0,-0.02247525521139815,1.3042500483359998,-0.5380854390830637
2022-12-19,16.237747192382812,16.253999710083008,16.608999252319336,16.145000457763672,16.57200050354004,354039000,NVDA,35082000000.0,,0.78,,,,,,,,,,15.0,0.5,10.0,55.0396214582977,5.209615291693272,22.420000076293945,-0.008479662100243535,-0.016159437823518363,-0.019129771997528522,1.5018121575375947,40.0,739.3299868682456,5.0,100.0,100.0,False,73.27040414646774,73.2429008923448,71.51104627564857,74.97475550904105,0.7807764064044153,68.27040414646774,4.999999999999999,49.56967805596108,0.44114190914003737,0.25222955153301774,0.3066285393269449,-0.28350000381469725,-0.1306046034157612,18.443804249614445,False,False,41.69243879342313,41.69243879342313,0.42085889917110386,3.787933511293966,31.152561924236196,2.3760932748945893,0.2639961860519558,0.032100088667892705,0.0,0.0,0.0,1.0,1.0,False,1.0,11.22700023651123,2022-10-14,18.07200050354004,,0.0,0,0.0,-0.019129771997528522,-0.019129771997528522,0.0,0.0,-0.019129771997528522,1.2793000422835665,-0.5469217593157432
2022-12-20,16.06891441345215,16.084999084472656,16.309999465942383,15.85200023651123,16.06399917602539,403260000,NVDA,35082000000.0,,0.78,,,,,,,,,,15.0,0.5,10.0,55.0396214582977,5.155448424510467,21.479999542236328,0.001368400469142994,0.0015149293906886463,-0.010397479305079171,1.4971175468458136,40.0,735.5839964261047,5.0,100.0,100.0,False,73.27040414646774,73.25363783830407,71.52178322160783,74.98549245500031,0.7807764064044151,68.27040414646774,4.999999999999999,49.56967805596108,0.44114190914003737,0.25222955153301774,0.3066285393269449,-0.28350000381469725,-0.1306046034157612,18.443804249614445,False,False,42.959795203583056,42.959795203583056,0.42085889917110386,3.787933511293966,27.707980135740492,2.3760932748945893,0.2639961860519558,0.03609068561118611,0.0,0.0,0.0,1.0,1.0,False,1.0,11.22700023651123,2022-10-14,18.07200050354004,,0.0,0,0.0,-0.010397479305079171,-0.010397479305079171,0.0,0.0,-0.010397479305079171,1.2659985465689363,-0.5516326309468395
2022-12-21,16.4844970703125,16.500999450683594,16.62700080871582,16.101999282836914,16.11400032043457,325025000,NVDA,35082000000.0,,0.78,,,,,,,,,,15.0,0.5,10.0,55.0396214582977,5.2887818752191,20.06999969482422,0.014952442091866303,0.01655920564403912,0.02586262915069204,1.4953262411061885,40.0,729.4434768088902,5.0,100.0,100.0,False,73.27040414646774,73.26018320722243,71.52832859052617,74.99203782391868,0.7807764064044153,68.27040414646774,4.999999999999999,49.56967805596108,0.44114190914003737,0.25222955153301774,0.3066285393269449,-0.28350000381469725,-0.1306046034157612,18.443804249614445,False,False,44.72424557347628,44.72424557347628,0.42085889917110386,3.787933511293966,23.44505884598642,2.3760932748945893,0.2639961860519558,0.042652910643949646,0.0,0.0,0.0,1.0,1.0,False,1.0,11.22700023651123,2022-10-14,18.07200050354004,,0.0,0,0.0,0.02586262915069204,0.02586262915069204,0.0,0.0,0.02586262915069204,1.2987405974841637,-0.5400366719577461
2022-12-22,15.32365894317627,15.33899974822998,16.13800048828125,14.881999969482422,16.0939998626709,565045000,NVDA,35082000000.0,,0.78,,,,,,,,,,15.0,0.5,10.0,55.0396214582977,4.916346073150635,21.969999313354492,-0.014266135745262032,-0.0252173322823821,-0.07041995885924801,1.523314664985143,40.0,738.9990793439752,5.0,100.0,100.0,False,73.27040414646774,73.26417334132944,71.5323187246332,74.99602795802568,0.7807764064044151,68.27040414646774,4.999999999999999,49.56967805596108,0.44114190914003737,0.25222955153301774,0.3066285393269449,-0.28350000381469725,-0.1306046034157612,18.443804249614445,False,False,47.548444314132944,47.548444314132944,0.42085889917110386,3.787933511293966,18.39012101617225,2.3760932748945893,0.2639961860519558,0.05437702118004559,0.0,0.0,0.0,1.0,1.0,False,1.0,15.33899974822998,2022-12-22,15.33899974822998,Trailing_Stop,0.3113208792491363,69,0.15,-0.07041995885924801,-0.07041995885924801,0.0,0.0,-0.07041995885924801,1.2072833380404937,-0.5724272705952445
2022-12-23,15.190793991088867,15.206000328063965,15.33899974822998,14.883000373840332,15.196000099182129,349326000,NVDA,35082000000.0,,0.78,,,,,,,,,,15.0,0.5,10.0,55.0396214582977,4.873718053866655,20.8700008392334,0.005752265272075174,0.0010444062998558046,-0.008670670992178775,1.51946492496794,40.0,733.4124793241376,5.0,100.0,100.0,False,73.27040414646774,73.26660577415188,71.53475115745564,74.99846039084812,0.7807764064044153,68.27040414646774,4.999999999999999,49.56967805596108,0.44114190914003737,0.25222955153301774,0.3066285393269449,-0.28350000381469725,-0.1306046034157612,18.443804249614445,False,False,53.506956274787505,53.506956274787505,0.42085889917110386,3.787933511293966,12.292611662148964,2.3760932748945893,0.2639961860519558,0.08134967795974306,0.0,0.0,0.0,1.0,1.0,False,1.0,15.33899974822998,2022-12-22,15.33899974822998,,0.0,0,0.0,-0.008670670992178775,-0.008670670992178775,0.0,0.0,-0.008670670992178775,1.1968153814220053,-0.5761346130571409
2022-12-27,14.106877326965332,14.121000289916992,15.100000381469727,14.055999755859375,15.074000358581543,464902000,NVDA,35082000000.0,,0.78,,,,,,,,,,15.0,0.5,10.0,55.0396214582977,4.525961631383651,21.649999618530273,-0.0039435108803203,-0.009470307541142198,-0.07135341409565232,1.5527315300117006,40.0,768.4633190433409,10.416865892309062,100.0,100.0,False,75.18892081519158,74.01705488901194,72.2852002723157,75.74890950570818,0.7807764064044151,70.18892081519158,4.999999999999999,50.935971710692684,0.44114190914003737,0.25222955153301774,0.3066285393269449,-0.28350000381469725,-0.1306046034157612,18.443804249614445,False,False,72.71732097323408,72.71732097323408,0.42085889917110386,3.787933511293966,6.154418827740595,2.3760932748945893,0.2639961860519558,0.16248487923710567,1.9185166687238393,1.518727130426143,0.0,1.0,1.0,False,1.0,15.33899974822998,2022-12-22,15.33899974822998,,0.0,0,0.0,-0.07135341409565232,-0.07135341409565232,0.0,0.0,-0.07135341409565232,1.1114185179153548,-0.6063788555324886
2022-12-28,14.021963119506836,14.03600025177002,14.26200008392334,13.883999824523926,13.927000045776367,351066000,NVDA,35082000000.0,,0.78,,,,,,,,,,15.0,0.5,10.0,55.0396214582977,4.498718029413467,22.139999389648438,-0.01242787181496774,-0.016123787824445568,-0.006019406302800401,1.5634468253348894,40.0,762.3689971238005,13.036251218377354,100.0,100.0,False,75.99487890579121,74.78917405317257,73.05731943647632,76.52102866986883,0.7807764064044153,70.99487890579121,4.999999999999999,51.59665809677906,0.44114190914003737,0.25222955153301774,0.3066285393269449,-0.28350000381469725,-0.1306046034157612,18.443804249614445,False,False,85.4400601292913,85.4400601292913,0.42085889917110386,3.787933511293966,3.192701630657041,2.3760932748945893,0.2639961860519558,0.3132143606523624,0.8059580905996313,-1.112558578124208,0.0,1.0,1.0,False,1.0,15.33899974822998,2022-12-22,15.33899974822998,,0.0,0,0.0,-0.006019406302800401,-0.006019406302800401,0.0,0.0,-0.006019406302800401,1.104728438283566,-0.6087482211304119
2022-12-29,14.588395118713379,14.602999687194824,14.682999610900879,14.22700023651123,14.402000427246094,354923000,NVDA,35082000000.0,,0.78,,,,,,,,,,15.0,0.5,10.0,55.0396214582977,4.680448617690649,21.440000534057617,0.01800031517383771,0.02618792964822414,0.040396083303952945,1.5637316158740293,40.0,757.5423116989051,12.847483325014943,100.0,100.0,False,75.8197706508751,75.19150680717597,73.45965219047973,76.92336142387221,0.7807764064044151,70.8197706508751,4.999999999999999,51.54904525569243,0.44114190914003737,0.25222955153301774,0.3066285393269449,-0.28350000381469725,-0.1306046034157612,18.443804249614445,False,False,85.36203685626377,85.36203685626377,0.42085889917110386,3.787933511293966,3.192701630657041,2.3760932748945893,0.2639961860519558,0.3132143606523624,-0.17510825491611115,-0.9810663455157425,0.0,1.0,1.0,False,1.0,15.33899974822998,2022-12-22,15.33899974822998,,0.0,0,0.0,0.040396083303952945,0.040396083303952945,0.0,0.0,0.040396083303952945,1.1493551403047149,-0.5929431816783762
2022-12-30,14.599386215209961,14.61400032043457,14.628999710083008,14.232999801635742,14.333999633789062,310490000,NVDA,35082000000.0,,0.78,,,,,,,,,,15.0,0.5,10.0,55.0396214582977,4.683974461677747,21.670000076293945,-0.002634075107433076,-0.0013642417792524286,0.0007533132558643629,1.5642420555910208,40.0,750.3350307699944,10.708926850778232,100.0,100.0,False,74.99007964833103,75.11287202055837,73.38101740386213,76.84472663725461,0.7807764064044153,69.99007964833103,4.999999999999999,51.00963811526767,0.44114190914003737,0.25222955153301774,0.3066285393269449,-0.28350000381469725,-0.1306046034157612,18.443804249614445,False,False,84.746011836979,84.746011836979,0.42085889917110386,3.787933511293966,3.192701630657041,2.3760932748945893,0.2639961860519558,0.3132143606523624,-0.8296910025440667,-0.6545827476279555,0.0,1.0,1.0,False,1.0,15.33899974822998,2022-12-22,15.33899974822998,,0.0,0,0.0,0.0007533132558643629,0.0007533132558643629,0.0,0.0,0.0007533132558643629,1.1502209647676023,-0.5926365403812446
2023-01-03,14.300682067871094,14.3149995803833,14.996000289916992,14.095999717712402,14.85099983215332,401277000,NVDA,35082000000.0,,0.78,,,,,,,,,,15.0,0.5,10.0,55.0396214582977,4.588140891148494,22.899999618530273,-0.004209882546862387,-0.009482483783551765,-0.020459883228083786,1.5680418017085496,40.0,738.6744700586272,7.791671051061393,100.0,100.0,False,73.8961645010349,74.63788375818899,72.90602914149275,76.36973837488523,0.7807764064044151,68.8961645010349,4.999999999999999,50.273819993197996,0.44114190914003737,0.25222955153301774,0.3066285393269449,-0.28350000381469725,-0.1306046034157612,18.443804249614445,False,False,83.95583473718007,83.95583473718007,0.42085889917110386,3.787933511293966,3.192701630657041,2.3760932748945893,0.2639961860519558,0.3132143606523624,-1.09391514729613,-0.26422414475206324,0.0,1.0,1.0,False,1.0,15.33899974822998,2022-12-22,15.33899974822998,,0.0,0,0.0,-0.020459883228083786,-0.020459883228083786,0.0,0.0,-0.020459883228083786,1.1266875781419632,-0.6009711491964326
2023-01-04,14.734249114990234,14.74899959564209,14.852999687194824,14.241000175476074,14.567000389099121,431324000,NVDA,35082000000.0,,0.78,,,,,,,,,,15.0,0.5,10.0,55.0396214582977,4.727243460141695,22.010000228881836,0.007720189025949065,0.0025961357234973725,0.03031785036539758,1.5422366672635464,40.0,736.0293852873498,5.729848072715335,100.0,100.0,False,73.11858365285187,74.04476691994151,72.31291230324527,75.77662153663775,0.7807764064044153,68.11858365285187,4.999999999999999,49.753767308029296,0.44114190914003737,0.25222955153301774,0.3066285393269449,-0.28350000381469725,-0.1306046034157612,18.443804249614445,False,False,83.49392378160549,83.3724256111714,0.42085889917110386,3.787933511293966,3.192701630657041,2.3760932748945893,0.2639961860519558,0.3132143606523624,-0.7775808481830353,0.31633429911309463,0.12149817043409143,1.0,1.0,False,1.0,15.33899974822998,2022-12-22,15.33899974822998,,0.0,0,0.0,0.03031785036539758,0.03031785036539758,0.0,0.0,0.03031785036539758,1.1608463235446234,-0.5888734522062935
2023-01-05,14.250733375549316,14.265000343322754,14.564000129699707,14.14799976348877,14.491000175476074,389168000,NVDA,35082000000.0,,0.78,,,,,,,,,,15.0,0.5,10.0,55.0396214582977,4.572115494654729,22.459999084472656,-0.011413395797773451,-0.019420630282559248,-0.032815734326980706,1.5397627819328188,40.0,728.9097886680416,5.0,100.0,100.0,False,72.84263664649839,73.57546944247707,71.84361482578083,75.30732405917331,0.7807764064044151,67.84263664649839,4.999999999999999,49.56967805596108,0.44114190914003737,0.25222955153301774,0.3066285393269449,-0.28350000381469725,-0.1306046034157612,18.443804249614445,False,False,83.07271379946876,83.1617184857187,0.42085889917110386,3.787933511293966,3.192701630657041,2.3760932748945893,0.2639961860519558,0.3132143606523624,-0.27594700635347635,0.501633841829559,-0.08900468624993664,1.0,1.0,False,1.0,15.33899974822998,2022-12-22,15.33899974822998,,0.0,0,0.0,-0.032815734326980706,-0.032815734326980706,0.0,0.0,-0.032815734326980706,1.1227522989967307,-0.6023648717734604
2023-01-06,14.84414005279541,14.859000205993652,15.010000228881836,14.034000396728516,14.473999977111816,405044000,NVDA,35082000000.0,,0.78,,,,,,,,,,15.0,0.5,10.0,55.0396214582977,4.762500066023606,21.1299991607666,0.022932103899730993,0.02929528835465911,0.04164036791972059,1.5409655077059614,40.0,736.0755285624309,5.0,100.0,100.0,False,72.74247089866464,73.25027663768807,71.51842202099184,74.98213125438431,0.7807764064044153,67.74247089866464,4.999999999999999,49.56967805596108,0.44114190914003737,0.25222955153301774,0.3066285393269449,-0.28350000381469725,-0.1306046034157612,18.443804249614445,False,False,82.8446519980122,82.92313730565346,0.42085889917110386,3.787933511293966,3.192701630657041,2.3760932748945893,0.2639961860519558,0.3132143606523624,-0.10016574783375631,0.17578125851972004,-0.0784853076412594,1.0,1.0,False,1.0,15.33899974822998,2022-12-22,15.33899974822998,,0.0,0,0.0,0.04164036791972059,0.04164036791972059,0.0,0.0,0.04164036791972059,1.1695041178096668,-0.585807198736302
2023-01-09,15.612371444702148,15.628000259399414,16.055999755859375,15.140999794006348,15.284000396728516,504231000,NVDA,35082000000.0,,0.78,,,,,,,,,,15.0,0.5,10.0,55.0396214582977,5.008974442115196,21.969999313354492,-0.0005668965891446609,0.011625085458330409,0.051753149118038966,1.5510994907428546,40.0,749.9811670932086,6.225420662497918,100.0,100.0,False,72.94502813970574,73.13111122503058,71.39925660833434,74.86296584172682,0.7807764064044151,67.94502813970574,4.999999999999999,49.87876536010222,0.44114190914003737,0.25222955153301774,0.3066285393269449,-0.28350000381469725,-0.1306046034157612,18.443804249614445,False,False,82.50740709072073,82.55977371053098,0.42085889917110386,3.787933511293966,3.192701630657041,2.3760932748945893,0.2639961860519558,0.3132143606523624,0.20255724104110584,0.30272298887486215,-0.052366619810236444,1.0,1.0,False,1.0,15.33899974822998,2022-12-22,15.628000259399414,,0.0,0,0.0,0.051753149118038966,0.051753149118038966,0.0,0.0,0.051753149118038966,1.2300296388128311,-0.5643714169288836
2023-01-10,15.893089294433594,15.909000396728516,15.961999893188477,15.472000122070312,15.506999969482422,384101000,NVDA,35082000000.0,,0.78,,,,,,,,,,15.0,0.5,10.0,55.0396214582977,5.099038588695037,20.579999923706055,0.007012843096556365,0.006181635579413536,0.017980556223762267,1.5646866866569853,40.0,754.8651774352425,11.959946877762524,100.0,100.0,False,74.565926401761,73.69124614380164,71.9593915271054,75.42310076049787,0.7807764064044153,69.565926401761,4.999999999999999,51.325182335632746,0.44114190914003737,0.25222955153301774,0.3066285393269449,-0.28350000381469725,-0.1306046034157612,18.443804249614445,False,False,83.10620371718532,83.1273416487655,0.42085889917110386,3.787933511293966,3.192701630657041,2.3760932748945893,0.2639961860519558,0.3132143606523624,1.6208982620552632,1.4183410210141574,-0.02113793158016506,1.0,1.0,False,1.0,15.33899974822998,2022-12-22,15.909000396728516,,0.0,0,0.0,0.017980556223762267,0.017980556223762267,0.0,0.0,0.017980556223762267,1.2521462558903993,-0.5565385726982954
2023-01-11,15.984997749328613,16.000999450683594,16.027999877929688,15.562999725341797,15.84000015258789,353285000,NVDA,35082000000.0,,0.78,,,,,,,,,,15.0,0.5,10.0,55.0396214582977,5.12852546496269,21.09000015258789,0.01264786371867066,0.017328328556248218,0.0057828305777147815,1.5267389958956956,40.0,749.8495557265255,12.91748437622248,100.0,100.0,False,74.31992760016043,73.9366759679361,72.20482135123986,75.66853058463234,0.7807764064044151,69.31992760016043,4.999999999999999,51.566701589445344,0.44114190914003737,0.25222955153301774,0.3066285393269449,-0.28350000381469725,-0.1306046034157612,18.443804249614445,False,False,82.41056333962432,82.38525659569527,0.42085889917110386,3.787933511293966,3.192701630657041,2.3760932748945893,0.2639961860519558,0.3132143606523624,-0.24599880160057808,-1.518727130426143,0.02530674392904757,1.0,1.0,False,1.0,15.33899974822998,2022-12-22,16.000999450683594,,0.0,0,0.0,0.0057828305777147815,0.0057828305777147815,0.0,0.0,0.0057828305777147815,1.2593872055467334,-0.5539741103964582
2023-01-12,16.494487762451172,16.51099967956543,16.636999130249023,15.491999626159668,16.100000381469727,551409000,NVDA,35082000000.0,,0.78,,,,,,,,,,15.0,0.5,10.0,55.0396214582977,5.2919870767837915,18.829999923706055,0.003640782972808232,0.00743257531634578,0.03187302333542963,1.5209444661354483,40.0,751.4222411693296,15.523659537559842,100.0,100.0,False,74.58209231219499,74.18863889488867,72.45678427819243,75.92049351158491,0.7807764064044153,69.58209231219499,4.999999999999999,52.22405598160596,0.44114190914003737,0.25222955153301774,0.3066285393269449,-0.28350000381469725,-0.1306046034157612,18.443804249614445,False,False,82.1448442010361,82.10471349368973,0.42085889917110386,3.787933511293966,3.192701630657041,2.3760932748945893,0.2639961860519558,0.3132143606523624,0.2621647120345614,0.5081635136351395,0.040130707346364716,1.0,1.0,False,1.0,15.33899974822998,2022-12-22,16.51099967956543,,0.0,0,0.0,0.03187302333542963,0.03187302333542963,0.0,0.0,0.03187302333542963,1.299527683337466,-0.5397579168089186
2023-01-13,16.88210105895996,16.89900016784668,16.922000885009766,16.165000915527344,16.277999877929688,447287000,NVDA,35082000000.0,,0.78,,,,,,,,,,15.0,0.5,10.0,55.0396214582977,5.4163462076431665,18.350000381469727,0.0038795056884117773,0.0028436088984120644,0.02349951522084104,1.524531426531996,40.0,751.1140171882645,18.007150478387903,100.0,100.0,False,74.77848996087309,74.41890979269523,72.68705517599899,76.15076440939147,0.7807764064044151,69.77848996087309,4.999999999999999,52.85046578784733,0.44114190914003737,0.25222955153301774,0.3066285393269449,-0.28350000381469725,-0.1306046034157612,18.443804249614445,False,False,82.77688623524114,82.76282373455956,0.42085889917110386,4.2478034541028356,3.192701630657041,2.3760932748945893,0.23541578860814,0.3132143606523624,0.19639764867810072,-0.06576706335646065,0.014062500681577604,1.0,1.0,False,1.0,15.33899974822998,2022-12-22,16.89900016784668,,0.0,0,0.0,0.02349951522084104,0.02349951522084104,0.0,0.0,0.02349951522084104,1.330065953911959,-0.5289424509696983
2023-01-17,17.68429946899414,17.70199966430664,17.72800064086914,16.89900016784668,16.89900016784668,511102000,NVDA,35082000000.0,,0.78,,,,,,,,,,15.0,0.5,10.0,55.0396214582977,5.673717841123923,19.360000610351562,-0.0018318970798698597,0.00452139101121829,0.04751757432299497,1.5299269347035664,40.0,765.1462841287422,38.52809636311136,100.0,100.0,False,80.32936406630489,76.72628141667852,74.99442679998228,78.45813603337476,0.7807764064044153,75.32936406630489,4.999999999999999,58.02645476538446,0.44114190914003737,0.25222955153301774,0.3066285393269449,-0.28350000381469725,-0.1306046034157612,18.443804249614445,False,False,86.08704865516657,86.06283081605658,0.42085889917110386,7.86568337010481,3.192701630657041,2.3760932748945893,0.12713453529043783,0.3132143606523624,5.550874105431802,1.518727130426143,0.024217839109988974,1.0,1.0,False,1.0,15.33899974822998,2022-12-22,17.70199966430664,,0.0,0,0.0,0.04751757432299497,0.04751757432299497,0.0,0.0,0.04751757432299497,1.3932674617314558,-0.5065589388732431
2023-01-18,17.3596248626709,17.37700080871582,17.87299919128418,17.281999588012695,17.66699981689453,439624000,NVDA,35082000000.0,,0.78,,,,,,,,,,15.0,0.5,10.0,55.0396214582977,5.569551541255071,20.34000015258789,-0.015788015568668268,-0.012892908283480553,-0.018359443099873696,1.5319433707792036,40.0,756.0254600563329,42.27740656747901,100.0,100.0,False,80.63242550869752,78.25119399021074,76.5193393735145,79.98304860690698,0.7807764064044151,75.63242550869752,4.999999999999999,58.97214159679027,0.44114190914003737,0.25222955153301774,0.3066285393269449,-0.28350000381469725,-0.1306046034157612,18.443804249614445,False,False,85.6670670633252,85.55359978164407,0.42085889917110386,10.53589210660739,3.192701630657041,2.3760932748945893,0.09491365229270604,0.3132143606523624,0.30306144239263233,-1.518727130426143,0.1134672816811326,1.0,1.0,False,1.0,15.33899974822998,2022-12-22,17.70199966430664,,0.0,0,0.0,-0.018359443099873696,-0.018359443099873696,0.0,0.0,-0.018359443099873696,1.3676878470448917,-0.5156182419581411
2023-01-19,16.748233795166016,16.764999389648438,17.19700050354004,16.731000900268555,17.035999298095703,452932000,NVDA,35082000000.0,,0.78,,,,,,,,,,15.0,0.5,10.0,55.0396214582977,5.3733972402719345,20.520000457763672,-0.007279817254666643,-0.011670161089368358,-0.0352190476253198,1.5661801503367403,40.0,762.0580388309805,53.887516813834395,100.0,100.0,False,82.79399778687855,80.02465100189205,78.2927963851958,81.7565056185883,0.7807764064044153,77.79399778687855,4.999999999999999,61.90055449747739,0.44114190914003737,0.25222955153301774,0.3066285393269449,-0.28350000381469725,-0.1306046034157612,18.443804249614445,False,False,85.0462997521607,85.1677979225948,0.42085889917110386,13.93673091809429,3.192701630657041,2.3760932748945893,0.0717528383002418,0.3132143606523624,2.1615722781810263,1.518727130426143,-0.12149817043409143,1.0,1.0,False,1.0,15.33899974822998,2022-12-22,17.70199966430664,,0.0,0,0.0,-0.0352190476253198,-0.0352190476253198,0.0,0.0,-0.0352190476253198,1.3195191836232465,-0.5326777061634534
2023-01-20,17.821163177490234,17.839000701904297,17.856000900268555,16.825000762939453,17.01099967956543,564967000,NVDA,35082000000.0,,0.78,,,,,,,,,,15.0,0.5,10.0,55.0396214582977,5.71762843009753,19.850000381469727,0.018629039629190602,0.027056608998951015,0.06406211460520561,1.5909939491361726,40.0,738.8243546125459,37.76456567850732,100.0,100.0,False,77.85545367552403,79.17782195526021,77.44596733856397,80.90967657195645,0.7807764064044151,72.85545367552403,4.999999999999999,57.83386976322508,0.44114190914003737,0.25222955153301774,0.3066285393269449,-0.28350000381469725,-0.1306046034157612,18.443804249614445,False,False,83.60609430842007,83.56544122732926,0.42085889917110386,14.668615316439274,3.192701630657041,2.3760932748945893,0.06817276057947265,0.3132143606523624,-4.938544111354517,-1.518727130426143,0.04065308109081116,1.0,1.0,False,1.0,15.33899974822998,2022-12-22,17.839000701904297,,0.0,0,0.0,0.06406211460520561,0.06406211460520561,0.0,0.0,0.06406211460520561,1.4040503727882863,-0.502740051818129
2023-01-23,19.173805236816406,19.19300079345703,19.2450008392334,17.81800079345703,18.06399917602539,655163000,NVDA,35082000000.0,,0.78,,,,,,,,,,15.0,0.5,10.0,55.0396214582977,6.151602818415715,19.809999465942383,0.011998585281936869,0.022765384319578086,0.07590111767909713,1.607911780544864,40.0,745.5386779030384,31.6159130026377,100.0,100.0,False,75.2781091118922,77.6554200653332,75.92356544863696,79.38727468202944,0.7807764064044153,70.2781091118922,4.999999999999999,56.28299785625819,0.44114190914003737,0.25222955153301774,0.3066285393269449,-0.28350000381469725,-0.1306046034157612,18.443804249614445,False,False,82.30680103330718,82.3120623983757,0.42085889917110386,14.812253380787386,3.192701630657041,2.3760932748945893,0.06751167255193431,0.3132143606523624,-2.5773445636318257,1.518727130426143,-0.005261365068516852,1.0,1.0,False,1.0,15.33899974822998,2022-12-22,19.19300079345703,,0.0,0,0.0,0.07590111767909713,0.07590111767909713,0.0,0.0,0.07590111767909713,1.51061936536067,-0.4649974659740751
2023-01-24,19.2457332611084,19.264999389648438,19.4950008392334,18.81999969482422,18.82699966430664,496204000,NVDA,35082000000.0,,0.78,,,,,,,,,,15.0,0.5,10.0,55.0396214582977,6.1746792915539865,19.200000762939453,-0.0010732912426442143,-0.00044664302669483735,0.0037512943893562856,1.610619053175102,40.0,740.2539172415874,24.351966855341384,100.0,100.0,False,72.04580703535011,75.4654933138984,73.73363869720217,77.19734793059465,0.7807764064044151,67.04580703535011,4.999999999999999,54.450815977165654,0.44114190914003737,0.25222955153301774,0.3066285393269449,-0.28350000381469725,-0.1306046034157612,18.443804249614445,False,False,81.06591980277673,80.94442163234264,0.42085889917110386,14.585686734065542,3.192701630657041,2.3760932748945893,0.06856036457059331,0.3132143606523624,-3.232302076542098,-0.654957512910272,0.12149817043409143,1.0,1.0,False,1.0,15.33899974822998,2022-12-22,19.264999389648438,,0.0,0,0.0,0.0037512943893562856,0.0037512943893562856,0.0,0.0,0.0037512943893562856,1.5162861433104005,-0.46299051396989227
2023-01-25,19.30367660522461,19.322999954223633,19.3700008392334,18.579999923706055,18.913000106811523,449537000,NVDA,35082000000.0,,0.78,,,,,,,,,,15.0,0.5,10.0,55.0396214582977,6.193269216097318,19.079999923706055,0.00037479733110745705,-0.002085341255584572,0.003010670460044773,1.6279236736063727,40.0,733.605722299069,17.478567757672014,100.0,100.0,False,68.62768830424132,72.79609490233132,71.06424028563507,74.52794951902757,0.7807764064044153,63.62768830424132,4.999999999999999,52.71714160525306,0.44114190914003737,0.25222955153301774,0.3066285393269449,-0.28350000381469725,-0.1306046034157612,18.443804249614445,False,False,79.42750815047779,79.54900632091189,0.42085889917110386,14.243871711130236,3.192701630657041,2.3760932748945893,0.07020563090431338,0.3132143606523624,-3.418118731108791,-0.18581665456669327,-0.12149817043409143,1.0,1.0,False,1.0,15.33899974822998,2022-12-22,19.322999954223633,,0.0,0,0.0,0.003010670460044773,0.003010670460044773,0.0,0.0,0.003010670460044773,1.5208511812110403,-0.4613737553735376
2023-01-26,19.782197952270508,19.802000045776367,20.166000366210938,19.277999877929688,19.701000213623047,489535000,NVDA,35082000000.0,,0.78,,,,,,,,,,15.0,0.5,10.0,55.0396214582977,6.3467948864667845,18.729999542236328,0.010990368001509987,0.0159713359348852,0.024789116218366214,1.6694313044142775,40.0,728.8597225209486,12.288906718655198,100.0,100.0,False,65.6320978284409,69.99935495690937,68.26750034021313,71.73120957360561,0.7807764064044151,60.632097828440905,4.999999999999999,51.40815572877347,0.44114190914003737,0.25222955153301774,0.3066285393269449,-0.28350000381469725,-0.1306046034157612,18.443804249614445,False,False,78.42565294594081,78.30415477550672,0.42085889917110386,14.190180124718683,3.192701630657041,2.3760932748945893,0.07047126894873187,0.3132143606523624,-2.9955904758004124,0.4225282553083787,0.12149817043409143,1.0,1.0,False,1.0,15.33899974822998,2022-12-22,19.802000045776367,,0.0,0,0.0,0.024789116218366214,0.024789116218366214,0.0,0.0,0.024789116218366214,1.5585517378929203,-0.4480216867972301
2023-01-27,20.344635009765625,20.364999771118164,20.628000259399414,19.405000686645508,19.461999893188477,542142000,NVDA,35082000000.0,,0.78,,,,,,,,,,15.0,0.5,10.0,55.0396214582977,6.527243516384027,18.510000228881836,0.0022976965430050456,0.004187115587929169,0.028431457632577928,1.666944705695893,40.0,726.659479202663,8.69183796310927,100.0,100.0,False,63.15235670097438,67.32636761044625,65.59451299375002,69.0582222271425,0.7807764064044153,58.15235670097438,4.999999999999999,50.50086868972869,0.44114190914003737,0.25222955153301774,0.3066285393269449,-0.28350000381469725,-0.1306046034157612,18.443804249614445,False,False,77.11052930261951,77.2320274730536,0.42085889917110386,14.321292270251767,3.192701630657041,2.3760932748945893,0.06982610096417088,0.3132143606523624,-2.479741127466525,0.5158493483338873,-0.12149817043409143,1.0,1.0,False,1.0,15.33899974822998,2022-12-22,20.364999771118164,,0.0,0,0.0,0.028431457632577928,0.028431457632577928,0.0,0.0,0.028431457632577928,1.6028636355970036,-0.43232813877130366
2023-01-30,19.142837524414062,19.16200065612793,20.139999389648438,19.149999618530273,19.950000762939453,488611000,NVDA,35082000000.0,,0.78,,,,,,,,,,15.0,0.5,10.0,55.0396214582977,6.14166687696408,19.940000534057617,-0.012546826143231882,-0.01909290906085226,-0.059071894353583065,1.698983920796998,40.0,751.0312821725055,25.020360170594632,100.0,100.0,False,70.80951610735738,68.68614769364186,66.95429307694562,70.4180023103381,0.7807764064044151,65.80951610735738,4.999999999999999,54.619404523319645,0.44114190914003737,0.25222955153301774,0.3066285393269449,-0.28350000381469725,-0.1306046034157612,18.443804249614445,False,False,77.76838405202567,77.64688588159157,0.42085889917110386,14.307855378133858,3.192701630657041,2.3760932748945893,0.06989167653513337,0.3132143606523624,7.657159406383002,1.518727130426143,0.12149817043409143,1.0,1.0,False,1.0,15.33899974822998,2022-12-22,20.364999771118164,,0.0,0,0.0,-0.059071894353583065,-0.059071894353583065,0.0,0.0,-0.059071894353583065,1.5081794442518173,-0.4658615909853071
2023-01-31,19.51746368408203,19.53700065612793,19.687000274658203,18.950000762939453,19.170000076293945,498017000,NVDA,35082000000.0,,0.78,,,,,,,,,,15.0,0.5,10.0,55.0396214582977,6.261859184656387,19.399999618530273,0.014703349315466685,0.01394593502161312,0.019569981586451846,1.7421847447209815,40.0,733.9749460529036,18.800764993082108,100.0,100.0,False,67.13771841050826,68.08165916801364,66.34980455131739,69.8135137847099,0.7807764064044153,62.137718410508256,4.999999999999999,53.05063882097875,0.44114190914003737,0.25222955153301774,0.3066285393269449,-0.28350000381469725,-0.1306046034157612,18.443804249614445,False,False,76.2793129153554,76.33170951638823,0.42085889917110386,14.15866741037615,3.192701630657041,2.3760932748945893,0.07062811569873816,0.3132143606523624,-3.6717976968491257,-1.518727130426143,-0.05239660103282177,1.0,1.0,False,1.0,15.33899974822998,2022-12-22,20.364999771118164,,0.0,0,0.0,0.019569981586451846,0.019569981586451846,0.0,0.0,0.019569981586451846,1.5376944882048904,-0.4554085121562729
2023-02-01,20.922054290771484,20.94300079345703,21.191999435424805,19.611000061035156,19.69099998474121,660477000,NVDA,35082000000.0,,0.78,,,,,,,,,,15.0,0.5,10.0,55.0396214582977,6.7125002543131504,17.8700008392334,0.010627771821197785,0.02353631060769734,0.07196601781799594,1.8570571836610321,40.0,706.427840516724,12.551668908386988,100.0,100.0,False,62.83073594182949,66.03176068459088,64.29990606789464,67.76361530128712,0.7807764064044151,57.83073594182949,4.999999999999999,51.47443211804936,0.44114190914003737,0.25222955153301774,0.3066285393269449,-0.28350000381469725,-0.1306046034157612,18.443804249614445,False,False,74.97926659477166,74.99413192713699,0.42085889917110386,13.98256993745471,3.192701630657041,2.3760932748945893,0.07151761117398946,0.3132143606523624,-4.306982468678768,-0.6351847718296426,-0.014865332365335462,1.0,1.0,False,1.0,15.33899974822998,2022-12-22,20.94300079345703,,0.0,0,0.0,0.07196601781799594,0.07196601781799594,0.0,0.0,0.07196601781799594,1.6483562371416778,-0.41621643143858233
2023-02-02,21.687288284301758,21.708999633789062,21.948999404907227,20.700000762939453,21.0,564276000,NVDA,35082000000.0,,0.78,,,,,,,,,,15.0,0.5,10.0,55.0396214582977,6.95801270313752,18.729999542236328,0.01455698920162063,0.027306718538068653,0.036575409984768825,1.8268095863769083,40.0,718.3560810284988,8.542982731167346,100.0,100.0,False,59.268193822365994,63.39134397000891,61.659489353312665,65.12319858670516,0.7807764064044153,54.268193822365994,4.999999999999999,50.46332300133264,0.44114190914003737,0.25222955153301774,0.3066285393269449,-0.28350000381469725,-0.1306046034157612,18.443804249614445,False,False,73.88940248677858,73.85560022635391,0.42085889917110386,13.843000591843985,3.192701630657041,2.3760932748945893,0.07223867349895077,0.3132143606523624,-3.562542119463494,0.7444403492152745,0.03380226042467029,1.0,1.0,False,1.0,15.33899974822998,2022-12-22,21.708999633789062,,0.0,0,0.0,0.036575409984768825,0.036575409984768825,0.0,0.0,0.036575409984768825,1.7086455423160856,-0.39486430807607703
2023-02-03,21.078895568847656,21.100000381469727,21.7450008392334,20.788999557495117,21.0,429366000,NVDA,35082000000.0,,0.78,,,,,,,,,,15.0,0.5,10.0,55.0396214582977,6.762820635086451,18.329999923706055,-0.010629091340170427,-0.008324023401789726,-0.02805284732565272,1.848301122252939,40.0,707.3975850861467,5.723092992542601,100.0,100.0,False,55.89352132023903,60.46428245783643,58.732427841140186,62.19613707453268,0.7807764064044151,50.89352132023903,4.999999999999999,49.752063477186766,0.44114190914003737,0.25222955153301774,0.3066285393269449,-0.28350000381469725,-0.1306046034157612,18.443804249614445,False,False,72.90862190394392,72.86735395607721,0.42085889917110386,13.801760603123437,3.192701630657041,2.3760932748945893,0.07245452437232484,0.3132143606523624,-3.3746725021269626,0.1878696173365313,0.04126794786671099,1.0,1.0,False,1.0,15.33899974822998,2022-12-22,21.708999633789062,,0.0,0,0.0,-0.02805284732565272,-0.02805284732565272,0.0,0.0,-0.02805284732565272,1.6607131697838353,-0.4118400872529221
2023-02-06,21.067913055419922,21.089000701904297,21.56999969482422,20.785999298095703,20.805999755859375,452197000,NVDA,35082000000.0,,0.78,,,,,,,,,,15.0,0.5,10.0,55.0396214582977,6.759295096764197,19.43000030517578,-0.006111360480051453,-0.012202940919739946,-0.0005213118183206022,1.835814294407062,40.0,700.2678468219657,5.0,100.0,100.0,False,53.55951655355109,57.768743302930616,56.03688868623437,59.50059791962686,0.7807764064044153,48.55951655355109,4.999999999999999,49.56967805596108,0.44114190914003737,0.25222955153301774,0.3066285393269449,-0.28350000381469725,-0.1306046034157612,18.443804249614445,False,False,72.2382968853992,72.1167987149651,0.42085889917110386,13.801760603123437,3.192701630657041,2.3760932748945893,0.07245452437232484,0.3132143606523624,-2.33400476668794,1.0406677354390226,0.12149817043409143,1.0,1.0,False,1.0,15.33899974822998,2022-12-22,21.708999633789062,,0.0,0,0.0,-0.0005213118183206022,-0.0005213118183206022,0.0,0.0,-0.0005213118183206022,1.6598474203815863,-0.41214670196649955
2023-02-07,22.15082550048828,22.17300033569336,22.259000778198242,21.149999618530273,21.381999969482422,664150000,NVDA,35082000000.0,,0.78,,,,,,,,,,15.0,0.5,10.0,55.0396214582977,7.106730876824795,18.65999984741211,0.013078632712971272,0.024992860381310766,0.05140118534356053,1.8232759703848669,40.0,688.6357544304406,5.0,100.0,100.0,False,51.28137810915509,55.23615246141605,53.5042978447198,56.968007078112294,0.7807764064044151,46.28137810915509,4.999999999999999,49.56967805596108,0.44114190914003737,0.25222955153301774,0.3066285393269449,-0.28350000381469725,-0.1306046034157612,18.443804249614445,False,False,71.36406229555104,71.48556046598513,0.42085889917110386,13.870351325467658,3.192701630657041,2.3760932748945893,0.07209622716361033,0.3132143606523624,-2.2781384443959993,0.05586632229194066,-0.12149817043409143,1.0,1.0,False,1.0,15.33899974822998,2022-12-22,22.17300033569336,,0.0,0,0.0,0.05140118534356053,0.05140118534356053,0.0,0.0,0.05140118534356053,1.745165545278651,-0.38193034563945627
2023-02-08,22.18279266357422,22.204999923706055,22.878000259399414,22.007999420166016,22.386999130249023,559651000,NVDA,35082000000.0,,0.78,,,,,,,,,,15.0,0.5,10.0,55.0396214582977,7.116987155033992,19.6299991607666,-0.010934773280246723,-0.012052360376598958,0.0014431780782135917,1.854407032911551,40.0,681.8851673467868,5.0,100.0,100.0,False,48.128529302420795,52.46142022733749,50.729565610641245,54.19327484403374,0.7807764064044153,43.128529302420795,4.999999999999999,49.56967805596108,0.44114190914003737,0.25222955153301774,0.3066285393269449,-0.28350000381469725,-0.1306046034157612,18.443804249614445,False,False,70.9108892240288,70.96170400577516,0.42085889917110386,14.174495884091211,3.192701630657041,2.3760932748945893,0.07054924620792709,0.3132143606523624,-3.1528488067342977,-0.8747103623382984,-0.05081478174637141,1.0,1.0,False,1.0,15.33899974822998,2022-12-22,22.204999923706055,,0.0,0,0.0,0.0014431780782135917,0.0014431780782135917,0.0,0.0,0.0014431780782135917,1.7476841299364507,-0.3810383610634741
2023-02-09,22.31466293334961,22.336999893188477,23.020000457763672,22.1200008392334,22.606000900268555,523876000,NVDA,35082000000.0,,0.78,,,,,,,,,,15.0,0.5,10.0,55.0396214582977,7.159294837560409,20.709999084472656,-0.00866917718618343,-0.0055003088126744926,0.005944605716548423,1.8480532653983615,40.0,676.4421254062746,5.0,100.0,100.0,False,44.537277878775534,49.36792853396387,47.63607391726762,51.099783150660116,0.7807764064044151,39.537277878775534,4.999999999999999,49.56967805596108,0.44114190914003737,0.25222955153301774,0.3066285393269449,-0.28350000381469725,-0.1306046034157612,18.443804249614445,False,False,70.4918709450362,70.43231571709897,0.42085889917110386,14.488289316226401,3.192701630657041,2.3760932748945893,0.06902126111465992,0.3132143606523624,-3.591251423645261,-0.43840261691096316,0.059555227937221955,1.0,1.0,False,1.0,15.33899974822998,2022-12-22,22.336999893188477,,0.0,0,0.0,0.005944605716548423,0.005944605716548423,0.0,0.0,0.005944605716548423,1.758073423005992,-0.37735887816632785
2023-02-10,21.243730545043945,21.264999389648438,22.077999114990234,20.81100082397461,21.690000534057617,550737000,NVDA,35082000000.0,,0.78,,,,,,,,,,15.0,0.5,10.0,55.0396214582977,6.815704932579627,20.530000686645508,0.0023336663037101246,-0.004608905212440506,-0.04799214346895975,1.8695938886705723,40.0,698.7430930296247,5.0,100.0,100.0,False,42.186836336414,46.564514853932984,44.83266023723674,48.29636947062923,0.7807764064044153,37.186836336414,4.999999999999999,49.56967805596108,0.44114190914003737,0.25222955153301774,0.3066285393269449,-0.28350000381469725,-0.1306046034157612,18.443804249614445,False,False,69.92442149283855,69.90939192345162,0.42085889917110386,14.82940010167035,3.192701630657041,2.3760932748945893,0.06743361114704581,0.3132143606523624,-2.350441542361537,1.2408098812837238,0.015029569386922504,1.0,1.0,False,1.0,15.33899974822998,2022-12-22,22.336999893188477,,0.0,0,0.0,-0.04799214346895975,-0.04799214346895975,0.0,0.0,-0.04799214346895975,1.6736997110601233,-0.40724076021504346
2023-02-13,21.766206741333008,21.788000106811523,22.04800033569336,20.961999893188477,21.538000106811523,474919000,NVDA,35082000000.0,,0.78,,,,,,,,,,15.0,0.5,10.0,55.0396214582977,6.983333367567796,20.34000015258789,0.011738991096546858,0.01731010536585864,0.02459443838111164,1.8609232424177926,40.0,681.3004197351954,5.0,100.0,100.0,False,42.186836336414,44.85552080328184,43.123666186585595,46.58737541997809,0.7807764064044151,37.186836336414,4.999999999999999,49.56967805596108,0.44114190914003737,0.25222955153301774,0.3066285393269449,-0.28350000381469725,-0.1306046034157612,18.443804249614445,False,False,69.46823499284112,69.38498157400599,0.42085889917110386,15.158038355103308,3.192701630657041,2.3760932748945893,0.06597159715348831,0.3132143606523624,0.0,1.518727130426143,0.08325341883512181,1.0,1.0,False,1.0,15.33899974822998,2022-12-22,22.336999893188477,,0.0,0,0.0,0.02459443838111164,0.02459443838111164,0.0,0.0,0.02459443838111164,1.7148634154722757,-0.3926621796173178
2023-02-14,22.948026657104492,22.97100067138672,23.048999786376953,21.365999221801758,21.577999114990234,675474000,NVDA,35082000000.0,,0.78,,,,,,,,,,15.0,0.5,10.0,55.0396214582977,7.36250021518805,18.90999984741211,-0.00046016987623753725,0.00427141391204966,0.05429596836679651,1.8467927739564645,40.0,665.8571498400146,5.0,100.0,100.0,False,42.186836336414,43.81369786934766,42.08184325265142,45.54555248604391,0.7807764064044153,37.186836336414,4.999999999999999,49.56967805596108,0.44114190914003737,0.25222955153301774,0.3066285393269449,-0.28350000381469725,-0.1306046034157612,18.443804249614445,False,False,68.56286622295634,68.55839691717298,0.42085889917110386,14.657802599789015,3.192701630657041,2.3760932748945893,0.06822305002350039,0.3132143606523624,0.0,0.0,0.004469305783355253,1.0,1.0,False,1.0,15.33899974822998,2022-12-22,22.97100067138672,,0.0,0,0.0,0.05429596836679651,0.05429596836679651,0.0,0.0,0.05429596836679651,1.807973585232135,-0.3596861845338606
2023-02-15,22.741235733032227,22.763999938964844,22.854999542236328,22.106000900268555,22.548999786376953,420575000,NVDA,35082000000.0,,0.78,,,,,,,,,,15.0,0.5,10.0,55.0396214582977,7.296153826591296,18.229999542236328,0.0032473737163669636,0.004671581212517317,-0.009011393773529441,1.842265312679675,40.0,655.7373692200264,5.0,100.0,100.0,False,42.186836336414,43.1785903186469,41.44673570195065,44.91044493534314,0.7807764064044151,37.186836336414,4.999999999999999,49.56967805596108,0.44114190914003737,0.25222955153301774,0.3066285393269449,-0.28350000381469725,-0.1306046034157612,18.443804249614445,False,False,67.37798398625424,67.4479608152413,0.42085889917110386,13.563421787539806,3.192701630657041,2.3760932748945893,0.07372770792387077,0.3132143606523624,0.0,0.0,-0.06997682898706387,1.0,1.0,False,1.0,15.33899974822998,2022-12-22,22.97100067138672,,0.0,0,0.0,-0.009011393773529441,-0.009011393773529441,0.0,0.0,-0.009011393773529441,1.7916812233234685,-0.365456304463657
2023-02-16,21.979999542236328,22.00200080871582,22.549999237060547,21.927000045776367,22.132999420166016,412026000,NVDA,35082000000.0,,0.78,,,,,,,,,,15.0,0.5,10.0,55.0396214582977,7.051923336126865,20.170000076293945,-0.013768810222142602,-0.017350267635079297,-0.03347386805008379,1.8482062422907994,40.0,655.5338049490273,5.0,100.0,100.0,False,42.186836336414,42.79142126350436,41.059566646808115,44.52327588020061,0.7807764064044153,37.186836336414,4.999999999999999,49.56967805596108,0.44114190914003737,0.25222955153301774,0.3066285393269449,-0.28350000381469725,-0.1306046034157612,18.443804249614445,False,False,64.4373092575923,64.47238146694518,0.42085889917110386,10.124434216848453,3.192701630657041,2.3760932748945893,0.0987709514014978,0.3132143606523624,0.0,0.0,-0.035072209352877054,1.0,1.0,False,1.0,15.33899974822998,2022-12-22,22.97100067138672,,0.0,0,0.0,-0.03347386805008379,-0.03347386805008379,0.0,0.0,-0.03347386805008379,1.731706722466126,-0.3866969364000531
2023-02-17,21.36661148071289,21.38800048828125,21.739999771118164,20.975000381469727,21.631000518798828,465888000,NVDA,35082000000.0,,0.78,,,,,,,,,,15.0,0.5,10.0,55.0396214582977,6.855128361628606,20.020000457763672,-0.002498258589011204,-0.012500805561488804,-0.027906567487777867,1.8628182629519285,40.0,669.5468870900821,5.0,100.0,100.0,False,42.18683633641394,42.5553984401344,40.82354382343815,44.28725305683064,0.7807764064044151,37.18683633641394,4.999999999999999,49.56967805596108,0.44114190914003737,0.25222955153301774,0.3066285393269449,-0.28350000381469725,-0.1306046034157612,18.443804249614445,False,False,61.753385181607044,61.65412039110434,0.42085889917110386,8.286791090582962,3.192701630657041,2.3760932748945893,0.12067397247848945,0.3132143606523624,-5.684341886080802e-14,-5.684341886080802e-14,0.0992647905026979,1.0,1.0,False,1.0,15.33899974822998,2022-12-22,22.97100067138672,,0.0,0,0.0,-0.027906567487777867,-0.027906567487777867,0.0,0.0,-0.027906567487777867,1.6833807319465866,-0.4038121197348659
2023-02-21,20.63434410095215,20.655000686645508,21.493999481201172,20.618000030517578,21.0,410015000,NVDA,35082000000.0,,0.78,,,,,,,,,,15.0,0.5,10.0,55.0396214582977,6.620192527770996,22.8700008392334,-0.0200609272499801,-0.023744865901202727,-0.03427154408554278,1.8459465236838999,40.0,693.6209057878905,5.0,100.0,100.0,False,42.18683633641394,42.411516142694545,40.6796615259983,44.14337075939079,0.7807764064044153,37.18683633641394,4.999999999999999,49.56967805596108,0.44114190914003737,0.25222955153301774,0.3066285393269449,-0.28350000381469725,-0.1306046034157612,18.443804249614445,False,False,58.22251818370835,58.10102001327426,0.42085889917110386,6.7558118784807375,3.192701630657041,2.3760932748945893,0.14802069950841826,0.3132143606523624,0.0,5.684341886080802e-14,0.12149817043409143,1.0,1.0,False,1.0,15.33899974822998,2022-12-22,22.97100067138672,,0.0,0,0.0,-0.03427154408554278,-0.03427154408554278,0.0,0.0,-0.03427154408554278,1.6256886749789259,-0.42424439895663874
2023-02-22,20.733247756958008,20.753999710083008,21.104000091552734,20.42099952697754,20.707000732421875,513184000,NVDA,35082000000.0,,0.78,,,,,,,,,,15.0,0.5,10.0,55.0396214582977,6.651922984000964,22.290000915527344,-0.0013781046831931043,-0.0014651791080013687,0.0047929808833899745,1.840565730261824,40.0,684.3700711272769,5.0,100.0,100.0,False,42.186836336414,42.32380379682486,40.591949180128616,44.05565841352111,0.7807764064044151,37.186836336414,4.999999999999999,49.56967805596108,0.44114190914003737,0.25222955153301774,0.3066285393269449,-0.28350000381469725,-0.1306046034157612,18.443804249614445,False,False,54.778367033668005,54.778367033668005,0.42085889917110386,5.826996029088736,3.192701630657041,2.3760932748945893,0.17161501312304595,0.3132143606523624,5.684341886080802e-14,5.684341886080802e-14,0.0,1.0,1.0,False,1.0,15.33899974822998,2022-12-22,22.97100067138672,,0.0,0,0.0,0.0047929808833899745,0.0047929808833899745,0.0,0.0,0.0047929808833899745,1.6334805697204435,-0.4214848133673332
2023-02-23,23.640331268310547,23.663999557495117,23.88800048828125,23.024999618530273,23.440000534057617,1117995000,NVDA,35082000000.0,,0.78,,,,,,,,,,15.0,0.5,10.0,55.0396214582977,7.584615242786897,21.139999389648438,0.005319403502116682,0.0165810304932843,0.14021392926965937,1.9368093280319958,40.0,764.3014556618373,33.03249376872943,100.0,100.0,False,85.21730874435079,59.068922122334506,57.33706750563826,60.80077673903075,0.7807764064044153,80.21730874435079,4.999999999999999,56.64030138759981,0.44114190914003737,0.25222955153301774,0.3066285393269449,-0.28350000381469725,-0.1306046034157612,18.443804249614445,False,False,66.6450407821481,66.6450407821481,0.42085889917110386,7.798983716626729,3.192701630657041,2.3760932748945893,0.12822183457930425,0.3132143606523624,43.03047240793679,1.518727130426143,0.0,1.0,1.0,False,1.0,15.33899974822998,2022-12-22,23.663999557495117,,0.0,0,0.0,0.14021392926965937,0.14021392926965937,0.0,0.0,0.14021392926965937,1.8625172987865888,-0.3403689259073966
2023-02-24,23.262710571289062,23.285999298095703,23.474000930786133,22.94700050354004,23.225000381469727,589716000,NVDA,35082000000.0,,0.78,,,,,,,,,,15.0,0.5,10.0,55.0396214582977,7.463461313492212,21.670000076293945,-0.01068237093839386,-0.017826221595151348,-0.015973642092115825,1.9338481730997417,40.0,742.8349991714977,48.08532300580987,100.0,100.0,False,91.21610020102965,71.6188012104977,69.88694659380145,73.35065582719393,0.7807764064044151,86.21610020102965,4.999999999999999,60.43706975537171,0.44114190914003737,0.25222955153301774,0.3066285393269449,-0.28350000381469725,-0.1306046034157612,18.443804249614445,False,False,70.55575719088898,70.55575719088898,0.42085889917110386,11.679451836917522,3.192701630657041,2.3760932748945893,0.08562045667580946,0.3132143606523624,5.998791456678859,-1.518727130426143,0.0,1.0,1.0,False,1.0,15.33899974822998,2022-12-22,23.663999557495117,,0.0,0,0.0,-0.015973642092115825,-0.015973642092115825,0.0,0.0,-0.015973642092115825,1.8327661140653975,-0.3509056365977898
2023-02-27,23.477495193481445,23.500999450683594,23.8799991607666,23.45400047302246,23.670000076293945,452994000,NVDA,35082000000.0,,0.78,,,,,,,,,,15.0,0.5,10.0,55.0396214582977,7.532371618808844,20.950000762939453,0.0034058380515806785,0.005364178161307409,0.009233022376904154,1.9329923258877126,40.0,743.1980089466443,58.23643537170012,100.0,100.0,False,92.21359640036113,79.65876629998594,77.92691168328969,81.3906209166822,0.7807764064044153,87.21359640036113,4.999999999999999,62.99748027498148,0.44114190914003737,0.25222955153301774,0.3066285393269449,-0.28350000381469725,-0.1306046034157612,18.443804249614445,False,False,71.65530994917754,71.65530994917754,0.42085889917110386,15.715865216030489,3.192701630657041,2.3760932748945893,0.0636299679498384,0.3132143606523624,0.9974961993314793,-1.518727130426143,-4.547473508864641e-15,1.0,1.0,False,1.0,15.33899974822998,2022-12-22,23.663999557495117,,0.0,0,0.0,0.009233022376904154,0.009233022376904154,0.0,0.0,0.009233022376904154,1.849688084608195,-0.34491253381577486
2023-02-28,23.192781448364258,23.215999603271484,23.825000762939453,23.20599937438965,23.371999740600586,455963000,NVDA,35082000000.0,,0.78,,,,,,,,,,15.0,0.5,10.0,55.0396214582977,7.441025513869065,20.700000762939453,-0.0036959776232566854,-0.0021926840790682522,-0.01212713731644377,2.007492703813907,40.0,738.7642556842687,60.608819429419846,100.0,100.0,False,91.72492536662786,84.3692524575643,82.63739784086806,86.10110707426054,0.7807764064044151,86.72492536662786,4.999999999999999,63.595865641924206,0.44114190914003737,0.25222955153301774,0.3066285393269449,-0.28350000381469725,-0.1306046034157612,18.443804249614445,False,False,71.46682129495917,71.46682129495917,0.42085889917110386,18.80089541006177,3.192701630657041,2.3760932748945893,0.053188956067742654,0.3132143606523624,-0.4886710337332687,-1.486167233064748,4.547473508864641e-15,1.2,1.0,True,1.2,15.33899974822998,2022-12-22,23.663999557495117,,0.0,0,0.0,-0.01212713731644377,-0.01212713731644377,0.19999999999999996,9.999999999999998e-05,-0.01222713731644377,1.8270716944051006,-0.35292237821909056
2023-03-01,22.675296783447266,22.697999954223633,23.256000518798828,22.507999420166016,23.191999435424805,460026000,NVDA,35082000000.0,,0.78,,,,,,,,,,15.0,0.5,10.0,55.0396214582977,7.274999985328087,20.579999923706055,-0.003835914535380569,-0.007324933846355908,-0.02231218374826549,2.0139560583715577,40.0,739.1672443722194,62.4654623152677,100.0,100.0,False,91.14205531121314,87.01327479424306,85.2814201775468,88.74512941093931,0.7807764064044153,86.14205531121314,4.999999999999999,64.06416584437858,0.44114190914003737,0.25222955153301774,0.3066285393269449,-0.28350000381469725,-0.1306046034157612,18.443804249614445,False,False,71.23868921875433,71.23868921875433,0.42085889917110386,21.56364130400464,3.192701630657041,2.3760932748945893,0.04637435699759518,0.3132143606523624,-0.5828700554147161,-0.09419902168144745,4.547473508864641e-15,1.2,1.2,False,1.2,15.33899974822998,2022-12-22,23.663999557495117,,0.0,0,0.0,-0.02231218374826549,-0.026774620497918587,0.0,0.0,-0.026774620497918587,1.778152543164915,-0.3702476359749701
2023-03-02,23.29068374633789,23.31399917602539,23.3799991607666,22.43199920654297,22.488000869750977,389415000,NVDA,35082000000.0,,0.78,,,,,,,,,,15.0,0.5,10.0,55.0396214582977,7.472435633341471,19.59000015258789,0.007777289862108905,0.01232289046853774,0.027138920743857486,2.0076711863692513,40.0,726.2751234332281,49.20539009436181,100.0,100.0,False,85.75538957602544,86.52221124406846,84.79035662737222,88.2540658607647,0.7807764064044151,80.75538957602544,4.999999999999999,60.71958377480406,0.44114190914003737,0.25222955153301774,0.3066285393269449,-0.28350000381469725,-0.1306046034157612,18.443804249614445,False,False,69.81345006917313,69.69195189873903,0.42085889917110386,22.65433104375302,3.192701630657041,2.3760932748945893,0.044141669779110604,0.3132143606523624,-5.386665735187705,-1.518727130426143,0.12149817043409143,1.2,1.2,False,1.2,15.33899974822998,2022-12-22,23.663999557495117,,0.0,0,0.0,0.027138920743857486,0.03256670489262898,0.0,0.0,0.03256670489262898,1.8360611122922446,-0.3497386765803315
2023-03-03,23.866106033325195,23.889999389648438,23.899999618530273,23.1299991607666,23.31999969482422,412393000,NVDA,35082000000.0,,0.78,,,,,,,,,,15.0,0.5,10.0,55.0396214582977,7.657051086425781,18.489999771118164,0.016037819365946948,0.021503002374404945,0.024706195160861366,1.9885735637707405,40.0,722.8717620457815,37.77616843792506,100.0,100.0,False,77.25418800260869,82.90408430359868,81.17222968690243,84.63593892029493,0.7807764064044153,72.25418800260869,4.999999999999999,57.836796322029564,0.44114190914003737,0.25222955153301774,0.3066285393269449,-0.28350000381469725,-0.1306046034157612,18.443804249614445,False,False,68.17107566210571,68.2925738325398,0.42085889917110386,22.866171682391165,3.192701630657041,2.3760932748945893,0.04373272508795525,0.3132143606523624,-8.50120157341675,-1.518727130426143,-0.12149817043409143,1.2,1.2,False,1.2,15.33899974822998,2022-12-22,23.889999389648438,,0.0,0,0.0,0.024706195160861366,0.029647434193033638,0.0,0.0,0.029647434193033638,1.8904956132933173,-0.3304600967859718
2023-03-06,23.530445098876953,23.554000854492188,24.24799919128418,23.48699951171875,23.891000747680664,437429000,NVDA,35082000000.0,,0.78,,,,,,,,,,15.0,0.5,10.0,55.0396214582977,7.549359248234675,18.610000610351562,0.0006927404874084164,0.004780920307288161,-0.014064401161175355,1.9820705991335137,40.0,711.8265454202318,26.366983515597195,100.0,100.0,False,64.87985568065653,75.8676380773825,74.13578346068626,77.59949269407873,0.7807764064044151,59.87985568065653,4.999999999999999,54.95906272571354,0.44114190914003737,0.25222955153301774,0.3066285393269449,-0.28350000381469725,-0.1306046034157612,18.443804249614445,False,False,66.6491320250938,66.7706301955279,0.42085889917110386,22.616404680832282,3.192701630657041,2.3760932748945893,0.044215692728893995,0.3132143606523624,-12.374332321952153,-1.518727130426143,-0.12149817043409143,1.2,1.2,False,1.2,15.33899974822998,2022-12-22,23.889999389648438,,0.0,0,0.0,-0.014064401161175355,-0.016877281393410427,0.0,0.0,-0.016877281393410427,1.858589186854758,-0.34176011013663177
2023-03-07,23.26866340637207,23.288000106811523,24.125,23.240999221801758,23.600000381469727,515154000,NVDA,35082000000.0,,0.78,,,,,,,,,,15.0,0.5,10.0,55.0396214582977,7.464102598337027,19.59000015258789,-0.015328731891906533,-0.01242809481103635,-0.011293229941015892,1.979669424225619,40.0,706.568380926393,18.163437136304527,100.0,100.0,False,54.26843463436763,67.43556385466499,65.70370923796875,69.16741847136123,0.7807764064044153,49.26843463436763,4.999999999999999,52.889885901484234,0.44114190914003737,0.25222955153301774,0.3066285393269449,-0.28350000381469725,-0.1306046034157612,18.443804249614445,False,False,65.39646400804664,65.51535738669182,0.42085889917110386,22.291310182436533,3.192701630657041,2.3760932748945893,0.04486053048545825,0.3132143606523624,-10.611421046288903,1.518727130426143,-0.11889337864517983,1.2,1.2,False,1.2,15.33899974822998,2022-12-22,23.889999389648438,,0.0,0,0.0,-0.011293229941015892,-0.01355187592921907,0.0,0.0,-0.01355187592921907,1.8334018167911141,-0.35068049545572294
2023-03-08,24.160921096801758,24.180999755859375,24.200000762939453,23.423999786376953,23.48699951171875,513573000,NVDA,35082000000.0,,0.78,,,,,,,,,,15.0,0.5,10.0,55.0396214582977,7.7503204345703125,19.110000610351562,0.0016321199989792756,0.008269877574166307,0.038345913987979374,1.9577546480581305,40.0,698.7216851496913,12.315858501830157,100.0,100.0,False,46.64509683500884,59.31921079112667,57.587356174430425,61.05106540782292,0.7807764064044151,41.64509683500884,4.999999999999999,51.41495376495671,0.44114190914003737,0.25222955153301774,0.3066285393269449,-0.28350000381469725,-0.1306046034157612,18.443804249614445,False,False,64.5330485454782,64.54058446721271,0.42085889917110386,22.048646500718025,3.192701630657041,2.3760932748945893,0.04535425791181488,0.3132143606523624,-7.6233377993587865,1.518727130426143,-0.007535921734515796,1.2,1.2,False,1.2,15.33899974822998,2022-12-22,24.180999755859375,,0.0,0,0.0,0.038345913987979374,0.04601509678557525,0.0,0.0,0.04601509678557525,1.9177659788376067,-0.3208019956093563
2023-03-09,23.41653823852539,23.43600082397461,24.45400047302246,23.382999420166016,24.174999237060547,501257000,NVDA,35082000000.0,,0.78,,,,,,,,,,15.0,0.5,10.0,55.0396214582977,7.511538725632887,22.610000610351562,-0.01844985365837981,-0.014335708361578714,-0.030809269236448444,1.9642862054911547,40.0,700.0300240034618,8.471616306845611,100.0,100.0,False,41.92341645186893,52.52809789574871,50.79624327905246,54.259952512444954,0.7807764064044153,36.92341645186893,4.999999999999999,50.44532228013145,0.44114190914003737,0.25222955153301774,0.3066285393269449,-0.28350000381469725,-0.1306046034157612,18.443804249614445,False,False,63.7499611634625,63.871459333896595,0.42085889917110386,21.914288067561525,3.192701630657041,2.3760932748945893,0.04563232886767803,0.3132143606523624,-4.721680383139912,1.518727130426143,-0.12149817043409143,1.2,1.2,False,1.2,15.33899974822998,2022-12-22,24.180999755859375,,0.0,0,0.0,-0.030809269236448444,-0.03697112308373813,0.0,0.0,-0.03697112308373813,1.846864016788196,-0.34591270862791207
2023-03-10,22.9459285736084,22.96500015258789,23.62700080871582,22.72599983215332,23.409000396728516,474866000,NVDA,35082000000.0,,0.78,,,,,,,,,,15.0,0.5,10.0,55.0396214582977,7.360576971983298,24.799999237060547,-0.01442944614289643,-0.01758316012619965,-0.0200973141673938,1.974868000510041,40.0,699.9420369325161,5.924589315120838,100.0,100.0,False,39.20596999749293,47.32729632271863,45.595441706022385,49.05915093941488,0.7807764064044151,34.20596999749293,4.999999999999999,49.80288680426622,0.44114190914003737,0.25222955153301774,0.3066285393269449,-0.28350000381469725,-0.1306046034157612,18.443804249614445,False,False,62.88713783571149,63.008636006145586,0.42085889917110386,21.875288227141922,3.192701630657041,2.3760932748945893,0.045713683386317296,0.3132143606523624,-2.7174464543760024,1.518727130426143,-0.12149817043409143,1.2,1.2,False,1.2,15.33899974822998,2022-12-22,24.180999755859375,,0.0,0,0.0,-0.0200973141673938,-0.024116777000872558,0.0,0.0,-0.024116777000872558,1.8023236091443793,-0.3616871859730375
2023-03-13,22.946928024291992,22.965999603271484,23.29800033569336,22.297000885009766,22.75200080871582,421890000,NVDA,35082000000.0,,0.78,,,,,,,,,,15.0,0.5,10.0,55.0396214582977,7.36089730874086,26.520000457763672,-0.001425250201672501,0.005450321949537651,4.352060426526805e-05,1.966865715574021,40.0,692.6591169894084,5.0,100.0,100.0,False,38.46062641572559,43.86585298934053,42.133998372644285,45.59770760603678,0.7807764064044153,33.46062641572559,4.999999999999999,49.56967805596108,0.44114190914003737,0.25222955153301774,0.3066285393269449,-0.28350000381469725,-0.1306046034157612,18.443804249614445,False,False,62.081573341190285,62.20307151162438,0.42085889917110386,21.875288227141922,3.192701630657041,2.3760932748945893,0.045713683386317296,0.3132143606523624,-0.7453435817673366,1.518727130426143,-0.12149817043409143,1.2,1.2,False,1.2,15.33899974822998,2022-12-22,24.180999755859375,,0.0,0,0.0,4.352060426526805e-05,5.2224725118321656e-05,0.0,0.0,5.2224725118321656e-05,1.802417734999441,-0.3616538502617855
2023-03-14,24.043018341064453,24.062999725341797,24.2189998626709,23.459999084472656,23.496000289916992,474910000,NVDA,35082000000.0,,0.78,,,,,,,,,,15.0,0.5,10.0,55.0396214582977,7.712499911968524,23.729999542236328,0.016530065073970368,0.023075300578930813,0.047766269312050635,1.9578434817919932,40.0,700.6839351051617,5.0,100.0,100.0,False,38.7026032469786,41.850181199735594,40.11832658303935,43.58203581643184,0.7807764064044151,33.7026032469786,4.999999999999999,49.56967805596108,0.44114190914003737,0.25222955153301774,0.3066285393269449,-0.28350000381469725,-0.1306046034157612,18.443804249614445,False,False,61.71105296938142,61.589554798947326,0.42085889917110386,21.875288227141922,3.192701630657041,2.3760932748945893,0.045713683386317296,0.3132143606523624,0.2419768312530053,0.9873204130203419,0.12149817043409143,1.2,1.2,False,1.2,15.33899974822998,2022-12-22,24.180999755859375,,0.0,0,0.0,0.047766269312050635,0.05731952317446076,0.0,0.0,0.05731952317446076,1.9057314601308006,-0.32506415333853805
2023-03-15,24.207883834838867,24.22800064086914,24.285999298095703,23.360000610351562,23.76099967956543,524486000,NVDA,35082000000.0,,0.78,,,,,,,,,,15.0,0.5,10.0,55.0396214582977,7.765384820791391,26.139999389648438,-0.006254338800497861,0.0005728328007799099,0.00685703849938446,2.0423766341070184,40.0,698.5281521787815,5.0,100.0,100.0,False,38.88284926005956,40.69176981550095,38.9599151988047,42.423624432197194,0.7807764064044153,33.88284926005956,4.999999999999999,49.56967805596108,0.44114190914003737,0.25222955153301774,0.3066285393269449,-0.28350000381469725,-0.1306046034157612,18.443804249614445,False,False,61.08465071000556,60.96315253957147,0.42085889917110386,21.875288227141922,3.192701630657041,2.3760932748945893,0.045713683386317296,0.3132143606523624,0.18024601308096067,-0.06173081817204462,0.12149817043409143,1.2,1.2,False,1.2,15.33899974822998,2022-12-22,24.22800064086914,,0.0,0,0.0,0.00685703849938446,0.008228446199261353,0.0,0.0,0.008228446199261353,1.921412668920727,-0.3195104800363312
2023-03-16,25.519790649414062,25.541000366210938,25.58799934387207,23.893999099731445,24.027000427246094,583253000,NVDA,35082000000.0,,0.78,,,,,,,,,,15.0,0.5,10.0,55.0396214582977,8.186218066093248,22.989999771118164,0.01754517723408111,0.028052082545088064,0.05419348235970234,2.0299031317494505,40.0,757.4162473583406,33.76949420247991,100.0,100.0,False,72.52264701887236,53.11816877327523,51.38631415657898,54.850023389971476,0.7807764064044151,67.52264701887236,4.999999999999999,56.826194676484334,0.44114190914003737,0.25222955153301774,0.3066285393269449,-0.28350000381469725,-0.1306046034157612,18.443804249614445,False,False,66.97742841295772,66.85593024252363,0.42085889917110386,21.570882969190798,3.192701630657041,2.3760932748945893,0.04635878843848336,0.3132143606523624,33.639797758812804,1.518727130426143,0.12149817043409143,1.2,1.2,False,1.2,15.33899974822998,2022-12-22,25.541000366210938,,0.0,0,0.0,0.05419348235970234,0.0650321788316428,0.0,0.0,0.0650321788316428,2.0463663212153635,-0.2752567638809952
2023-03-17,25.70363998413086,25.725000381469727,26.39900016784668,25.667999267578125,25.98200035095215,848547000,NVDA,35082000000.0,,0.78,,,,,,,,,,15.0,0.5,10.0,55.0396214582977,8.245192429958246,25.510000228881836,-0.015450241961852518,-0.0013921546926350947,0.007204103700738651,2.0423062190757992,40.0,754.3371443708138,54.07169768843968,100.0,100.0,False,86.18961057583567,66.02886951588317,64.29701489918693,67.76072413257941,0.7807764064044153,81.18961057583567,4.999999999999999,61.947010356880035,0.44114190914003737,0.25222955153301774,0.3066285393269449,-0.28350000381469725,-0.1306046034157612,18.443804249614445,False,False,70.9423958175007,70.8208976470666,0.42085889917110386,22.02561495833384,3.192701630657041,2.3760932748945893,0.045401683534907596,0.3132143606523624,13.66696355696331,-1.518727130426143,0.12149817043409143,1.2,1.2,False,1.2,15.33899974822998,2022-12-22,25.725000381469727,,0.0,0,0.0,0.007204103700738651,0.008644924440886381,0.0,0.0,0.008644924440886381,2.064057003440645,-0.26899141336570287
2023-03-20,25.878494262695312,25.899999618530273,26.02400016784668,25.1299991607666,25.614999771118164,432747000,NVDA,35082000000.0,,0.78,,,,,,,,,,15.0,0.5,10.0,55.0396214582977,8.301281929016113,24.149999618530273,0.009615631410812231,0.00048788555802370404,0.006802691330049626,2.040916733100295,40.0,750.8880428032369,66.47767747465228,100.0,100.0,False,89.51258724363167,75.19663588412674,73.4647812674305,76.92849050082297,0.7807764064044151,84.51258724363167,4.999999999999999,65.07616507468413,0.44114190914003737,0.25222955153301774,0.3066285393269449,-0.28350000381469725,-0.1306046034157612,18.443804249614445,False,False,73.15293002307477,73.03143185264068,0.42085889917110386,23.069914683734936,3.192701630657041,2.3760932748945893,0.04334649753624939,0.3132143606523624,3.3229766677959987,-1.518727130426143,0.12149817043409143,1.2,1.2,False,1.2,15.33899974822998,2022-12-22,25.899999618530273,,0.0,0,0.0,0.006802691330049626,0.008163229596059552,0.0,0.0,0.008163229596059552,2.080906374659086,-0.263024022436316
2023-03-21,26.177248001098633,26.198999404907227,26.392000198364258,25.381000518798828,26.18000030517578,547408000,NVDA,35082000000.0,,0.78,,,,,,,,,,15.0,0.5,10.0,55.0396214582977,8.397115193880522,21.3799991607666,0.013130526631691453,0.008081959673762018,0.01154439346643965,2.050103586988515,40.0,745.605413025556,71.9576627784333,100.0,100.0,False,89.86956408579388,80.92477396049057,79.19291934379433,82.65662857718681,0.7807764064044153,84.86956408579388,4.999999999999999,66.45837931026435,0.44114190914003737,0.25222955153301774,0.3066285393269449,-0.28350000381469725,-0.1306046034157612,18.443804249614445,False,False,74.08456350735885,74.00557787431723,0.42085889917110386,24.087197439722395,3.192701630657041,2.3760932748945893,0.04151583024560972,0.3132143606523624,0.3569768421622115,-1.518727130426143,0.07898563304162735,1.2,1.2,False,1.2,15.33899974822998,2022-12-22,26.198999404907227,,0.0,0,0.0,0.01154439346643965,0.01385327215972758,0.0,0.0,0.01385327215972758,2.10973373700615,-0.2528144936439451
2023-03-22,26.446022033691406,26.468000411987305,27.589000701904297,26.23699951171875,26.424999237060547,797295000,NVDA,35082000000.0,,0.78,,,,,,,,,,15.0,0.5,10.0,55.0396214582977,8.483333465380547,22.260000228881836,-0.017046497325513887,-0.00995232854453365,0.01026760613726685,1.971751514100273,40.0,740.380629313617,71.42808748848161,100.0,100.0,False,88.75283358600564,83.98075609225515,82.24890147555891,85.71261070895139,0.7807764064044151,83.75283358600564,4.999999999999999,66.32480477237685,0.44114190914003737,0.25222955153301774,0.3066285393269449,-0.28350000381469725,-0.1306046034157612,18.443804249614445,False,False,74.103357684403,74.10829614985676,0.42085889917110386,24.54825875376251,3.192701630657041,2.3760932748945893,0.040736086825169625,0.3132143606523624,-1.1167304997882468,-1.4737073419504583,-0.00493846545376357,1.2,1.2,False,1.2,15.33899974822998,2022-12-22,26.468000411987305,,0.0,0,0.0,0.01026760613726685,0.012321127364720219,0.0,0.0,0.012321127364720219,2.13572803508545,-0.24360832585505926
2023-03-23,27.168420791625977,27.19099998474121,27.499000549316406,26.690000534057617,27.114999771118164,564889000,NVDA,35082000000.0,,0.78,,,,,,,,,,15.0,0.5,10.0,55.0396214582977,8.715064097673464,22.610000610351562,0.0027033947508923184,0.01626528328833987,0.027315987664351837,1.9590553243649291,40.0,744.0240296227552,73.97505505614083,100.0,100.0,False,88.44250087029003,85.72256861929903,83.99071400260277,87.45442323599528,0.7807764064044153,83.44250087029003,4.999999999999999,66.96722525973668,0.44114190914003737,0.25222955153301774,0.3066285393269449,-0.28350000381469725,-0.1306046034157612,18.443804249614445,False,False,74.70394738818412,74.58244921775002,0.42085889917110386,25.899115419813636,3.192701630657041,2.3760932748945893,0.03861135732979392,0.3132143606523624,-0.31033271571560306,0.8063977840726437,0.12149817043409143,1.2,1.2,False,1.2,15.33899974822998,2022-12-22,27.19099998474121,,0.0,0,0.0,0.027315987664351837,0.032779185197222206,0.0,0.0,0.032779185197222206,2.205735459878415,-0.21881442308662538
2023-03-24,26.756765365600586,26.77899932861328,27.16699981689453,26.354999542236328,27.0310001373291,454920000,NVDA,35082000000.0,,0.78,,,,,,,,,,15.0,0.5,10.0,55.0396214582977,8.58301260532477,21.739999771118164,0.006562012575101583,0.002610282168106437,-0.01515209651572702,1.9012680785033491,40.0,739.2072075426257,72.13836300734172,100.0,100.0,False,86.90857769285152,86.1855725705047,84.45371795380846,87.91742718720094,0.7807764064044151,81.90857769285152,4.999999999999999,66.50395724796383,0.44114190914003737,0.25222955153301774,0.3066285393269449,-0.28350000381469725,-0.1306046034157612,18.443804249614445,False,False,74.3415966460003,74.46309481643439,0.42085889917110386,26.896400461250433,3.192701630657041,2.3760932748945893,0.037179696273510546,0.3132143606523624,-1.5339231774385098,-1.2235904617229068,-0.12149817043409143,1.2,1.2,False,1.2,15.33899974822998,2022-12-22,27.19099998474121,,0.0,0,0.0,-0.01515209651572702,-0.018182515818872425,0.0,0.0,-0.018182515818872425,2.165629639986928,-0.23301834219632783
2023-03-27,26.50897216796875,26.5310001373291,27.0,26.364999771118164,26.836999893188477,361026000,NVDA,35082000000.0,,0.78,,,,,,,,,,15.0,0.5,10.0,55.0396214582977,8.503525685041378,20.600000381469727,0.0018698426642451693,-0.007741880178367633,-0.009260958120238416,1.9316229129217386,40.0,736.8274622093245,69.06616782843543,100.0,100.0,False,84.86872205598644,85.67148966425601,83.93963504755976,87.40334428095227,0.7807764064044153,79.86872205598644,4.999999999999999,65.72905883576638,0.44114190914003737,0.25222955153301774,0.3066285393269449,-0.28350000381469725,-0.1306046034157612,18.443804249614445,False,False,73.8595470668495,73.9810452372836,0.42085889917110386,27.389111412291438,3.192701630657041,2.3760932748945893,0.03651085955096846,0.3132143606523624,-2.0398556368650844,-0.5059324594265746,-0.12149817043409143,1.2,1.2,False,1.2,15.33899974822998,2022-12-22,27.19099998474121,,0.0,0,0.0,-0.009260958120238416,-0.011113149744286099,0.0,0.0,-0.011113149744286099,2.1415626735070887,-0.24154192421062085
2023-03-28,26.38806915283203,26.40999984741211,26.51300048828125,25.850000381469727,26.44700050354004,356104000,NVDA,35082000000.0,,0.78,,,,,,,,,,15.0,0.5,10.0,55.0396214582977,8.464743540837214,19.969999313354492,-0.002244657249312332,-0.00469521456861921,-0.004560713478220735,1.9641460680602918,40.0,733.3584268365458,63.672254516390346,100.0,100.0,False,81.64707789342494,84.10040678409545,82.36855216739922,85.8322614007917,0.7807764064044151,76.64707789342494,4.999999999999999,64.3685545000613,0.44114190914003737,0.25222955153301774,0.3066285393269449,-0.28350000381469725,-0.1306046034157612,18.443804249614445,False,False,71.35185735944576,71.47335552987985,0.42085889917110386,27.516000140009805,3.192701630657041,2.3760932748945893,0.036342491456305234,0.3132143606523624,-3.2216441625615033,-1.181788525696419,-0.12149817043409143,1.2,1.2,False,1.2,15.33899974822998,2022-12-22,27.19099998474121,,0.0,0,0.0,-0.004560713478220735,-0.005472856173864882,0.0,0.0,-0.005472856173864882,2.129842209007667,-0.24569285617332232
2023-03-29,26.961591720581055,26.983999252319336,27.077999114990234,26.597000122070312,26.825000762939453,393694000,NVDA,35082000000.0,,0.78,,,,,,,,,,15.0,0.5,10.0,55.0396214582977,8.64871770907671,19.1200008392334,0.014534883496678752,0.020950429416109584,0.02173416918680804,1.925325299438364,40.0,723.1845358024393,49.83619812924823,100.0,100.0,False,72.9382183757447,79.74282010755489,78.01096549085864,81.47467472425114,0.7807764064044153,67.9382183757447,4.999999999999999,60.87869220254689,0.44114190914003737,0.25222955153301774,0.3066285393269449,-0.28350000381469725,-0.1306046034157612,18.443804249614445,False,False,67.25665488011064,67.37455146746669,0.42085889917110386,27.1303089831076,3.192701630657041,2.3760932748945893,0.036859145268955076,0.3132143606523624,-8.708859517680239,-1.518727130426143,-0.11789658735603667,1.2,1.2,False,1.2,15.33899974822998,2022-12-22,27.19099998474121,,0.0,0,0.0,0.02173416918680804,0.026081003024169647,0.0,0.0,0.026081003024169647,2.1853906301018,-0.2260197692740261
2023-03-30,27.36026382446289,27.382999420166016,27.499000549316406,27.101999282836914,27.229000091552734,364516000,NVDA,35082000000.0,,0.78,,,,,,,,,,15.0,0.5,10.0,55.0396214582977,8.776602378258339,19.020000457763672,0.005855253688247242,0.01161926163717264,0.014786546801893508,1.9080649772708937,40.0,721.2891837256443,39.38034630420607,100.0,100.0,False,64.74892329956333,73.88937967368375,72.15752505698751,75.62123429037999,0.7807764064044151,59.74892329956333,4.999999999999999,58.24141738582081,0.44114190914003737,0.25222955153301774,0.3066285393269449,-0.28350000381469725,-0.1306046034157612,18.443804249614445,False,False,64.10431184732663,64.03980002460082,0.42085889917110386,27.043299823978188,3.192701630657041,2.3760932748945893,0.03697773594601576,0.3132143606523624,-8.189295076181367,0.519564441498872,0.0645118227258115,1.2,1.2,False,1.2,15.33899974822998,2022-12-22,27.382999420166016,,0.0,0,0.0,0.014786546801893508,0.01774385616227221,0.0,0.0,0.01774385616227221,2.224167887100704,-0.21228637538758208
2023-03-31,27.753934860229492,27.777000427246094,27.833999633789062,27.104999542236328,27.139999389648438,433933000,NVDA,35082000000.0,,0.78,,,,,,,,,,15.0,0.5,10.0,55.0396214582977,8.902884752322466,18.700000762939453,0.014094630342711634,0.014306754125243515,0.01438852629087517,1.8928980274112988,40.0,724.2131172131241,34.96145264930189,100.0,100.0,False,61.31397517762187,68.9800901079252,67.24823549122894,70.71194472462145,0.7807764064044153,56.31397517762187,4.999999999999999,57.12684182097223,0.44114190914003737,0.25222955153301774,0.3066285393269449,-0.28350000381469725,-0.1306046034157612,18.443804249614445,False,False,62.621136258456055,62.719023495393884,0.42085889917110386,27.060004750781513,3.192701630657041,2.3760932748945893,0.03695490851571707,0.3132143606523624,-3.43494812194146,1.518727130426143,-0.09788723693783254,1.0,1.2,True,1.0,15.33899974822998,2022-12-22,27.777000427246094,,0.0,0,0.0,0.01438852629087517,0.017266231549050205,0.19999999999999996,9.999999999999998e-05,0.017166231549050205,2.262348468054636,-0.1987643009131438
2023-04-03,27.941774368286133,27.96500015258789,28.0,27.336000442504883,27.509000778198242,398716000,NVDA,35082000000.0,,0.78,,,,,,,,,,15.0,0.5,10.0,55.0396214582977,8.963141074547401,18.549999237060547,0.003810541299922532,-0.0015892341110186337,0.0067681795172307435,1.8890465531413494,40.0,719.6760863024784,28.60769904963372,100.0,100.0,False,55.7371547591242,63.81020437198377,62.078349755287526,65.54205898868001,0.7807764064044151,50.7371547591242,4.999999999999999,55.524237399976634,0.44114190914003737,0.25222955153301774,0.3066285393269449,-0.28350000381469725,-0.1306046034157612,18.443804249614445,False,False,60.505823135160114,60.54629773191424,0.42085889917110386,27.008016085060884,3.192701630657041,2.3760932748945893,0.03702604429923812,0.3132143606523624,-5.576820418497668,-1.518727130426143,-0.04047459675412597,1.0,1.0,False,1.0,15.33899974822998,2022-12-22,27.96500015258789,,0.0,0,0.0,0.0067681795172307435,0.0067681795172307435,0.0,0.0,0.0067681795172307435,2.277660448616962,-0.1933413938661101
2023-04-04,27.430200576782227,27.452999114990234,28.0,27.30699920654297,27.965999603271484,368592000,NVDA,35082000000.0,,0.78,,,,,,,,,,15.0,0.5,10.0,55.0396214582977,8.799038177881485,19.0,-0.0055481170740256935,-0.005505085942391852,-0.018308637039298414,1.9439957164722166,40.0,722.0129132765771,26.21999029736919,100.0,100.0,False,53.65340696261296,59.84511048105067,58.11325586435442,61.576965097746914,0.7807764064044153,48.65340696261296,4.999999999999999,54.92198669220149,0.44114190914003737,0.25222955153301774,0.3066285393269449,-0.28350000381469725,-0.1306046034157612,18.443804249614445,False,False,59.420535016219254,59.51507809827497,0.42085889917110386,26.73231866510216,3.192701630657041,2.3760932748945893,0.037407903613892464,0.3132143606523624,-2.08374779651124,1.518727130426143,-0.09454308205571352,1.0,1.0,False,1.0,15.33899974822998,2022-12-22,27.96500015258789,,0.0,0,0.0,-0.018308637039298414,-0.018308637039298414,0.0,0.0,-0.018308637039298414,2.235959590164468,-0.2081102135004419
2023-04-05,26.85867691040039,26.881000518798828,26.99799919128418,26.395000457763672,26.82900047302246,515015000,NVDA,35082000000.0,,0.78,,,,,,,,,,15.0,0.5,10.0,55.0396214582977,8.615705294486803,19.079999923706055,-0.0026182672793729767,-0.011404606416059115,-0.02083555948825555,1.9285335411863445,40.0,744.5260776886358,46.64823187604089,100.0,100.0,False,70.89545029208547,64.15903278465437,62.427178167958125,65.89088740135061,0.7807764064044151,65.89545029208547,4.999999999999999,60.074592904198,0.44114190914003737,0.25222955153301774,0.3066285393269449,-0.28350000381469725,-0.1306046034157612,18.443804249614445,False,False,65.64968185825909,65.77118002869318,0.42085889917110386,25.961439369422532,3.192701630657041,2.3760932748945893,0.038518665539700514,0.3132143606523624,17.24204332947251,1.518727130426143,-0.12149817043409143,1.0,1.0,False,1.0,15.33899974822998,2022-12-22,27.96500015258789,,0.0,0,0.0,-0.02083555948825555,-0.02083555948825555,0.0,0.0,-0.02083555948825555,2.189372121110261,-0.2246096802551954
2023-04-06,27.014549255371094,27.03700065612793,27.079999923706055,26.427000045776367,26.583999633789062,397654000,NVDA,35082000000.0,,0.78,,,,,,,,,,15.0,0.5,10.0,55.0396214582977,8.66570533850254,18.399999618530273,0.003900874175862601,0.005666947452550142,0.005803360526703827,1.9254799116907961,40.0,728.4927474986515,45.44110702608086,100.0,100.0,False,69.48485356831954,66.23817039096639,64.50631577427015,67.97002500766263,0.7807764064044153,64.48485356831954,4.999999999999999,59.77012034464822,0.44114190914003737,0.25222955153301774,0.3066285393269449,-0.28350000381469725,-0.1306046034157612,18.443804249614445,False,False,64.83359210020343,64.79202694488352,0.42085889917110386,24.768732328872257,3.192701630657041,2.3760932748945893,0.040373483257935106,0.3132143606523624,-1.4105967237659343,-1.518727130426143,0.041565155319909765,1.0,1.0,False,1.0,15.33899974822998,2022-12-22,27.96500015258789,,0.0,0,0.0,0.005803360526703827,0.005803360526703827,0.0,0.0,0.005803360526703827,2.202077836856178,-0.22010981068080013
2023-04-10,27.55609893798828,27.57900047302246,27.621000289916992,26.66900062561035,26.822999954223633,395279000,NVDA,35082000000.0,,0.78,,,,,,,,,,15.0,0.5,10.0,55.0396214582977,8.839423228532839,18.969999313354492,0.0010263762742257487,-0.0005366728860534131,0.020046595544675805,1.964662084849646,40.0,718.3491134021814,35.52907865192173,100.0,100.0,False,60.75275482159264,64.09672886302116,62.36487424632491,65.8285834797174,0.7807764064044151,55.75275482159264,4.999999999999999,57.27001387305152,0.44114190914003737,0.25222955153301774,0.3066285393269449,-0.28350000381469725,-0.1306046034157612,18.443804249614445,False,False,60.47416343742819,60.352665266994094,0.42085889917110386,23.247331697631722,3.192701630657041,2.3760932748945893,0.04301568941358862,0.3132143606523624,-8.732098746726898,-1.518727130426143,0.12149817043409143,1.0,1.0,False,1.0,15.33899974822998,2022-12-22,27.96500015258789,,0.0,0,0.0,0.020046595544675805,0.020046595544675805,0.0,0.0,0.020046595544675805,2.2462220006095284,-0.20447566748625756
2023-04-11,27.146438598632812,27.16900062561035,27.790000915527344,27.125999450683594,27.724000930786133,314378000,NVDA,35082000000.0,,0.78,,,,,,,,,,15.0,0.5,10.0,55.0396214582977,8.70801302102896,19.100000381469727,0.0002685868828276039,-0.009396664901376028,-0.014866378055041096,1.9599239840346825,40.0,709.360963549231,25.411098451427723,100.0,100.0,False,51.265634020265274,59.08762080224058,57.35576618554433,60.819475418936825,0.7807764064044153,46.265634020265274,4.999999999999999,54.71796026466096,0.44114190914003737,0.25222955153301774,0.3066285393269449,-0.28350000381469725,-0.1306046034157612,18.443804249614445,False,False,54.912631341432515,55.03412951186661,0.42085889917110386,21.80649139916647,3.192701630657041,2.3760932748945893,0.045857904497108776,0.3132143606523624,-9.487120801327364,-0.7550220546004667,-0.12149817043409143,1.0,1.0,False,1.0,15.33899974822998,2022-12-22,27.96500015258789,,0.0,0,0.0,-0.014866378055041096,-0.014866378055041096,0.0,0.0,-0.014866378055041096,2.2128288151529163,-0.21630223296539108
2023-04-12,26.472997665405273,26.4950008392334,27.468000411987305,26.447999954223633,27.3700008392334,446259000,NVDA,35082000000.0,,0.78,,,,,,,,,,15.0,0.5,10.0,55.0396214582977,8.491987448472242,19.09000015258789,-0.004075987071070042,-0.005691417838154522,-0.024807676795502775,1.9719324692775675,40.0,721.3098305064258,25.473384052085038,100.0,100.0,False,51.31374799852357,56.052792566474984,54.32093794977874,57.78464718317123,0.7807764064044151,46.31374799852357,4.999999999999999,54.73367053378172,0.44114190914003737,0.25222955153301774,0.3066285393269449,-0.28350000381469725,-0.1306046034157612,18.443804249614445,False,False,53.90640217560532,53.78490400517123,0.42085889917110386,20.205790739476562,3.192701630657041,2.3760932748945893,0.049490762964612654,0.3132143606523624,0.04811397825829289,1.518727130426143,0.12149817043409143,1.0,1.0,False,1.0,15.33899974822998,2022-12-22,27.96500015258789,,0.0,0,0.0,-0.024807676795502775,-0.024807676795502775,0.0,0.0,-0.024807676795502775,2.1579336731028276,-0.23574395387534283
2023-04-13,26.441024780273438,26.46299934387207,26.886999130249023,26.32900047302246,26.733999252319336,353615000,NVDA,35082000000.0,,0.78,,,,,,,,,,15.0,0.5,10.0,55.0396214582977,8.481730558933355,17.799999237060547,0.013282719249790409,0.018603037325649385,-0.0012078314530166168,1.9035823064463624,40.0,715.2229329946681,21.45207234084854,100.0,100.0,False,47.64724568102854,52.771366220933636,51.03951160423739,54.50322083762988,0.7807764064044153,42.64724568102854,4.999999999999999,53.71937688428207,0.44114190914003737,0.25222955153301774,0.3066285393269449,-0.28350000381469725,-0.1306046034157612,18.443804249614445,False,False,50.38963282474269,50.2681346543086,0.42085889917110386,18.685636017822148,3.192701630657041,2.3760932748945893,0.05351704373595907,0.3132143606523624,-3.6665023174950306,-1.518727130426143,0.12149817043409143,1.0,1.0,False,1.0,15.33899974822998,2022-12-22,27.96500015258789,,0.0,0,0.0,-0.0012078314530166168,-0.0012078314530166168,0.0,0.0,-0.0012078314530166168,2.1553272529389305,-0.23666704636601027
2023-04-14,26.735782623291016,26.757999420166016,26.882999420166016,26.219999313354492,26.503999710083008,395660000,NVDA,35082000000.0,,0.78,,,,,,,,,,15.0,0.5,10.0,55.0396214582977,8.576281865437826,17.06999969482422,-0.0024427643181926806,-0.005552594693456814,0.011147643260712048,1.8944970951809987,40.0,702.8434381142489,15.141125289131475,100.0,100.0,False,42.17697600892214,48.635441262043415,46.90358664534717,50.36729587873966,0.7807764064044151,37.17697600892214,4.999999999999999,52.127569539678845,0.44114190914003737,0.25222955153301774,0.3066285393269449,-0.28350000381469725,-0.1306046034157612,18.443804249614445,False,False,47.960129268410505,48.0816274388446,0.42085889917110386,19.848642461417402,3.192701630657041,2.3760932748945893,0.05038127932143675,0.3132143606523624,-5.470269672106397,-1.518727130426143,-0.12149817043409143,1.0,1.0,False,1.0,15.33899974822998,2022-12-22,27.96500015258789,,0.0,0,0.0,0.011147643260712048,0.011147643260712048,0.0,0.0,0.011147643260712048,2.179354072264784,-0.22815768290975297
2023-04-17,26.979578018188477,27.00200080871582,27.006000518798828,26.433000564575195,26.565000534057617,321471000,NVDA,35082000000.0,,0.78,,,,,,,,,,15.0,0.5,10.0,55.0396214582977,8.654487438690968,16.950000762939453,0.003588253447581513,0.003632751880890961,0.009118820309335751,1.872708753642612,40.0,701.7563835120617,10.88286718771721,100.0,100.0,False,38.72692075945238,44.76727174664467,43.03541712994842,46.49912636334091,0.7807764064044153,33.72692075945238,4.999999999999999,51.05351100844729,0.44114190914003737,0.25222955153301774,0.3066285393269449,-0.28350000381469725,-0.1306046034157612,18.443804249614445,False,False,47.20075431305338,47.322252483487475,0.42085889917110386,21.31609354820856,3.192701630657041,2.3760932748945893,0.04691291102370123,0.3132143606523624,-3.450055249469756,1.518727130426143,-0.12149817043409143,1.0,1.0,False,1.0,15.33899974822998,2022-12-22,27.96500015258789,,0.0,0,0.0,0.009118820309335751,0.009118820309335751,0.0,0.0,0.009118820309335751,2.1992272104401858,-0.22111939151306562
2023-04-18,27.644023895263672,27.66699981689453,28.110000610351562,27.35700035095215,27.533000946044922,604812000,NVDA,35082000000.0,,0.78,,,,,,,,,,15.0,0.5,10.0,55.0396214582977,8.867628146440554,16.829999923706055,0.0006522418999843627,0.003083259250289183,0.0246277678787441,1.8498608063220656,40.0,731.2874709129172,31.540634516592537,100.0,100.0,False,56.26947181886293,49.25759496571026,47.525740349014015,50.98944958240651,0.7807764064044151,51.26947181886293,4.999999999999999,56.26401039748294,0.44114190914003737,0.25222955153301774,0.3066285393269449,-0.28350000381469725,-0.1306046034157612,18.443804249614445,False,False,55.90140323431588,55.96180499868392,0.42085889917110386,20.862916561357714,3.192701630657041,2.3760932748945893,0.047931936891901276,0.3132143606523624,17.54255105941055,1.518727130426143,-0.06040176436803733,1.0,1.0,False,1.0,15.33899974822998,2022-12-22,27.96500015258789,,0.0,0,0.0,0.0246277678787441,0.0246277678787441,0.0,0.0,0.0246277678787441,2.2533892676915244,-0.2019373006819945
2023-04-19,27.907804489135742,27.930999755859375,28.0,27.23200035095215,27.361000061035156,358660000,NVDA,35082000000.0,,0.78,,,,,,,,,,15.0,0.5,10.0,55.0396214582977,8.95224351149339,16.459999084472656,-0.0001689404120717164,-0.002873322374330911,0.009542051567283938,1.7798629938660644,40.0,736.5787204132027,49.90804487988959,100.0,100.0,False,71.54256577018347,57.957384676482214,56.22553005978597,59.68923929317846,0.7807764064044153,66.54256577018347,4.999999999999999,60.89681407624026,0.44114190914003737,0.25222955153301774,0.3066285393269449,-0.28350000381469725,-0.1306046034157612,18.443804249614445,False,False,63.30703625733233,63.185538086898234,0.42085889917110386,19.804441579742186,3.192701630657041,2.3760932748945893,0.05049372364141246,0.3132143606523624,15.27309395132054,-1.518727130426143,0.12149817043409143,1.0,1.0,False,1.0,15.33899974822998,2022-12-22,27.96500015258789,,0.0,0,0.0,0.009542051567283938,0.009542051567283938,0.0,0.0,0.009542051567283938,2.274891224285001,-0.1943221452511763
2023-04-20,27.08149528503418,27.104000091552734,28.030000686645508,27.0,27.67099952697754,427713000,NVDA,35082000000.0,,0.78,,,,,,,,,,15.0,0.5,10.0,55.0396214582977,8.687179516523312,17.170000076293945,-0.005457115192173623,-0.0065674555657562195,-0.029608666769371683,1.7981672549862653,40.0,737.4304055575277,62.69695206238081,100.0,100.0,False,79.37573209660985,66.31885484138648,64.58700022469024,68.05070945808272,0.7807764064044151,74.37573209660985,4.999999999999999,64.12255439947741,0.44114190914003737,0.25222955153301774,0.3066285393269449,-0.28350000381469725,-0.1306046034157612,18.443804249614445,False,False,67.76578704114196,67.88728521157606,0.42085889917110386,19.204950535221005,3.192701630657041,2.3760932748945893,0.05206990760877231,0.3132143606523624,7.8331663264263796,-1.518727130426143,-0.12149817043409143,1.0,1.0,False,1.0,15.33899974822998,2022-12-22,27.96500015258789,,0.0,0,0.0,-0.029608666769371683,-0.029608666769371683,0.0,0.0,-0.029608666769371683,2.2075347280885786,-0.2181771923758964
2023-04-21,27.096477508544922,27.118999481201172,27.183000564575195,26.722000122070312,26.95199966430664,345103000,NVDA,35082000000.0,,0.78,,,,,,,,,,15.0,0.5,10.0,55.0396214582977,8.691987013205503,16.770000457763672,0.0007769430912525355,-0.0032380664364604073,0.0005534013281349726,1.7979277409127237,40.0,728.8839117141184,63.82130943199187,100.0,100.0,False,79.2859665896977,71.38106229753193,69.64920768083567,73.11291691422818,0.7807764064044153,74.2859665896977,4.999999999999999,64.40615055457725,0.44114190914003737,0.25222955153301774,0.3066285393269449,-0.28350000381469725,-0.1306046034157612,18.443804249614445,False,False,67.67821239566933,67.79971056610343,0.42085889917110386,18.416497469293997,3.192701630657041,2.3760932748945893,0.05429914139033818,0.3132143606523624,-0.08976550691215834,-1.518727130426143,-0.12149817043409143,1.0,1.0,False,1.0,15.33899974822998,2022-12-22,27.96500015258789,,0.0,0,0.0,0.0005534013281349726,0.0005534013281349726,0.0,0.0,0.0005534013281349726,2.208756380739007,-0.2177445305957909
2023-04-24,27.019542694091797,27.04199981689453,27.365999221801758,26.67099952697754,27.01300048828125,339282000,NVDA,35082000000.0,,0.78,,,,,,,,,,15.0,0.5,10.0,55.0396214582977,8.667307633620041,16.889999389648438,0.0010431651214151128,-0.0043989843032533615,-0.0028393254094796205,1.8072767289487341,40.0,725.2559622112524,60.00837223445705,100.0,100.0,False,76.26768461813407,73.2887420049996,71.55688738830337,75.02059662169584,0.7807764064044151,71.26768461813407,4.999999999999999,63.44441511521948,0.44114190914003737,0.25222955153301774,0.3066285393269449,-0.28350000381469725,-0.1306046034157612,18.443804249614445,False,False,65.68613331974977,65.56463514931568,0.42085889917110386,17.510763240575713,3.192701630657041,2.3760932748945893,0.05710773347005304,0.3132143606523624,-3.018281971563624,-1.518727130426143,0.12149817043409143,1.0,1.0,False,1.0,15.33899974822998,2022-12-22,27.96500015258789,,0.0,0,0.0,-0.0028393254094796205,-0.0028393254094796205,0.0,0.0,-0.0028393254094796205,2.2024850026238245,-0.21996560842677473
2023-04-25,26.219209671020508,26.240999221801758,27.246999740600586,26.225000381469727,27.077999114990234,378527000,NVDA,35082000000.0,,0.78,,,,,,,,,,15.0,0.5,10.0,55.0396214582977,8.41057667365441,18.760000228881836,-0.015873829418699414,-0.021344567851408813,-0.02962061239983982,1.789012229200798,40.0,751.1569559772482,72.80076629981302,100.0,100.0,False,82.63553624856074,76.93762021544417,75.20576559874792,78.66947483214042,0.7807764064044153,77.63553624856074,4.999999999999999,66.67103493335784,0.44114190914003737,0.25222955153301774,0.3066285393269449,-0.28350000381469725,-0.1306046034157612,18.443804249614445,False,False,70.52615379085938,70.40465562042529,0.42085889917110386,17.85044955023694,3.192701630657041,2.3760932748945893,0.05602099808106661,0.3132143606523624,6.367851630426671,1.518727130426143,0.12149817043409143,1.0,1.0,False,1.0,15.33899974822998,2022-12-22,27.96500015258789,,0.0,0,0.0,-0.02962061239983982,-0.02962061239983982,0.0,0.0,-0.02962061239983982,2.137246048044644,-0.24307070479811013
2023-04-26,26.93361473083496,26.95599937438965,27.329999923706055,26.704999923706055,27.00200080871582,406337000,NVDA,35082000000.0,,0.78,,,,,,,,,,15.0,0.5,10.0,55.0396214582977,8.639743389227451,18.84000015258789,-0.004235621743444495,0.01486420345560635,0.0272474438394803,1.7279101683042393,40.0,740.8588918405255,79.42494135098049,100.0,100.0,False,84.64782387644,79.94759276898341,78.21573815228717,81.67944738567965,0.7807764064044151,79.64782387644,4.999999999999999,68.34184763579003,0.44114190914003737,0.25222955153301774,0.3066285393269449,-0.28350000381469725,-0.1306046034157612,18.443804249614445,False,False,71.66669575870463,71.78819392913873,0.42085889917110386,19.222815332758262,3.192701630657041,2.3760932748945893,0.05202151623939629,0.3132143606523624,2.0122876278792603,-1.518727130426143,-0.12149817043409143,1.0,1.0,False,1.0,15.33899974822998,2022-12-22,27.96500015258789,,0.0,0,0.0,0.0272474438394803,0.0272474438394803,0.0,0.0,0.0272474438394803,2.1954805397098918,-0.2224463163366392
2023-04-27,27.203392028808594,27.22599983215332,27.4950008392334,26.625,27.363000869750977,377161000,NVDA,35082000000.0,,0.78,,,,,,,,,,15.0,0.5,10.0,55.0396214582977,8.726281997485039,17.030000686645508,0.01990804877378749,0.02121693306800254,0.010016340110921451,1.6795513235356458,40.0,736.5466759115629,81.71185859843196,100.0,100.0,False,84.71927697610901,81.81040199285152,80.07854737615529,83.54225660954776,0.7807764064044153,79.71927697610901,4.999999999999999,68.91867574750783,0.44114190914003737,0.25222955153301774,0.3066285393269449,-0.28350000381469725,-0.1306046034157612,18.443804249614445,False,False,71.0825170090292,71.2040151794633,0.42085889917110386,21.191930479380492,3.192701630657041,2.3760932748945893,0.04718777276912024,0.3132143606523624,0.07145309966901436,-1.518727130426143,-0.12149817043409143,1.0,1.0,False,1.0,15.33899974822998,2022-12-22,27.96500015258789,,0.0,0,0.0,0.010016340110921451,0.010016340110921451,0.0,0.0,0.010016340110921451,2.2174712195025355,-0.21465807418656713
2023-04-28,27.72595977783203,27.749000549316406,27.757999420166016,27.070999145507812,27.225000381469727,292216000,NVDA,35082000000.0,,0.78,,,,,,,,,,15.0,0.5,10.0,55.0396214582977,8.893910432473207,15.779999732971191,0.008535168842693341,0.010857147941116807,0.01920960553835882,1.6112945883186465,40.0,765.6512954507338,87.73271713627166,100.0,100.0,False,86.03631103812901,83.46014703193336,81.72829241523712,85.1920016486296,0.7807764064044151,81.03631103812901,4.999999999999999,70.43731419635088,0.44114190914003737,0.25222955153301774,0.3066285393269449,-0.28350000381469725,-0.1306046034157612,18.443804249614445,False,False,71.45052606679283,71.57202423722693,0.42085889917110386,23.416240525378456,3.192701630657041,2.3760932748945893,0.04270540349618474,0.3132143606523624,1.3170340620199994,1.245580962350985,-0.12149817043409143,1.0,1.0,False,1.0,15.33899974822998,2022-12-22,27.96500015258789,,0.0,0,0.0,0.01920960553835882,0.01920960553835882,0.0,0.0,0.01920960553835882,2.260067966921843,-0.19957196557895596
2023-05-01,28.8859920501709,28.90999984741211,29.058000564575195,27.780000686645508,27.84000015258789,570329000,NVDA,35082000000.0,,0.78,,,,,,,,,,15.0,0.5,10.0,55.0396214582977,9.266025592119265,16.079999923706055,-0.0010097442299229487,0.0005966739826166467,0.041839319438995215,1.6393560552744029,40.0,828.6980974644347,91.8138010337538,100.0,100.0,False,86.50931341218364,84.65050561638385,82.9186509996876,86.3823602330801,0.7807764064044153,81.50931341218364,4.999999999999999,71.46668415758143,0.44114190914003737,0.25222955153301774,0.3066285393269449,-0.28350000381469725,-0.1306046034157612,18.443804249614445,False,False,70.9805278734431,71.10202604387719,0.42085889917110386,25.46045227396798,3.192701630657041,2.3760932748945893,0.03927660000849432,0.3132143606523624,0.4730023740546301,-0.8440316879653693,-0.12149817043409143,1.2,1.0,True,1.2,15.33899974822998,2022-12-22,28.90999984741211,,0.0,0,0.0,0.041839319438995215,0.041839319438995215,0.19999999999999996,9.999999999999998e-05,0.04173931943899521,2.354401665747034,-0.16616264416232895
2023-05-02,28.186573028564453,28.209999084472656,28.836000442504883,28.08300018310547,28.68000030517578,402730000,NVDA,35082000000.0,,0.78,,,,,,,,,,15.0,0.5,10.0,55.0396214582977,9.041666373228415,17.780000686645508,-0.011239232071373118,-0.009342722496795686,-0.02421310157848766,1.6351363069269282,40.0,808.1501489854111,94.53452363207525,100.0,100.0,False,86.52058728159383,85.38056343750657,83.64870882081033,87.1124180542028,0.7807764064044151,81.52058728159383,4.999999999999999,72.1529307984018,0.44114190914003737,0.25222955153301774,0.3066285393269449,-0.28350000381469725,-0.1306046034157612,18.443804249614445,False,False,70.32438911222103,70.20289094178693,0.42085889917110386,27.022020117821288,3.192701630657041,2.3760932748945893,0.03700685572876508,0.3132143606523624,0.011273869410189263,-0.4617285046444408,0.12149817043409143,1.2,1.2,False,1.2,15.33899974822998,2022-12-22,28.90999984741211,,0.0,0,0.0,-0.02421310157848766,-0.02905572189418519,0.0,0.0,-0.02905572189418519,2.285992825719882,-0.190390390478531
2023-05-03,27.778911590576172,27.802000045776367,28.367000579833984,27.472000122070312,27.84000015258789,383387000,NVDA,35082000000.0,,0.78,,,,,,,,,,15.0,0.5,10.0,55.0396214582977,8.910897450569347,18.34000015258789,-0.006864003868551016,-0.008427493499629013,-0.014462922791119825,1.6627927253827217,40.0,807.4468635365128,95.0,100.0,100.0,False,85.87308007048472,85.57283612090211,83.84098150420587,87.30469073759835,0.7807764064044153,80.87308007048472,4.999999999999999,72.27033769393267,0.44114190914003737,0.25222955153301774,0.3066285393269449,-0.28350000381469725,-0.1306046034157612,18.443804249614445,False,False,68.52922460496173,68.65072277539582,0.42085889917110386,28.00626609832557,3.192701630657041,2.3760932748945893,0.035706295030160685,0.3132143606523624,-0.6475072111091151,-0.6587810805193044,-0.12149817043409143,1.2,1.2,False,1.2,15.33899974822998,2022-12-22,28.90999984741211,,0.0,0,0.0,-0.014462922791119825,-0.01735550734934379,0.0,0.0,-0.01735550734934379,2.2463182604325533,-0.20444157600668025
2023-05-04,27.539113998413086,27.562000274658203,27.858999252319336,27.239999771118164,27.650999069213867,321850000,NVDA,35082000000.0,,0.78,,,,,,,,,,15.0,0.5,10.0,55.0396214582977,8.833974447005835,20.09000015258789,-0.007082947425800068,-0.0047892527073671864,-0.0086324642372132,1.6464762994795725,40.0,812.9049788824527,95.0,100.0,100.0,False,85.11513334162143,85.39415435529807,83.66229973860183,87.12600897199431,0.7807764064044151,80.11513334162143,4.999999999999999,72.27033769393267,0.44114190914003737,0.25222955153301774,0.3066285393269449,-0.28350000381469725,-0.1306046034157612,18.443804249614445,False,False,66.50194571469586,66.62344388512996,0.42085889917110386,29.31737207381219,3.192701630657041,2.3760932748945893,0.034109469207618794,0.3132143606523624,-0.7579467288632884,-0.11043951775417327,-0.12149817043409143,1.2,1.2,False,1.2,15.33899974822998,2022-12-22,28.90999984741211,,0.0,0,0.0,-0.0086324642372132,-0.01035895708465584,0.0,0.0,-0.01035895708465584,2.223048745974254,-0.21268273157916348
2023-05-05,28.65618324279785,28.68000030517578,28.7549991607666,27.731000900268555,27.826000213623047,361494000,NVDA,35082000000.0,,0.78,,,,,,,,,,15.0,0.5,10.0,55.0396214582977,9.192307790120442,17.190000534057617,0.018512575986983304,0.02507802884235999,0.040563094818104384,1.6629270480232472,40.0,812.9260473448406,95.0,100.0,100.0,False,84.20376402428921,84.92944001286624,83.19758539616998,86.66129462956249,0.7807764064044153,79.20376402428921,4.999999999999999,72.27033769393267,0.44114190914003737,0.25222955153301774,0.3066285393269449,-0.28350000381469725,-0.1306046034157612,18.443804249614445,False,False,65.66655177350808,65.56690529651999,0.42085889917110386,30.341787412140967,3.192701630657041,2.3760932748945893,0.03295784742067832,0.3132143606523624,-0.9113693173322162,-0.15342258846892776,0.09964647698807881,1.2,1.2,False,1.2,15.33899974822998,2022-12-22,28.90999984741211,,0.0,0,0.0,0.040563094818104384,0.048675713781725256,0.0,0.0,0.048675713781725256,2.33125723045612,-0.17435950156610108
2023-05-08,29.12679100036621,29.150999069213867,29.219999313354492,28.350000381469727,28.52199935913086,344979000,NVDA,35082000000.0,,0.78,,,,,,,,,,15.0,0.5,10.0,55.0396214582977,9.343268932440342,16.979999542236328,0.0002665471494098792,-0.0005289726801702699,0.016422550872605246,1.6694077543798442,40.0,820.5812292241621,95.0,100.0,100.0,False,83.372670440554,84.3216955367314,82.58984092003516,86.05355015342764,0.7807764064044151,78.372670440554,4.999999999999999,72.27033769393267,0.44114190914003737,0.25222955153301774,0.3066285393269449,-0.28350000381469725,-0.1306046034157612,18.443804249614445,False,False,65.02043481748485,65.08795735252208,0.42085889917110386,30.75507634991077,3.192701630657041,2.3760932748945893,0.032514957486128995,0.3132143606523624,-0.8310935837352105,0.08027573359700568,-0.06752253503722955,1.2,1.2,False,1.2,15.33899974822998,2022-12-22,29.150999069213867,,0.0,0,0.0,0.016422550872605246,0.019707061047126294,0.0,0.0,0.019707061047126294,2.3771994590132732,-0.15808855386048443
2023-05-09,28.547271728515625,28.570999145507812,28.972999572753906,28.450000762939453,28.89900016784668,314869000,NVDA,35082000000.0,,0.78,,,,,,,,,,15.0,0.5,10.0,55.0396214582977,9.157371520996094,17.709999084472656,-0.004385321513347806,-0.007674011868260777,-0.019896399513750773,1.651199409386033,40.0,800.3156245076323,95.0,100.0,100.0,False,82.6583106503159,83.67232969968994,81.94047508299369,85.40418431638619,0.7807764064044153,77.6583106503159,4.999999999999999,72.27033769393267,0.44114190914003737,0.25222955153301774,0.3066285393269449,-0.28350000381469725,-0.1306046034157612,18.443804249614445,False,False,65.00921696981389,65.04615525018545,0.42085889917110386,30.24448628089713,3.192701630657041,2.3760932748945893,0.03306387784908798,0.3132143606523624,-0.714359790238106,0.11673379349710444,-0.03693828037155527,1.2,1.2,False,1.2,15.33899974822998,2022-12-22,29.150999069213867,,0.0,0,0.0,-0.019896399513750773,-0.023875679416500928,0.0,0.0,-0.023875679416500928,2.320442206820793,-0.17818976164559422
2023-05-10,28.861013412475586,28.885000228881836,29.113000869750977,28.461000442504883,29.0049991607666,369350000,NVDA,35082000000.0,,0.78,,,,,,,,,,15.0,0.5,10.0,55.0396214582977,9.258012893872383,16.940000534057617,0.0046723613801760155,0.012200012207031152,0.010990203099823903,1.6489448179816004,40.0,790.10076451001,95.0,100.0,100.0,False,81.99163312180386,83.0162055825209,81.28435096582466,84.74806019921714,0.7807764064044151,76.99163312180386,4.999999999999999,72.27033769393267,0.44114190914003737,0.25222955153301774,0.3066285393269449,-0.28350000381469725,-0.1306046034157612,18.443804249614445,False,False,65.12286975560448,65.17557224204603,0.42085889917110386,29.29822073238549,3.192701630657041,2.3760932748945893,0.03413176551348137,0.3132143606523624,-0.6666775285120394,0.0476822617260666,-0.05270248644154435,1.2,1.2,False,1.2,15.33899974822998,2022-12-22,29.150999069213867,,0.0,0,0.0,0.010990203099823903,0.013188243719788684,0.0,0.0,0.013188243719788684,2.35104476418203,-0.16735152793075858
2023-05-11,28.55426788330078,28.577999114990234,28.950000762939453,28.246000289916992,28.895999908447266,322149000,NVDA,35082000000.0,,0.78,,,,,,,,,,15.0,0.5,10.0,55.0396214582977,9.159615100958408,16.93000030517578,-0.001743977740241598,-0.0044787454809291916,-0.010628392295619071,1.6363385538521797,40.0,790.7980119537317,95.0,100.0,100.0,False,81.36587779247549,82.3719370818704,80.64008246517415,84.10379169856665,0.7807764064044153,76.36587779247549,4.999999999999999,72.27033769393267,0.44114190914003737,0.25222955153301774,0.3066285393269449,-0.28350000381469725,-0.1306046034157612,18.443804249614445,False,False,65.64547459248122,65.65430975390156,0.42085889917110386,27.48682915240092,3.192701630657041,2.3760932748945893,0.03638106070567445,0.3132143606523624,-0.6257553293283706,0.040922199183668795,-0.00883516142033386,1.2,1.2,False,1.2,15.33899974822998,2022-12-22,29.150999069213867,,0.0,0,0.0,-0.010628392295619071,-0.012754070754742886,0.0,0.0,-0.012754070754742886,2.3210593729120848,-0.17797118545735818
2023-05-12,28.316465377807617,28.34000015258789,28.780000686645508,28.04599952697754,28.52899932861328,274222000,NVDA,35082000000.0,,0.78,,,,,,,,,,15.0,0.5,10.0,55.0396214582977,9.083333382239708,17.030000686645508,-0.001310286896183177,-0.001323168748383563,-0.008328048490893303,1.6468172775702687,40.0,785.9744407753759,95.0,100.0,100.0,False,80.62897549493441,81.69150543969599,79.95965082299975,83.42336005639223,0.7807764064044151,75.62897549493441,4.999999999999999,72.27033769393267,0.44114190914003737,0.25222955153301774,0.3066285393269449,-0.28350000381469725,-0.1306046034157612,18.443804249614445,False,False,66.77449588084696,66.78676968792448,0.42085889917110386,24.188322666745638,3.192701630657041,2.3760932748945893,0.04134226311503652,0.3132143606523624,-0.7369022975410786,-0.11114696821270797,-0.01227380707751422,1.2,1.2,False,1.2,15.33899974822998,2022-12-22,29.150999069213867,,0.0,0,0.0,-0.008328048490893303,-0.009993658189071964,0.0,0.0,-0.009993658189071964,2.2978634989026596,-0.1861862604514654
2023-05-15,28.928956985473633,28.952999114990234,28.9689998626709,28.152000427246094,28.507999420166016,293926000,NVDA,35082000000.0,,0.78,,,,,,,,,,15.0,0.5,10.0,55.0396214582977,9.279807408650715,17.1200008392334,0.0034500678839837207,0.008280887878577392,0.02163016792878758,1.6346996441141084,40.0,776.0152279421027,95.0,100.0,100.0,False,79.85793469601823,80.9757010516275,79.24384643493124,82.70755566832375,0.7807764064044153,74.85793469601823,4.999999999999999,72.27033769393267,0.44114190914003737,0.25222955153301774,0.3066285393269449,-0.28350000381469725,-0.1306046034157612,18.443804249614445,False,False,69.66674186567575,69.66031980698799,0.42085889917110386,18.718578851560626,3.192701630657041,2.3760932748945893,0.053422859071196364,0.3132143606523624,-0.7710407989161752,-0.03413850137509655,0.006422058687760455,1.2,1.2,False,1.2,15.33899974822998,2022-12-22,29.150999069213867,,0.0,0,0.0,0.02163016792878758,0.025956201514545096,0.0,0.0,0.025956201514545096,2.357507306933095,-0.16506274703243803
2023-05-16,29.188739776611328,29.21299934387207,29.8700008392334,28.832000732421875,28.840999603271484,449405000,NVDA,35082000000.0,,0.78,,,,,,,,,,15.0,0.5,10.0,55.0396214582977,9.363140815343613,17.989999771118164,-0.006682670396272572,0.0010512724396689599,0.008980079329578672,1.6169967791194952,40.0,772.5442239423514,95.0,100.0,100.0,False,79.10163210621565,80.24408664335111,78.51223202665487,81.97594126004735,0.7807764064044151,74.10163210621565,4.999999999999999,72.27033769393267,0.44114190914003737,0.25222955153301774,0.3066285393269449,-0.28350000381469725,-0.1306046034157612,18.443804249614445,False,False,72.6667014914492,72.65736278796943,0.42085889917110386,14.754069156134944,3.192701630657041,2.3760932748945893,0.06777791193856417,0.3132143606523624,-0.756302589802587,0.014738209113588141,0.009338703479768356,1.2,1.2,False,1.2,15.33899974822998,2022-12-22,29.21299934387207,,0.0,0,0.0,0.008980079329578672,0.010776095195494407,0.0,0.0,0.010776095195494407,2.38291203009668,-0.1560653837121949
2023-05-17,30.152938842773438,30.17799949645996,30.198999404907227,29.43000030517578,29.583999633789062,432535000,NVDA,35082000000.0,,0.78,,,,,,,,,,15.0,0.5,10.0,55.0396214582977,9.672435736044859,16.8700008392334,0.01213896645052559,0.013323698944373463,0.0330332445918573,1.632354037847859,40.0,814.9018730059993,95.0,100.0,100.0,False,78.3908199728044,79.52059319778184,77.7887385810856,81.25244781447807,0.7807764064044153,73.3908199728044,4.999999999999999,72.27033769393267,0.44114190914003737,0.25222955153301774,0.3066285393269449,-0.28350000381469725,-0.1306046034157612,18.443804249614445,False,False,74.87057072985137,74.86675614891328,0.42085889917110386,12.413639053658132,3.192701630657041,2.3760932748945893,0.08055655522747888,0.3132143606523624,-0.7108121334112525,0.04549045639133453,0.003814580938085328,1.2,1.2,False,1.2,15.33899974822998,2022-12-22,30.17799949645996,,0.0,0,0.0,0.0330332445918573,0.039639893510228764,0.0,0.0,0.039639893510228764,2.4773704092139552,-0.12261190539295057
2023-05-18,31.651695251464844,31.67799949645996,31.827999114990234,30.31999969482422,30.40999984741211,748725000,NVDA,35082000000.0,,0.78,,,,,,,,,,15.0,0.5,10.0,55.0396214582977,10.153204966814089,16.049999237060547,0.009633215071565893,0.020467670669096716,0.04970508400253504,1.663381705395807,40.0,884.5209116076444,95.0,100.0,100.0,False,77.7348600723989,78.82346405156493,77.09160943486869,80.55531866826117,0.7807764064044151,72.7348600723989,4.999999999999999,72.27033769393267,0.44114190914003737,0.25222955153301774,0.3066285393269449,-0.28350000381469725,-0.1306046034157612,18.443804249614445,False,False,76.12239812450967,76.11912434857499,0.42085889917110386,11.122586739631634,3.192701630657041,2.3760932748945893,0.08990714331198092,0.3132143606523624,-0.6559599004054917,0.05485223300576081,0.0032737759346935036,1.2,1.2,False,1.2,15.33899974822998,2022-12-22,31.67799949645996,,0.0,0,0.0,0.04970508400253504,0.05964610080304204,0.0,0.0,0.05964610080304204,2.6251358943684044,-0.07027912665862947
2023-05-19,31.238040924072266,31.263999938964844,31.579999923706055,30.916000366210938,31.535999298095703,473908000,NVDA,35082000000.0,,0.78,,,,,,,,,,15.0,0.5,10.0,55.0396214582977,10.02051280095027,16.809999465942383,-0.0014550863563069782,-0.0004443498753583519,-0.013068993120647687,1.4692263553243337,40.0,864.2391248258621,95.0,100.0,100.0,False,77.1332176071513,78.16361177916137,76.43175716246512,79.89546639585762,0.7807764064044153,72.1332176071513,4.999999999999999,72.27033769393267,0.44114190914003737,0.25222955153301774,0.3066285393269449,-0.28350000381469725,-0.1306046034157612,18.443804249614445,False,False,78.15243017522037,78.1613219326774,0.42085889917110386,9.540414724199222,3.192701630657041,2.3760932748945893,0.10481724630518464,0.3132143606523624,-0.6016424652476076,0.05431743515788412,-0.008891757457016638,1.2,1.2,False,1.2,15.33899974822998,2022-12-22,31.67799949645996,,0.0,0,0.0,-0.013068993120647687,-0.015682791744777224,0.0,0.0,-0.015682791744777224,2.5839664348352853,-0.08485974549601456
2023-05-22,31.150114059448242,31.176000595092773,31.520000457763672,30.68000030517578,30.900999069213867,372000000,NVDA,35082000000.0,,0.78,,,,,,,,,,15.0,0.5,10.0,55.0396214582977,9.992307883042555,17.209999084472656,0.0004061283018428341,0.0019050232403921008,-0.0028147180157327423,1.4931742040297038,40.0,855.0129180832773,95.0,100.0,100.0,False,76.58506241945574,77.5473647309599,75.81551011426366,79.27921934765614,0.7807764064044151,71.58506241945574,4.999999999999999,72.27033769393267,0.44114190914003737,0.25222955153301774,0.3066285393269449,-0.28350000381469725,-0.1306046034157612,18.443804249614445,False,False,83.87690476526681,83.87963584537682,0.42085889917110386,6.419790190178159,3.192701630657041,2.3760932748945893,0.15576833048686414,0.3132143606523624,-0.5481551876955564,0.05348727755205118,-0.002731080110007724,1.2,1.2,False,1.2,15.33899974822998,2022-12-22,31.67799949645996,,0.0,0,0.0,-0.0028147180157327423,-0.003377661618879291,0.0,0.0,-0.003377661618879291,2.57523867058387,-0.08795077960954407
2023-05-23,30.66251564025879,30.687999725341797,31.288000106811523,30.631000518798828,31.0,356253000,NVDA,35082000000.0,,0.78,,,,,,,,,,15.0,0.5,10.0,55.0396214582977,9.835897347865961,18.530000686645508,-0.011222837486886017,-0.014767409361651107,-0.0156530940606856,1.482114822075992,40.0,868.2421181844965,95.0,100.0,100.0,False,76.08239357895701,76.97545727518643,75.24360265849018,78.70731189188268,0.7807764064044153,71.08239357895701,4.999999999999999,72.27033769393267,0.44114190914003737,0.25222955153301774,0.3066285393269449,-0.28350000381469725,-0.1306046034157612,18.443804249614445,False,False,87.03021132149472,87.02903226476563,0.42085889917110386,4.6066775355032865,3.192701630657041,2.3760932748945893,0.21707618827084854,0.3132143606523624,-0.5026688404987283,0.04548634719682809,0.0011790567290870513,1.2,1.2,False,1.2,15.33899974822998,2022-12-22,31.67799949645996,,0.0,0,0.0,-0.0156530940606856,-0.01878371287282272,0.0,0.0,-0.01878371287282272,2.526866126816633,-0.10508245029124019
2023-05-24,30.51263999938965,30.538000106811523,30.60700035095215,29.805999755859375,30.209999084472656,721419000,NVDA,35082000000.0,,0.78,,,,,,,,,,15.0,0.5,10.0,55.0396214582977,9.787820547054976,20.030000686645508,-0.007244801918740551,-0.007333543982172008,-0.004887891679900003,1.4709679420698414,40.0,863.9896548116565,95.0,100.0,100.0,False,75.6218313231231,76.44701767195255,74.71516305525631,78.17887228864879,0.7807764064044151,70.6218313231231,4.999999999999999,72.27033769393267,0.44114190914003737,0.25222955153301774,0.3066285393269449,-0.28350000381469725,-0.1306046034157612,18.443804249614445,False,False,87.92268475358992,87.91904551707862,0.42085889917110386,3.787933511293966,3.192701630657041,2.3760932748945893,0.2639961860519558,0.3132143606523624,-0.4605622558339064,0.04210658466482187,0.0036392365113067627,1.2,1.2,False,1.2,15.33899974822998,2022-12-22,31.67799949645996,,0.0,0,0.0,-0.004887891679900003,-0.005865470015880003,0.0,0.0,-0.005865470015880003,2.512044869315647,-0.11033156234574175
2023-05-25,37.94845962524414,37.97999954223633,39.47999954223633,36.6349983215332,38.52299880981445,1543911000,NVDA,35082000000.0,,0.78,,,,,,,,,,15.0,0.5,10.0,55.0396214582977,12.173076776357798,19.139999389648438,0.008659898295524604,0.0383643202813051,0.24369635894280006,2.185919298562242,40.0,1134.5398860256573,95.0,100.0,100.0,False,75.21265556134793,75.96513726549273,74.23328264879649,77.69699188218897,0.7807764064044153,70.21265556134793,4.999999999999999,72.27033769393267,0.44114190914003737,0.25222955153301774,0.3066285393269449,-0.28350000381469725,-0.1306046034157612,18.443804249614445,False,False,87.48324290409879,87.47885472545833,0.42085889917110386,3.787933511293966,3.192701630657041,2.3760932748945893,0.2639961860519558,0.3132143606523624,-0.4091757617751739,0.051386494058732524,0.004388178640460864,1.2,1.2,False,1.2,15.33899974822998,2022-12-22,37.97999954223633,,0.0,0,0.0,0.24369635894280006,0.2924356307313601,0.0,0.0,0.2924356307313601,3.246656295099445,0.0
2023-05-26,38.91365432739258,38.94599914550781,39.16999816894531,37.54999923706055,37.88999938964844,714397000,NVDA,35082000000.0,,0.78,,,,,,,,,,15.0,0.5,10.0,55.0396214582977,12.482692033816607,17.950000762939453,0.012950669712364915,0.028396699576119344,0.025434429039348228,2.0841722132488996,40.0,1179.135668059816,95.0,100.0,100.0,False,74.56697664920551,75.41931185471228,73.68745723801604,77.15116647140852,0.7807764064044151,69.56697664920551,4.999999999999999,72.27033769393267,0.44114190914003737,0.25222955153301774,0.3066285393269449,-0.28350000381469725,-0.1306046034157612,18.443804249614445,False,False,86.67450722240902,86.67016182759639,0.42085889917110386,3.787933511293966,3.192701630657041,2.3760932748945893,0.2639961860519558,0.3132143606523624,-0.6456789121424151,-0.23650315036724123,0.00434539481263073,1.2,1.2,False,1.2,15.33899974822998,2022-12-22,38.94599914550781,,0.0,0,0.0,0.025434429039348228,0.030521314847217873,0.0,0.0,0.030521314847217873,3.345748514082877,0.0
2023-05-30,40.07769012451172,40.111000061035156,41.9379997253418,39.94900131225586,40.595001220703125,923401000,NVDA,35082000000.0,,0.78,,,,,,,,,,15.0,0.5,10.0,55.0396214582977,12.856089763152292,17.459999084472656,0.00038094297008361977,0.005340483610460245,0.029913237330867704,2.1343911162505997,40.0,1244.5953254233787,95.0,100.0,100.0,False,73.96024089013076,74.84970776250479,73.11785314580854,76.58156237920105,0.7807764064044153,68.96024089013076,4.999999999999999,72.27033769393267,0.44114190914003737,0.25222955153301774,0.3066285393269449,-0.28350000381469725,-0.1306046034157612,18.443804249614445,False,False,85.73259881070089,85.72831982849672,0.42085889917110386,3.787933511293966,3.192701630657041,2.3760932748945893,0.2639961860519558,0.3132143606523624,-0.606735759074752,0.03894315306766316,0.004278982204164095,1.2,1.2,False,1.2,15.33899974822998,2022-12-22,40.111000061035156,,0.0,0,0.0,0.029913237330867704,0.03589588479704124,0.0,0.0,0.03589588479704124,3.4658471173042678,0.0
2023-05-31,37.80257797241211,37.83399963378906,40.29499816894531,37.821998596191406,39.487998962402344,1002580000,NVDA,35082000000.0,,0.78,,,,,,,,,,15.0,0.5,10.0,55.0396214582977,12.12628193390675,17.940000534057617,-0.005545210654671728,-0.008330344393974842,-0.05676748083521432,2.190072472786459,40.0,1311.2159085406333,95.0,100.0,100.0,False,73.46941242277182,74.31085674493806,72.57900212824183,76.0427113616343,0.7807764064044151,68.46941242277182,4.999999999999999,72.27033769393267,0.44114190914003737,0.25222955153301774,0.3066285393269449,-0.28350000381469725,-0.1306046034157612,18.443804249614445,False,False,84.73918135373185,84.7355424459561,0.42085889917110386,3.787933511293966,3.192701630657041,2.3760932748945893,0.2639961860519558,0.3132143606523624,-0.4908284673589378,0.11590729171581415,0.0036389077757462474,1.0,1.2,True,1.0,15.33899974822998,2022-12-22,40.111000061035156,,0.0,0,0.0,-0.05676748083521432,-0.06812097700225718,0.19999999999999996,9.999999999999998e-05,-0.06822097700225718,3.2294036408213143,-0.0682209770022571
2023-06-01,39.73697280883789,39.77000045776367,40.04999923706055,38.34000015258789,38.48899841308594,635873000,NVDA,35082000000.0,,0.78,,,,,,,,,,15.0,0.5,10.0,55.0396214582977,12.746795018513996,15.649999618530273,0.009501019894013307,0.010165559905980226,0.05117092675143953,2.232505652084816,40.0,1245.0899370158222,95.0,100.0,100.0,False,73.05365437490899,73.82005977064085,72.08820515394461,75.55191438733709,0.7807764064044153,68.05365437490899,4.999999999999999,72.27033769393267,0.44114190914003737,0.25222955153301774,0.3066285393269449,-0.28350000381469725,-0.1306046034157612,18.443804249614445,False,False,83.73510137684585,83.73173285007266,0.42085889917110386,3.787933511293966,3.192701630657041,2.3760932748945893,0.2639961860519558,0.3132143606523624,-0.41575804786283754,0.07507041949610027,0.0033685267731857495,1.0,1.0,False,1.0,15.33899974822998,2022-12-22,40.111000061035156,,0.0,0,0.0,0.05117092675143953,0.05117092675143953,0.0,0.0,0.05117092675143953,3.394655217976614,-0.020540980867911708
2023-06-02,39.29434585571289,39.32699966430664,40.5,39.05799865722656,40.09700012207031,482731000,NVDA,35082000000.0,,0.78,,,,,,,,,,15.0,0.5,10.0,55.0396214582977,12.604807584713667,14.600000381469727,0.014461158782416605,0.005724597563798062,-0.011139069357756326,2.2146805155294804,40.0,1247.5549100155354,95.0,100.0,100.0,False,72.63785176635875,73.3585397120379,71.62668509534166,75.09039432873413,0.7807764064044151,67.63785176635875,4.999999999999999,72.27033769393267,0.44114190914003737,0.25222955153301774,0.3066285393269449,-0.28350000381469725,-0.1306046034157612,18.443804249614445,False,False,82.73901203717357,82.73490111764887,0.42085889917110386,3.787933511293966,3.192701630657041,2.3760932748945893,0.2639961860519558,0.3132143606523624,-0.4158026085502371,-4.456068739955299e-05,0.004110919524698602,1.0,1.0,False,1.0,15.33899974822998,2022-12-22,40.111000061035156,,0.0,0,0.0,-0.011139069357756326,-0.011139069357756326,0.0,0.0,-0.011139069357756326,3.3568419180579028,-0.031451242815104065
2023-06-05,39.13847732543945,39.17100143432617,39.564998626708984,38.707000732421875,38.909000396728516,396094000,NVDA,35082000000.0,,0.78,,,,,,,,,,15.0,0.5,10.0,55.0396214582977,12.554808152027618,14.729999542236328,-0.0019162630830240612,-0.0057518962863086776,-0.003966695433469725,2.2057010914126254,40.0,1234.057603635397,95.0,100.0,100.0,False,72.26236405138664,72.93060566548226,71.19875104878602,74.6624602821785,0.7807764064044153,67.26236405138664,4.999999999999999,72.27033769393267,0.44114190914003737,0.25222955153301774,0.3066285393269449,-0.28350000381469725,-0.1306046034157612,18.443804249614445,False,False,81.73751407843059,81.75643433045997,0.42085889917110386,3.787933511293966,3.192701630657041,2.3760932748945893,0.2639961860519558,0.3132143606523624,-0.37548771497210964,0.04031489357812745,-0.0189202520293793,1.0,1.0,False,1.0,15.33899974822998,2022-12-22,40.111000061035156,,0.0,0,0.0,-0.003966695433469725,-0.003966695433469725,0.0,0.0,-0.003966695433469725,3.3435263485506628,-0.035293180747322156
2023-06-06,38.62190628051758,38.65399932861328,39.15999984741211,38.14799880981445,38.83000183105469,388729000,NVDA,35082000000.0,,0.78,,,,,,,,,,15.0,0.5,10.0,55.0396214582977,12.389102348914513,13.960000038146973,0.0021774588210983215,-0.00024110247278075203,-0.013198593009670523,2.2524341961607615,40.0,1230.5471961968265,95.0,98.55039756326363,98.55039756326363,False,70.76260938009415,72.08424549108054,70.3523908743843,73.81610010777678,0.7807764064044151,65.76260938009415,4.999999999999999,71.82584821615143,0.44114190914003737,0.25222955153301774,0.3066285393269449,-0.28350000381469725,-0.1306046034157612,18.443804249614445,False,False,79.81692869272662,79.81381324048121,0.42085889917110386,3.787933511293966,3.192701630657041,2.3760932748945893,0.2639961860519558,0.3132143606523624,-1.499754671292493,-1.1242669563203833,0.003115452245413053,1.0,1.0,False,1.0,15.33899974822998,2022-12-22,40.111000061035156,,0.0,0,0.0,-0.013198593009670523,-0.013198593009670523,0.0,0.0,-0.013198593009670523,3.2993965050590326,-0.04802595342829209
2023-06-07,37.447750091552734,37.474998474121094,39.499000549316406,37.35599899291992,38.915000915527344,511998000,NVDA,35082000000.0,,0.78,,,,,,,,,,15.0,0.5,10.0,55.0396214582977,12.011217459654196,13.9399995803833,-0.003457727240027575,-0.014948739112591425,-0.030501393774781893,2.253099720602157,40.0,1253.0791594421762,95.0,97.58100444449545,97.58100444449545,False,69.60724343094878,71.11725310749753,69.3853984908013,72.84910772419377,0.7807764064044153,64.60724343094878,4.999999999999999,71.52860462010995,0.44114190914003737,0.25222955153301774,0.3066285393269449,-0.28350000381469725,-0.1306046034157612,18.443804249614445,False,False,78.1642698227902,78.15499723945294,0.42085889917110386,3.787933511293966,3.192701630657041,2.3760932748945893,0.2639961860519558,0.3132143606523624,-1.155365949145363,0.34438872214713,0.009272583337265132,1.0,1.0,False,1.0,15.33899974822998,2022-12-22,40.111000061035156,,0.0,0,0.0,-0.030501393774781893,-0.030501393774781893,0.0,0.0,-0.030501393774781893,3.198760313039088,-0.07706248868614826
2023-06-08,38.48200607299805,38.5099983215332,38.86399841308594,37.505001068115234,37.7239990234375,417772000,NVDA,35082000000.0,,0.78,,,,,,,,,,15.0,0.5,10.0,55.0396214582977,12.34294817997859,13.649999618530273,0.0060485691329945634,0.010831013904620601,0.027618409327670568,2.268916792751614,40.0,1221.9901395400607,95.0,97.62364529374906,97.62364529374906,False,69.21036057111046,70.37282475651769,68.64097013982145,72.10467937321393,0.7807764064044151,64.21036057111046,4.999999999999999,71.54167952143224,0.44114190914003737,0.25222955153301774,0.3066285393269449,-0.28350000381469725,-0.1306046034157612,18.443804249614445,False,False,77.34417281144711,77.33816717788743,0.42085889917110386,3.787933511293966,3.192701630657041,2.3760932748945893,0.2639961860519558,0.3132143606523624,-0.3968828598383283,0.7584830893070347,0.006005633559688021,1.0,1.0,False,1.0,15.33899974822998,2022-12-22,40.111000061035156,,0.0,0,0.0,0.027618409327670568,0.027618409327670568,0.0,0.0,0.027618409327670568,3.287104984705709,-0.05157242271482072
2023-06-09,38.7418212890625,38.77000045776367,39.71099853515625,38.56700134277344,39.0369987487793,427717000,NVDA,35082000000.0,,0.78,,,,,,,,,,15.0,0.5,10.0,55.0396214582977,12.426282198001177,13.829999923706055,0.0017943024372815142,0.004963932764154633,0.0067515488850355965,2.2683640700339236,40.0,1207.4241287415584,95.0,97.427532627669,97.427532627669,False,68.50870984797653,69.64509628680986,67.91324167011362,71.3769509035061,0.7807764064044153,63.50870984797653,4.999999999999999,71.4815457810886,0.44114190914003737,0.25222955153301774,0.3066285393269449,-0.28350000381469725,-0.1306046034157612,18.443804249614445,False,False,76.3380198810958,76.3380234459508,0.42085889917110386,3.787933511293966,3.192701630657041,2.3760932748945893,0.2639961860519558,0.3132143606523624,-0.7016507231339233,-0.304767863295595,-3.5648549919642393e-06,1.0,1.0,False,1.0,15.33899974822998,2022-12-22,40.111000061035156,,0.0,0,0.0,0.0067515488850355965,0.0067515488850355965,0.0,0.0,0.0067515488850355965,3.309298034700194,-0.045169067562863985
2023-06-12,39.45329666137695,39.481998443603516,39.529998779296875,38.61800003051758,39.20000076293945,388701000,NVDA,35082000000.0,,0.78,,,,,,,,,,15.0,0.5,10.0,55.0396214582977,12.654486680642153,15.010000228881836,0.009071863112013467,0.021745682367352304,0.018364662817466293,2.2275171643417364,40.0,1208.4317108683126,95.0,98.47950593793422,98.47950593793422,False,68.78354607329925,69.30875724698897,67.57690263029274,71.04061186368521,0.7807764064044151,63.78354607329925,4.999999999999999,71.80411082062615,0.44114190914003737,0.25222955153301774,0.3066285393269449,-0.28350000381469725,-0.1306046034157612,18.443804249614445,False,False,76.48335921017488,76.48013401868863,0.42085889917110386,3.787933511293966,3.192701630657041,2.3760932748945893,0.2639961860519558,0.3132143606523624,0.2748362253227157,0.976486948456639,0.0032251914862501964,1.0,1.0,False,1.0,15.33899974822998,2022-12-22,40.111000061035156,,0.0,0,0.0,0.018364662817466293,0.018364662817466293,0.0,0.0,0.018364662817466293,3.3700721772699667,-0.027633919440969094
2023-06-13,40.99217987060547,41.02199935913086,41.10100173950195,39.7400016784668,40.18600082397461,613208000,NVDA,35082000000.0,,0.78,,,,,,,,,,15.0,0.5,10.0,55.0396214582977,13.148076717670147,14.609999656677246,0.006592936721117493,0.006072390101091951,0.0390051409815817,2.241179153245665,40.0,1228.820822824337,95.0,97.48224000271625,97.48224000271625,False,67.33758181065625,68.53923361020271,66.80737899350646,70.27108822689897,0.7807764064044153,62.337581810656246,4.999999999999999,71.49832062358975,0.44114190914003737,0.25222955153301774,0.3066285393269449,-0.28350000381469725,-0.1306046034157612,18.443804249614445,False,False,74.67785565851405,74.76779701501968,0.42085889917110386,3.787933511293966,3.192701630657041,2.3760932748945893,0.2639961860519558,0.3132143606523624,-1.4459642626430025,-1.518727130426143,-0.08994135650563066,1.0,1.0,False,1.0,15.33899974822998,2022-12-22,41.02199935913086,,0.0,0,0.0,0.0390051409815817,0.0390051409815817,0.0,0.0,0.0390051409815817,3.501522317662488,0.0
2023-06-14,42.96574783325195,42.99700164794922,43.0,40.551998138427734,40.82400131225586,740465000,NVDA,35082000000.0,,0.78,,,,,,,,,,15.0,0.5,10.0,55.0396214582977,13.781090271778595,13.880000114440918,0.0011908327057914558,0.010313564773360762,0.04814495440673228,2.262634630950179,40.0,1273.9199412630971,95.0,93.95595368177732,93.95595368177732,False,63.51712739675482,66.57866258924415,64.84680797254791,68.31051720594039,0.7807764064044151,58.51712739675482,4.999999999999999,70.41706059975165,0.44114190914003737,0.25222955153301774,0.3066285393269449,-0.28350000381469725,-0.1306046034157612,18.443804249614445,False,False,70.2695228181592,70.24197172038743,0.42085889917110386,3.787933511293966,3.192701630657041,2.3760932748945893,0.2639961860519558,0.3132143606523624,-3.820454413901423,-1.518727130426143,0.0275510977717704,1.0,1.0,False,1.0,15.33899974822998,2022-12-22,42.99700164794922,,0.0,0,0.0,0.04814495440673228,0.04814495440673228,0.0,0.0,0.04814495440673228,3.670102950000504,0.0
2023-06-15,42.62199401855469,42.65299987792969,43.28900146484375,42.14699935913086,42.60200119018555,568622000,NVDA,35082000000.0,,0.78,,,,,,,,,,15.0,0.5,10.0,55.0396214582977,13.670833294208233,14.5,0.012397670338390565,0.012876290084964603,-0.008000599037955025,2.222294028593305,40.0,1254.5977678460806,95.0,92.25051041818718,92.25051041818718,False,61.15416654499838,64.46100332525356,62.72914870855731,66.1928579419498,0.7807764064044153,56.15416654499838,4.999999999999999,69.89412302293204,0.44114190914003737,0.25222955153301774,0.3066285393269449,-0.28350000381469725,-0.1306046034157612,18.443804249614445,False,False,67.53426567731024,67.47358703016569,0.42085889917110386,3.787933511293966,3.192701630657041,2.3760932748945893,0.2639961860519558,0.3132143606523624,-2.3629608517564407,1.4574935621449825,0.060678647144562774,1.0,1.0,False,1.0,15.33899974822998,2022-12-22,42.99700164794922,,0.0,0,0.0,-0.008000599037955025,-0.008000599037955025,0.0,0.0,-0.008000599037955025,3.640739927869534,-0.008000599037955036
2023-06-16,42.66095733642578,42.69200134277344,43.72100067138672,42.6609992980957,43.45000076293945,655709000,NVDA,35082000000.0,,0.78,,,,,,,,,,15.0,0.5,10.0,55.0396214582977,13.683333763709435,13.539999961853027,-0.007094474932526573,-0.008246019590806175,0.0009143897253502953,2.2468290142344527,40.0,1241.2463893981696,95.0,90.4617897270402,90.4617897270402,False,58.7727404623968,62.24037260688106,60.508517990184814,63.972227223577306,0.7807764064044151,53.7727404623968,4.999999999999999,69.34565021014176,0.44114190914003737,0.25222955153301774,0.3066285393269449,-0.28350000381469725,-0.1306046034157612,18.443804249614445,False,False,64.4192527051448,64.44363413420845,0.42085889917110386,3.787933511293966,3.192701630657041,2.3760932748945893,0.2639961860519558,0.3132143606523624,-2.3814260826015854,-0.01846523084514473,-0.0243814290636476,1.0,1.0,False,1.0,15.33899974822998,2022-12-22,42.99700164794922,,0.0,0,0.0,0.0009143897253502953,0.0009143897253502953,0.0,0.0,0.0009143897253502953,3.6440689830522506,-0.00709352497816168
2023-06-20,43.776153564453125,43.80799865722656,43.9900016784668,42.67399978637695,42.99800109863281,451153000,NVDA,35082000000.0,,0.78,,,,,,,,,,15.0,0.5,10.0,55.0396214582977,14.041025210649538,13.880000114440918,-0.0051881828235322835,-0.00883422113129484,0.026140665214844372,2.201133967878924,40.0,1228.4259457180756,95.0,88.4249971455992,88.4249971455992,False,56.048994144172084,59.82333149347926,58.09147687678301,61.555186110175505,0.7807764064044153,51.048994144172084,4.999999999999999,68.72111147598254,0.44114190914003737,0.25222955153301774,0.3066285393269449,-0.28350000381469725,-0.1306046034157612,18.443804249614445,False,False,56.871107399661035,56.7929884437845,0.42085889917110386,3.787933511293966,3.526958821647969,2.3760932748945893,0.2639961860519558,0.28353038710351336,-2.7237463182247126,-0.3423202356231272,0.07811895587653112,1.0,1.0,False,1.0,15.33899974822998,2022-12-22,43.80799865722656,,0.0,0,0.0,0.026140665214844372,0.026140665214844372,0.0,0.0,0.026140665214844372,3.739327370358018,0.0
2023-06-21,43.01370620727539,43.04499816894531,43.6150016784668,42.08000183105469,43.500999450683594,551603000,NVDA,35082000000.0,,0.78,,,,,,,,,,15.0,0.5,10.0,55.0396214582977,13.796473772097857,13.199999809265137,-0.005123725403500368,-0.014796740596146996,-0.01741692183318644,2.1756030745858075,40.0,1222.64247198865,95.0,85.93050713362875,85.93050713362875,False,52.55861430769097,56.987271604547175,55.25541698785093,58.71912622124342,0.7807764064044151,47.55861430769097,4.999999999999999,67.95622964724639,0.44114190914003737,0.25222955153301774,0.3066285393269449,-0.28350000381469725,-0.1306046034157612,18.443804249614445,False,False,45.01251559339535,45.134013763829444,0.42085889917110386,3.787933511293966,4.335915631546136,2.3760932748945893,0.2639961860519558,0.2306317938302254,-3.490379836481111,-0.7666335182563984,-0.12149817043409143,1.0,1.0,False,1.0,15.33899974822998,2022-12-22,43.80799865722656,,0.0,0,0.0,-0.01741692183318644,-0.01741692183318644,0.0,0.0,-0.01741692183318644,3.6741997978397976,-0.017416921833186473
2023-06-22,42.99372482299805,43.025001525878906,43.42599868774414,42.23400115966797,42.25299835205078,417737000,NVDA,35082000000.0,,0.78,,,,,,,,,,15.0,0.5,10.0,55.0396214582977,13.790064591627853,12.90999984741211,0.0036097101103738094,0.008159915578617838,-0.00046455207148399236,2.167688803897634,40.0,1209.6669545780917,95.0,82.91194276811193,82.91194276811193,False,48.024406786172825,53.488274912557735,51.75642029586149,55.22012952925398,0.7807764064044153,43.024406786172825,4.999999999999999,67.0306516649836,0.44114190914003737,0.25222955153301774,0.3066285393269449,-0.28350000381469725,-0.1306046034157612,18.443804249614445,False,False,35.80162152757509,35.92311969800918,0.42085889917110386,3.787933511293966,5.27629258744727,2.3760932748945893,0.2639961860519558,0.18952701796315874,-4.534207521518148,-1.0438276850370372,-0.12149817043409143,1.0,1.0,False,1.0,15.33899974822998,2022-12-22,43.80799865722656,,0.0,0,0.0,-0.00046455207148399236,-0.00046455207148399236,0.0,0.0,-0.00046455207148399236,3.672492940712665,-0.017873382837553936
2023-06-23,42.178314208984375,42.20899963378906,42.808998107910156,42.01499938964844,42.4640007019043,358140000,NVDA,35082000000.0,,0.78,,,,,,,,,,15.0,0.5,10.0,55.0396214582977,13.52852552365034,13.4399995803833,-0.007560006040454259,-0.010850475680443505,-0.018965760909945173,2.1672658125049233,40.0,1226.07996580298,95.0,81.08140027680936,81.08140027680936,False,44.5155038468141,49.98541093845732,48.253556321761074,51.71726555515357,0.7807764064044151,39.5155038468141,4.999999999999999,66.46935509469958,0.44114190914003737,0.25222955153301774,0.3066285393269449,-0.28350000381469725,-0.1306046034157612,18.443804249614445,False,False,31.162284235224853,31.045684750253255,0.42085889917110386,3.787933511293966,6.154408827018042,2.3760932748945893,0.2639961860519558,0.16248514326997088,-3.5089029393587268,1.0253045821594213,0.1165994849715986,1.0,1.0,False,1.0,15.33899974822998,2022-12-22,43.80799865722656,,0.0,0,0.0,-0.018965760909945173,-0.018965760909945173,0.0,0.0,-0.018965760909945173,3.6028413176556473,-0.03650016144195015
2023-06-26,40.60245895385742,40.63199996948242,42.763999938964844,40.099998474121094,42.46099853515625,594322000,NVDA,35082000000.0,,0.78,,,,,,,,,,15.0,0.5,10.0,55.0396214582977,13.023076913295647,14.25,-0.004085752980273583,-0.0071745715912732155,-0.03736169248238297,2.253795323600776,40.0,1287.9355882245652,95.0,81.58309575682793,81.58309575682793,False,43.1921877550994,47.33341674595464,45.6015621292584,49.06527136265089,0.7807764064044153,38.1921877550994,4.999999999999999,66.62318924692461,0.44114190914003737,0.25222955153301774,0.3066285393269449,-0.28350000381469725,-0.1306046034157612,18.443804249614445,False,False,29.565890538691207,29.56736775715882,0.42085889917110386,3.787933511293966,6.734409257936437,2.3760932748945893,0.2639961860519558,0.14849112397223402,-1.3233160917147018,1.518727130426143,-0.0014772184676115786,1.0,1.0,False,1.0,15.33899974822998,2022-12-22,43.80799865722656,,0.0,0,0.0,-0.03736169248238297,-0.03736169248238297,0.0,0.0,-0.03736169248238297,3.4682330682825735,-0.07249814611698166
2023-06-27,41.845550537109375,41.875999450683594,41.939998626708984,40.448001861572266,40.79899978637695,462175000,NVDA,35082000000.0,,0.78,,,,,,,,,,15.0,0.5,10.0,55.0396214582977,13.42179469573192,13.739999771118164,0.010963311143060928,0.019708570255859925,0.030616250298668657,2.235815412839086,40.0,1237.7487040482595,95.0,80.87808517534775,80.87808517534775,False,39.398498885583535,44.23571841988726,42.50386380319102,45.96757303658351,0.7807764064044151,34.398498885583535,4.999999999999999,66.40701288211531,0.44114190914003737,0.25222955153301774,0.3066285393269449,-0.28350000381469725,-0.1306046034157612,18.443804249614445,False,False,27.743807237221645,27.771192856071494,0.42085889917110386,3.787933511293966,7.206559895105852,2.3760932748945893,0.2639961860519558,0.13876246288872504,-3.7936888695158615,-1.518727130426143,-0.027385618849850177,1.0,1.0,False,1.0,15.33899974822998,2022-12-22,43.80799865722656,,0.0,0,0.0,0.030616250298668657,0.030616250298668657,0.0,0.0,0.030616250298668657,3.5744173599952322,-0.04410151720601999
2023-06-28,41.08710479736328,41.117000579833984,41.845001220703125,40.518001556396484,40.65999984741211,582639000,NVDA,35082000000.0,,0.78,,,,,,,,,,15.0,0.5,10.0,55.0396214582977,13.178525826869866,13.430000305175781,0.0005043932731050305,0.000585632198135011,-0.018124913573548618,2.2688700731503424,40.0,1241.8715114513602,95.0,81.31085453154137,81.31085453154137,False,35.16866940210451,40.69604944548871,38.964194828792465,42.42790406218496,0.7807764064044153,30.168669402104516,4.999999999999999,66.53971231767042,0.44114190914003737,0.25222955153301774,0.3066285393269449,-0.28350000381469725,-0.1306046034157612,18.443804249614445,False,False,27.03391156388557,27.095242245346082,0.42085889917110386,3.787933511293966,7.488822470950902,2.3760932748945893,0.2639961860519558,0.1335323415502229,-4.229829483479023,-0.4361406139631612,-0.06133068146051187,1.0,1.0,False,1.0,15.33899974822998,2022-12-22,43.80799865722656,,0.0,0,0.0,-0.018124913573548618,-0.018124913573548618,0.0,0.0,-0.018124913573548618,3.5096313542695268,-0.06142709459174715
2023-06-29,40.79232406616211,40.821998596191406,41.599998474121094,40.599998474121094,41.55799865722656,380514000,NVDA,35082000000.0,,0.78,,,,,,,,,,15.0,0.5,10.0,55.0396214582977,13.083973909035707,13.539999961853027,0.003941361271775801,0.0017560469339068518,-0.0071746960985102914,2.273127767028849,40.0,1228.1583211568063,95.0,81.52238826825564,81.52238826825564,False,31.46225137098496,37.091283606451185,35.35942898975494,38.82313822314743,0.7807764064044151,26.46225137098496,4.999999999999999,66.60457459837748,0.44114190914003737,0.25222955153301774,0.3066285393269449,-0.28350000381469725,-0.1306046034157612,18.443804249614445,False,False,26.69470871705242,26.778214931855384,0.42085889917110386,3.787933511293966,7.626959249456094,2.3760932748945893,0.2639961860519558,0.1311138511814277,-3.7064180311195543,0.5234114523594684,-0.08350621480296297,1.0,1.0,False,1.0,15.33899974822998,2022-12-22,43.80799865722656,,0.0,0,0.0,-0.0071746960985102914,-0.0071746960985102914,0.0,0.0,-0.0071746960985102914,3.48445081588484,-0.06816106995434718
2023-06-30,42.271244049072266,42.301998138427734,42.54999923706055,41.500999450683594,41.68000030517578,501148000,NVDA,35082000000.0,,0.78,,,,,,,,,,15.0,0.5,10.0,55.0396214582977,13.558332736675556,13.59000015258789,0.011800720368392525,0.01589342778078584,0.03625495059358541,2.2627481226186026,40.0,1223.1215043853101,95.0,79.62107673971309,79.62107673971309,False,26.75024511274983,33.05426416965025,31.322409552954007,34.7861187863465,0.7807764064044153,21.75024511274983,4.999999999999999,66.021578221575,0.44114190914003737,0.25222955153301774,0.3066285393269449,-0.28350000381469725,-0.1306046034157612,18.443804249614445,False,False,25.696579748229297,25.614555381656544,0.42085889917110386,3.787933511293966,7.773601517142026,2.3760932748945893,0.2639961860519558,0.12864050180535253,-4.712006258235128,-1.0055882271155738,0.0820243665727537,0.25,1.0,True,0.25,15.33899974822998,2022-12-22,43.80799865722656,,0.0,0,0.0,0.03625495059358541,0.03625495059358541,0.75,0.000375,0.03587995059358541,3.609472739004566,-0.0347267351831297
2023-07-03,42.38216018676758,42.41299819946289,42.89799880981445,42.20199966430664,42.516998291015625,198209000,NVDA,35082000000.0,,0.78,,,,,,,,,,15.0,0.5,10.0,55.0396214582977,13.59390967931503,13.569999694824219,0.0011505363811348257,-0.002128120993262428,0.002623990967800749,2.264430687265874,40.0,1212.2271824050079,95.0,76.99511301390551,76.99511301390551,False,23.462171332504987,29.309624282008347,27.5777696653121,31.041478898704593,0.7807764064044151,18.462171332504987,4.999999999999999,65.21638280000508,0.44114190914003737,0.25222955153301774,0.3066285393269449,-0.28350000381469725,-0.1306046034157612,18.443804249614445,False,False,24.493791552901353,24.372293382467262,0.42085889917110386,3.787933511293966,7.970653299433551,2.3760932748945893,0.2639961860519558,0.12546023047710114,-3.2880737802448436,1.4239324779902844,0.12149817043409143,0.25,0.25,False,0.25,15.33899974822998,2022-12-22,43.80799865722656,,0.0,0,0.0,0.002623990967800749,0.0006559977419501872,0.0,0.0,0.0006559977419501872,3.6118405449709843,-0.03409351810104487
2023-07-05,42.28623580932617,42.31700134277344,43.176998138427734,42.084999084472656,42.1349983215332,323618000,NVDA,35082000000.0,,0.78,,,,,,,,,,15.0,0.5,10.0,55.0396214582977,13.563141456017126,14.180000305175781,-0.00148719811037068,-0.006167544471378239,-0.0022633829430778185,2.2581427891018753,40.0,1196.791117243301,95.0,75.06357105764043,75.06357105764043,False,21.725437357416254,26.348847175767162,24.616992559070916,28.080701792463408,0.7807764064044153,16.725437357416254,4.999999999999999,64.6241169113068,0.44114190914003737,0.25222955153301774,0.3066285393269449,-0.28350000381469725,-0.1306046034157612,18.443804249614445,False,False,23.55107523267024,23.67257340310433,0.42085889917110386,3.787933511293966,8.141453247022074,2.3760932748945893,0.2639961860519558,0.12282819413914503,-1.7367339750887325,1.518727130426143,-0.12149817043409143,0.25,0.25,False,0.25,15.33899974822998,2022-12-22,43.80799865722656,,0.0,0,0.0,-0.0022633829430778185,-0.0005658457357694546,0.0,0.0,-0.0005658457357694546,3.6097968004003333,-0.034640072164979434
2023-07-06,42.07239532470703,42.10300064086914,42.17900085449219,41.34600067138672,41.84400177001953,303582000,NVDA,35082000000.0,,0.78,,,,,,,,,,15.0,0.5,10.0,55.0396214582977,13.494551487458057,15.4399995803833,-0.007830661842952336,-0.0026678544250267056,-0.005057085689292196,2.265737824583909,40.0,1185.2301574501466,93.43047804780097,74.39211927526989,74.39211927526989,False,20.207595513078672,23.95137497375763,22.219520357061384,25.683229590453877,0.7807764064044151,15.207595513078672,4.999999999999999,64.02235081392567,0.44114190914003737,0.25222955153301774,0.3066285393269449,-0.28350000381469725,-0.1306046034157612,18.443804249614445,False,False,22.27502981370767,22.30992106282472,0.42085889917110386,3.787933511293966,8.277986512879783,2.3760932748945893,0.2639961860519558,0.12080232293735829,-1.5178418443375818,0.21889213075115066,-0.034891249117052894,0.25,0.25,False,0.25,15.33899974822998,2022-12-22,43.80799865722656,,0.0,0,0.0,-0.005057085689292196,-0.001264271422323049,0.0,0.0,-0.001264271422323049,3.605233037465194,-0.03586054913399705
2023-07-07,42.47209930419922,42.50299835205078,43.2140007019043,42.18000030517578,42.321998596191406,355881000,NVDA,35082000000.0,,0.78,,,,,,,,,,15.0,0.5,10.0,55.0396214582977,13.622755882067558,14.829999923706055,-0.00252471423348688,-0.004361479243531141,0.009500456145478786,2.257586219951364,40.0,1172.4512460618535,91.0680937596477,72.79630464799408,72.79630464799408,False,19.17833188987219,22.08803526043287,20.356180643736625,23.819889877129118,0.7807764064044153,14.17833188987219,4.999999999999999,62.93716537617796,0.44114190914003737,0.25222955153301774,0.3066285393269449,-0.28350000381469725,-0.1306046034157612,18.443804249614445,False,False,20.533020125756682,20.491147209567924,0.42085889917110386,3.787933511293966,8.424903135930212,2.3760932748945893,0.2639961860519558,0.11869572668856422,-1.0292636232064822,0.4885782211310996,0.04187291618875747,0.25,0.25,False,0.25,15.33899974822998,2022-12-22,43.80799865722656,,0.0,0,0.0,0.009500456145478786,0.0023751140363696965,0.0,0.0,0.0023751140363696965,3.6137958770568614,-0.03357060799122746
2023-07-10,42.14934158325195,42.18000030517578,42.81100082397461,41.64899826049805,42.65700149536133,353908000,NVDA,35082000000.0,,0.78,,,,,,,,,,15.0,0.5,10.0,55.0396214582977,13.51923086704352,15.069999694824219,0.0025311045491687167,0.0026283332199983356,-0.007599417909287642,2.243170977314754,40.0,1162.2135707215111,88.22435624793002,70.78154243216609,70.78154243216609,False,18.54200893480583,20.703708414663602,18.971853797967356,22.435563031359848,0.7807764064044151,13.542008934805828,4.999999999999999,61.602107143589336,0.44114190914003737,0.25222955153301774,0.3066285393269449,-0.28350000381469725,-0.1306046034157612,18.443804249614445,False,False,18.753069273415413,18.833516331584658,0.42085889917110386,3.787933511293966,8.53088267963411,2.3760932748945893,0.2639961860519558,0.11722116427498332,-0.6363229550663618,0.3929406681401204,-0.08044705816924591,0.25,0.25,False,0.25,15.33899974822998,2022-12-22,43.80799865722656,,0.0,0,0.0,-0.007599417909287642,-0.0018998544773219106,0.0,0.0,-0.0018998544773219106,3.606930190779708,-0.03540668319865074
2023-07-11,42.37416458129883,42.404998779296875,42.757999420166016,42.06700134277344,42.48099899291992,298244000,NVDA,35082000000.0,,0.78,,,,,,,,,,15.0,0.5,10.0,55.0396214582977,13.591345762595152,14.84000015258789,0.006368529703967729,0.002155395020937867,0.005334245436064755,2.334694585014206,40.0,1150.530588154299,84.65900057007778,69.23302428882745,69.23302428882745,False,18.243654324807665,19.7433323187445,18.011477702048253,21.475186935440746,0.7807764064044153,13.243654324807665,4.999999999999999,60.227999223495765,0.44114190914003737,0.25222955153301774,0.3066285393269449,-0.28350000381469725,-0.1306046034157612,18.443804249614445,False,False,17.586939257522904,17.47302465928368,0.42085889917110386,3.787933511293966,8.553879720211295,2.3760932748945893,0.2639961860519558,0.11690601606627435,-0.29835460999816377,0.33796834506819806,0.11391459823922276,0.25,0.25,False,0.25,15.33899974822998,2022-12-22,43.80799865722656,,0.0,0,0.0,0.005334245436064755,0.0013335613590161888,0.0,0.0,0.0013335613590161888,3.6117402535068006,-0.03412033882419917
2023-07-12,43.87008285522461,43.902000427246094,43.935001373291016,42.777000427246094,43.03300094604492,481277000,NVDA,35082000000.0,,0.78,,,,,,,,,,15.0,0.5,10.0,55.0396214582977,14.071153983091696,13.539999961853027,0.008045919692956538,0.011335214567686602,0.035302480628300215,2.362761322428314,40.0,1176.953055371135,84.23095810063514,65.94576346101496,65.94576346101496,False,18.31767609651417,19.186772947763956,17.45491833106771,20.918627564460202,0.7807764064044151,13.31767609651417,4.999999999999999,59.112066277372335,0.44114190914003737,0.25222955153301774,0.3066285393269449,-0.28350000381469725,-0.1306046034157612,18.443804249614445,False,False,17.605686327022024,17.484188156587933,0.42085889917110386,3.787933511293966,8.500026918172399,2.3760932748945893,0.2639961860519558,0.11764668625484909,0.07402177170650504,0.3723763817046688,0.12149817043409143,0.25,0.25,False,0.25,15.33899974822998,2022-12-22,43.902000427246094,,0.0,0,0.0,0.035302480628300215,0.008825620157075054,0.0,0.0,0.008825620157075054,3.6436161010902697,-0.02559585181721718
2023-07-13,45.94356918334961,45.97700119018555,46.154998779296875,44.492000579833984,44.518001556396484,478204000,NVDA,35082000000.0,,0.78,,,,,,,,,,15.0,0.5,10.0,55.0396214582977,14.736218330187675,13.609999656677246,0.007936883171425269,0.01304750159906809,0.047264378450775135,2.380280711539756,40.0,1288.1434737546867,88.5259718736835,59.83503008926185,59.83503008926185,False,18.653022675746648,18.97840313811243,17.246548521416184,20.710257754808676,0.7807764064044153,13.653022675746648,4.999999999999999,58.321670427179384,0.44114190914003737,0.25222955153301774,0.3066285393269449,-0.28350000381469725,-0.1306046034157612,18.443804249614445,False,False,19.03442906466185,19.01691769420176,0.42085889917110386,3.787933511293966,8.849790189313634,2.3760932748945893,0.2639961860519558,0.11299702915076197,0.33534657923247835,0.2613248075259733,0.017511370460092053,0.25,0.25,False,0.25,15.33899974822998,2022-12-22,45.97700119018555,,0.0,0,0.0,0.047264378450775135,0.011816094612693784,0.0,0.0,0.011816094612693784,3.6866694136730866,-0.014082200211288146
2023-07-14,45.435943603515625,45.46900177001953,48.0880012512207,45.060001373291016,46.58300018310547,772075000,NVDA,35082000000.0,,0.78,,,,,,,,,,15.0,0.5,10.0,55.0396214582977,14.573398003211388,13.34000015258789,-0.0006228285007950918,-0.0014751461380761999,-0.011048989864838266,2.3851171212865308,40.0,1255.3885201999935,90.3957149878474,58.04910060159562,58.04910060159562,False,19.542735901726132,19.198711991707718,17.46685737501147,20.930566608403964,0.7807764064044151,14.542735901726132,4.999999999999999,58.245657944202875,0.44114190914003737,0.25222955153301774,0.3066285393269449,-0.28350000381469725,-0.1306046034157612,18.443804249614445,False,False,20.403975556296515,20.364889298606027,0.42085889917110386,3.787933511293966,9.337855558011912,2.3760932748945893,0.2639961860519558,0.107090968990412,0.8897132259794844,0.5543666467470061,0.03908625769048797,0.25,0.25,False,0.25,15.33899974822998,2022-12-22,45.97700119018555,,0.0,0,0.0,-0.011048989864838266,-0.0027622474662095664,0.0,0.0,-0.0027622474662095664,3.676485920426416,-0.016805549155645395
2023-07-17,46.42722702026367,46.46099853515625,46.49599838256836,45.262001037597656,46.28900146484375,510488000,NVDA,35082000000.0,,0.78,,,,,,,,,,15.0,0.5,10.0,55.0396214582977,14.891345684344952,13.479999542236328,0.003472216797614669,0.012784816920114128,0.021816990180567375,2.382065907262386,40.0,1258.120591082043,91.49353892703,57.03790919580217,57.03790919580217,False,20.492987898667366,19.7039820374736,17.972127420777355,21.435836654169847,0.7807764064044153,15.492987898667366,4.999999999999999,58.21250144030671,0.44114190914003737,0.25222955153301774,0.3066285393269449,-0.28350000381469725,-0.1306046034157612,18.443804249614445,False,False,21.522265228340448,21.490829974889238,0.42085889917110386,3.787933511293966,9.713142397015995,2.3760932748945893,0.2639961860519558,0.10295329349925038,0.9502519969412333,0.06053877096174887,0.031435253451209635,0.25,0.25,False,0.25,15.33899974822998,2022-12-22,46.46099853515625,,0.0,0,0.0,0.021816990180567375,0.005454247545141844,0.0,0.0,0.005454247545141844,3.69653838473265,-0.011442963235730555
2023-07-18,47.459468841552734,47.49399948120117,47.895999908447266,45.73400115966797,46.70100021362305,569164000,NVDA,35082000000.0,,0.78,,,,,,,,,,15.0,0.5,10.0,55.0396214582977,15.22243573115422,13.300000190734863,0.007430587638025177,0.011332972124203256,0.02223372244708144,2.3562455559907134,40.0,1246.7797086154562,91.46075141624772,53.08974934500067,53.08974934500067,False,20.208323857503053,19.90087113439463,18.169016517698385,21.632725751090877,0.7807764064044151,15.208323857503053,4.999999999999999,56.99361297308566,0.44114190914003737,0.25222955153301774,0.3066285393269449,-0.28350000381469725,-0.1306046034157612,18.443804249614445,False,False,21.362285304186134,21.335247836580677,0.42085889917110386,3.787933511293966,10.29945707275379,2.3760932748945893,0.2639961860519558,0.09709249652055955,-0.2846640411643122,-1.2349160381055455,0.027037467605455844,0.25,0.25,False,0.25,15.33899974822998,2022-12-22,47.49399948120117,,0.0,0,0.0,0.02223372244708144,0.00555843061177036,0.0,0.0,0.00555843061177036,3.717085336847932,-0.005948137541099043
2023-07-19,47.04277038574219,47.07699966430664,47.81800079345703,46.742000579833984,47.4640007019043,427502000,NVDA,35082000000.0,,0.78,,,,,,,,,,15.0,0.5,10.0,55.0396214582977,15.088781943688025,13.760000228881836,0.002223760453105239,-0.002496377243732417,-0.008780052668750038,2.3646871991675433,40.0,1230.9829086320212,90.15245052988064,51.0630911462119,51.0630911462119,False,20.276819821312905,20.047637066776886,18.31578245008064,21.779491683473132,0.7807764064044153,15.276819821312905,4.999999999999999,56.042189584037466,0.44114190914003737,0.25222955153301774,0.3066285393269449,-0.28350000381469725,-0.1306046034157612,18.443804249614445,False,False,21.014774321382973,20.984984210846598,0.42085889917110386,3.787933511293966,10.883558615807221,2.3760932748945893,0.2639961860519558,0.09188171215870565,0.0684959638098519,0.3531600049741641,0.029790110536373506,0.25,0.25,False,0.25,15.33899974822998,2022-12-22,47.49399948120117,,0.0,0,0.0,-0.008780052668750038,-0.0021950131671875095,0.0,0.0,-0.0021950131671875095,3.708926285589991,-0.008130094468063651
2023-07-20,45.486907958984375,45.52000045776367,47.08700180053711,45.0620002746582,46.50699996948242,537865000,NVDA,35082000000.0,,0.78,,,,,,,,,,15.0,0.5,10.0,55.0396214582977,14.589743736462715,13.989999771118164,-0.006634489126235876,-0.019965499063647862,-0.03307345875152434,2.33722829386781,40.0,1287.0984434621596,91.71760369989568,52.15673268457163,52.15673268457163,False,22.058153974797115,20.83251915000656,19.100664533310315,22.564373766702808,0.7807764064044151,17.058153974797115,4.999999999999999,56.772309173645354,0.44114190914003737,0.25222955153301774,0.3066285393269449,-0.28350000381469725,-0.1306046034157612,18.443804249614445,False,False,22.872623761229434,22.851717776627357,0.42085889917110386,3.787933511293966,11.216251125367286,2.3760932748945893,0.2639961860519558,0.08915634901739543,1.7813341534842095,1.518727130426143,0.020905984602077866,0.25,0.25,False,0.25,15.33899974822998,2022-12-22,47.49399948120117,,0.0,0,0.0,-0.03307345875152434,-0.008268364687881086,0.0,0.0,-0.008268364687881086,3.678259530460265,-0.01633123656993578
2023-07-21,44.27678298950195,44.308998107910156,45.86600112915039,44.099998474121094,45.78799819946289,963769000,NVDA,35082000000.0,,0.78,,,,,,,,,,15.0,0.5,10.0,55.0396214582977,14.201601957663511,13.600000381469727,0.0,-0.0005107044448258158,-0.026603742040318346,2.4061062981816295,40.0,1363.4057551923493,94.004500230745,54.195054785456705,54.195054785456705,False,24.743381990140236,22.35927386713663,20.627419250440383,24.091128483832875,0.7807764064044153,19.743381990140236,4.999999999999999,57.97413978849612,0.44114190914003737,0.25222955153301774,0.3066285393269449,-0.28350000381469725,-0.1306046034157612,18.443804249614445,False,False,25.486719797365254,25.442370465625494,0.42085889917110386,3.787933511293966,11.349667351306152,2.3760932748945893,0.2639961860519558,0.08810830917303643,2.685228015343121,0.9038938618589114,0.04434933173976049,0.25,0.25,False,0.25,15.33899974822998,2022-12-22,47.49399948120117,,0.0,0,0.0,-0.026603742040318346,-0.006650935510079586,0.0,0.0,-0.006650935510079586,3.6537956635338387,-0.022873554078788792
2023-07-24,44.57956314086914,44.61199951171875,45.10900115966797,44.040000915527344,44.73099899291992,382516000,NVDA,35082000000.0,,0.78,,,,,,,,,,15.0,0.5,10.0,55.0396214582977,14.298717792217548,13.90999984741211,0.004467290822171233,0.0017600496792129494,0.00683837181492275,2.4200921080747966,40.0,1331.815149154713,95.0,56.886748712764486,56.886748712764486,False,27.612797631553953,24.410187570007608,22.67833295331136,26.142042186703854,0.7807764064044151,22.612797631553953,4.999999999999999,59.05058442609212,0.44114190914003737,0.25222955153301774,0.3066285393269449,-0.28350000381469725,-0.1306046034157612,18.443804249614445,False,False,27.37333923895066,27.36849613727372,0.42085889917110386,3.787933511293966,11.26436961788988,2.3760932748945893,0.2639961860519558,0.0887754960039501,2.869415641413717,0.1841876260705959,0.004843101676939909,0.25,0.25,False,0.25,15.33899974822998,2022-12-22,47.49399948120117,,0.0,0,0.0,0.00683837181492275,0.0017095929537306875,0.0,0.0,0.0017095929537306875,3.660042166854588,-0.021203065591937898
2023-07-25,45.64579391479492,45.67900085449219,46.18299865722656,44.92300033569336,44.941001892089844,348081000,NVDA,35082000000.0,,0.78,,,,,,,,,,15.0,0.5,10.0,55.0396214582977,14.64070540208083,13.859999656677246,0.00273005328280318,0.01144867515591752,0.023917362020349664,2.515270372157155,40.0,1318.4038830255786,95.0,59.04856618564927,59.04856618564927,False,29.86871223409759,26.541131205756628,24.80927658906038,28.272985822452874,0.7807764064044153,24.86871223409759,4.999999999999999,59.71345936009425,0.44114190914003737,0.25222955153301774,0.3066285393269449,-0.28350000381469725,-0.1306046034157612,18.443804249614445,False,False,28.340747923567193,28.439541206615637,0.42085889917110386,3.787933511293966,10.916013208521537,2.3760932748945893,0.2639961860519558,0.09160853700867222,2.255914602543637,-0.6135010388700799,-0.09879328304844365,0.25,0.25,False,0.25,15.33899974822998,2022-12-22,47.49399948120117,,0.0,0,0.0,0.023917362020349664,0.005979340505087416,0.0,0.0,0.005979340505087416,3.6819268052331897,-0.015350505435776382
2023-07-26,45.41895294189453,45.45199966430664,46.053001403808594,44.630001068115234,46.020999908447266,364237000,NVDA,35082000000.0,,0.78,,,,,,,,,,15.0,0.5,10.0,55.0396214582977,14.567948610354692,13.1899995803833,0.00015371360408278356,-0.01344844259207878,-0.004969486765015851,2.4700153585909814,40.0,1299.5826138431078,94.49446104921863,63.499991965628,63.499991965628,False,33.761453220637954,29.359859743687494,27.628005126991248,31.09171436038374,0.7807764064044151,28.761453220637954,4.999999999999999,60.95088168209337,0.44114190914003737,0.25222955153301774,0.3066285393269449,-0.28350000381469725,-0.1306046034157612,18.443804249614445,False,False,29.85409402540147,29.825841225003536,0.42085889917110386,3.787933511293966,10.389842568582866,2.3760932748945893,0.2639961860519558,0.09624784912755383,3.892740986540364,1.518727130426143,0.02825280039793313,0.25,0.25,False,0.25,15.33899974822998,2022-12-22,47.49399948120117,,0.0,0,0.0,-0.004969486765015851,-0.0012423716912539629,0.0,0.0,-0.0012423716912539629,3.6773524836010987,-0.016573806093630544
2023-07-27,45.86663818359375,45.900001525878906,47.39500045776367,45.75,46.51900100708008,455976000,NVDA,35082000000.0,,0.78,,,,,,,,,,15.0,0.5,10.0,55.0396214582977,14.711538950602213,14.40999984741211,-0.006629974021435614,-0.0028967085874587184,0.00985659299659103,2.4694485834441022,40.0,1295.4084956627116,93.52010154145565,69.69795501614561,69.69795501614561,False,39.462323830247676,33.303742546354556,31.57188792965831,35.0355971630508,0.7807764064044153,34.462323830247676,4.999999999999999,62.605591777400974,0.44114190914003737,0.25222955153301774,0.3066285393269449,-0.28350000381469725,-0.1306046034157612,18.443804249614445,False,False,31.705917910590784,31.584419740156694,0.42085889917110386,3.787933511293966,9.77336676906444,2.3760932748945893,0.2639961860519558,0.10231888597134123,5.700870609609723,1.518727130426143,0.12149817043409143,0.25,0.25,False,0.25,15.33899974822998,2022-12-22,47.49399948120117,,0.0,0,0.0,0.00985659299659103,0.0024641482491477573,0.0,0.0,0.0024641482491477573,3.686414025285064,-0.014150498159750011
2023-07-28,46.71601104736328,46.75,47.027000427246094,46.38100051879883,46.667999267578125,331194000,NVDA,35082000000.0,,0.78,,,,,,,,,,15.0,0.5,10.0,55.0396214582977,14.983974358974358,13.329999923706055,0.009790323076682261,0.013614351171180594,0.018518484659349133,2.44140336422736,40.0,1296.2300029814803,92.60998754975303,73.26848497462674,73.26848497462674,False,43.0366178328286,37.10334224143233,35.37148762473608,38.835196858128576,0.7807764064044151,38.0366178328286,4.999999999999999,63.47086051922207,0.44114190914003737,0.25222955153301774,0.3066285393269449,-0.28350000381469725,-0.1306046034157612,18.443804249614445,False,False,32.83740133418196,32.76508982523325,0.42085889917110386,3.787933511293966,9.198338632709627,2.3760932748945893,0.2639961860519558,0.10871528434971546,3.5742940025809204,-1.518727130426143,0.07231150894871291,0.25,0.25,False,0.25,15.33899974822998,2022-12-22,47.49399948120117,,0.0,0,0.0,0.018518484659349133,0.004629621164837283,0.0,0.0,0.004629621164837283,3.703480725678877,-0.009586388440686034
2023-07-31,46.695030212402344,46.729000091552734,47.130001068115234,46.50600051879883,46.75400161743164,251055000,NVDA,35082000000.0,,0.78,,,,,,,,,,15.0,0.5,10.0,55.0396214582977,14.977243619087414,13.630000114440918,0.0019040424836307412,0.002304168014409136,-0.00044919590261527365,2.4485918752320437,40.0,1281.5857478733615,90.61823625959688,76.20402646971569,76.20402646971569,False,45.05058883261109,40.205853558567476,38.47399894187123,41.93770817526372,0.7807764064044153,40.05058883261109,4.999999999999999,63.86860278531343,0.44114190914003737,0.25222955153301774,0.3066285393269449,-0.28350000381469725,-0.1306046034157612,18.443804249614445,False,False,32.75529600402922,32.740560993943575,0.42085889917110386,3.787933511293966,8.933204136824473,2.3760932748945893,0.2639961860519558,0.1119419174445816,2.0139709997824937,-1.518727130426143,0.014735010085647673,0.5,0.25,True,0.5,15.33899974822998,2022-12-22,47.49399948120117,,0.0,0,0.0,-0.00044919590261527365,-0.00011229897565381841,0.25,0.000125,-0.00023729897565381841,3.7026018934963196,-0.009821412576182654
2023-08-01,46.47319412231445,46.50699996948242,46.900001525878906,46.027000427246094,46.459999084472656,237858000,NVDA,35082000000.0,,0.78,,,,,,,,,,15.0,0.5,10.0,55.0396214582977,14.906089733808468,13.930000305175781,-0.002861568697747563,0.0016820172845670722,-0.00475079975251691,2.452255772399579,40.0,1266.2348915619527,87.31683467416353,79.90216875749104,79.90216875749104,False,46.744412700351056,42.758429913459736,41.02657529676349,44.49028453015598,0.7807764064044151,41.744412700351056,4.999999999999999,64.16984771191295,0.44114190914003737,0.25222955153301774,0.3066285393269449,-0.28350000381469725,-0.1306046034157612,18.443804249614445,False,False,31.515109179910887,31.564189263020495,0.42085889917110386,3.787933511293966,9.168418226409742,2.3760932748945893,0.2639961860519558,0.10907006806468401,1.6938238677399653,-0.3201471320425284,-0.04908008310960639,0.5,0.5,False,0.5,15.33899974822998,2022-12-22,47.49399948120117,,0.0,0,0.0,-0.00475079975251691,-0.002375399876258455,0.0,0.0,-0.002375399876258455,3.693806733416674,-0.012173482670223007
2023-08-02,44.236820220947266,44.26900100708008,45.84000015258789,43.387001037597656,45.83100128173828,530142000,NVDA,35082000000.0,,0.78,,,,,,,,,,15.0,0.5,10.0,55.0396214582977,14.188782374064127,16.09000015258789,-0.013910808689727716,-0.024741104505754397,-0.04812176583892536,2.477983994800815,40.0,1388.636478065754,90.9464258378548,88.65339211140126,88.65339211140126,False,61.73926372495258,50.16832352040814,48.43646890371189,51.90017813710438,0.7807764064044153,56.73926372495258,4.999999999999999,67.76871269771233,0.44114190914003737,0.25222955153301774,0.3066285393269449,-0.28350000381469725,-0.1306046034157612,18.443804249614445,False,False,37.31756088693339,37.1960627164993,0.42085889917110386,3.787933511293966,10.404410682934165,2.3760932748945893,0.2639961860519558,0.09611308419805555,14.994851024601523,1.518727130426143,0.12149817043409143,0.5,0.5,False,0.5,15.33899974822998,2022-12-22,47.49399948120117,,0.0,0,0.0,-0.04812176583892536,-0.02406088291946268,0.0,0.0,-0.02406088291946268,3.6049304820768127,-0.035941460848435296
2023-08-03,44.482635498046875,44.51499938964844,45.11800003051758,43.79999923706055,43.79999923706055,324176000,NVDA,35082000000.0,,0.78,,,,,,,,,,15.0,0.5,10.0,55.0396214582977,14.267628009502705,15.920000076293945,-0.0028658577098359395,-0.00407502423514039,0.00555689934202519,2.472652591958316,40.0,1360.685485155829,92.72941236131798,97.7176675068616,97.7176675068616,False,73.7841019078756,59.387644812313084,57.65579019561684,61.11949942900933,0.7807764064044151,68.7841019078756,4.999999999999999,70.99780011348204,0.44114190914003737,0.25222955153301774,0.3066285393269449,-0.28350000381469725,-0.1306046034157612,18.443804249614445,False,False,40.379399063643895,40.2579008932098,0.42085889917110386,3.787933511293966,12.562332954424008,2.3760932748945893,0.2639961860519558,0.07960304854424635,12.044838182923016,-1.518727130426143,0.12149817043409143,0.5,0.5,False,0.5,15.33899974822998,2022-12-22,47.49399948120117,,0.0,0,0.0,0.00555689934202519,0.002778449671012595,0.0,0.0,0.002778449671012595,3.6149465999887624,-0.0332628727174927
2023-08-04,44.64751434326172,44.68000030517578,45.641998291015625,44.393001556396484,44.98500061035156,362666000,NVDA,35082000000.0,,0.78,,,,,,,,,,15.0,0.5,10.0,55.0396214582977,14.320512918325571,17.100000381469727,-0.004522767123829707,-0.013600740849717186,0.0037066363650386513,2.4002164782705115,40.0,1339.3069431806553,93.00210366348983,100.0,100.0,False,76.24625248073431,65.969046368479,64.23719175178275,67.70090098517525,0.7807764064044153,71.24625248073431,4.999999999999999,71.76640919696526,0.44114190914003737,0.25222955153301774,0.3066285393269449,-0.28350000381469725,-0.1306046034157612,18.443804249614445,False,False,39.887898928372394,40.00939709880649,0.42085889917110386,3.787933511293966,14.593775439947388,2.3760932748945893,0.2639961860519558,0.06852236449128239,2.462150572858718,-1.518727130426143,-0.12149817043409143,0.5,0.5,False,0.5,15.33899974822998,2022-12-22,47.49399948120117,,0.0,0,0.0,0.0037066363650386513,0.0018533181825193257,0.0,0.0,0.0018533181825193257,3.621646246251358,-0.031471201221783505
2023-08-07,45.38398742675781,45.41699981689453,45.540000915527344,44.5629997253418,45.111000061035156,322154000,NVDA,35082000000.0,,0.78,,,,,,,,,,15.0,0.5,10.0,55.0396214582977,14.556730710543118,15.770000457763672,0.008728528720920004,0.0028043685280974007,0.0164950650556146,2.4271433247175542,40.0,1346.446649085322,93.35374503459514,100.0,100.0,False,76.56523319493222,70.10567270445297,68.37381808775673,71.83752732114921,0.7807764064044151,71.56523319493222,4.999999999999999,71.8551035422996,0.44114190914003737,0.25222955153301774,0.3066285393269449,-0.28350000381469725,-0.1306046034157612,18.443804249614445,False,False,39.704819260602605,39.8263174310367,0.42085889917110386,3.787933511293966,16.272473741439097,2.3760932748945893,0.2639961860519558,0.061453471419863084,0.31898071419790597,-1.518727130426143,-0.12149817043409143,0.5,0.5,False,0.5,15.33899974822998,2022-12-22,47.49399948120117,,0.0,0,0.0,0.0164950650556146,0.0082475325278073,0.0,0.0,0.0082475325278073,3.6515158914715276,-0.023483228449741995
2023-08-08,44.63153076171875,44.66400146484375,45.242000579833984,44.055999755859375,44.85300064086914,353843000,NVDA,35082000000.0,,0.78,,,,,,,,,,15.0,0.5,10.0,55.0396214582977,14.315385084885817,15.989999771118164,-0.004348675405997704,-0.007690468830829467,-0.01657965860991717,2.426066972081901,40.0,1328.0462168295387,92.36368704755326,100.0,100.0,False,75.90382370402196,72.3692024550698,70.63734783837356,74.10105707176604,0.7807764064044153,70.90382370402196,4.999999999999999,71.60538166023633,0.44114190914003737,0.25222955153301774,0.3066285393269449,-0.28350000381469725,-0.1306046034157612,18.443804249614445,False,False,38.576542655348845,38.602154425912246,0.42085889917110386,3.787933511293966,17.6632475632957,2.3760932748945893,0.2639961860519558,0.05661473046881844,-0.661409490910259,-0.980390205108165,-0.025611770563402275,0.5,0.5,False,0.5,15.33899974822998,2022-12-22,47.49399948120117,,0.0,0,0.0,-0.01657965860991717,-0.008289829304958585,0.0,0.0,-0.008289829304958585,3.621245448026885,-0.03157838579932285
2023-08-09,42.523067474365234,42.55400085449219,44.3120002746582,42.13399887084961,44.27399826049805,586449000,NVDA,35082000000.0,,0.78,,,,,,,,,,15.0,0.5,10.0,55.0396214582977,13.639102837978264,15.960000038146973,-0.006685236768802283,-0.012916933492395533,-0.04724163848177376,2.456788078193576,40.0,1378.6747984312738,93.92048755611256,100.0,100.0,False,77.10873756834205,74.21946105195393,72.48760643525769,75.95131566865017,0.7807764064044151,72.10873756834205,4.999999999999999,71.99805275433663,0.44114190914003737,0.25222955153301774,0.3066285393269449,-0.28350000381469725,-0.1306046034157612,18.443804249614445,False,False,40.44677723439009,40.325279063955996,0.42085889917110386,3.787933511293966,18.775756450606277,2.3760932748945893,0.2639961860519558,0.053260171041881486,1.2049138643200905,1.518727130426143,0.12149817043409143,0.5,0.5,False,0.5,15.33899974822998,2022-12-22,47.49399948120117,,0.0,0,0.0,-0.04724163848177376,-0.02362081924088688,0.0,0.0,-0.02362081924088688,3.5357086638721573,-0.05445329769732499
2023-08-10,42.3571891784668,42.38800048828125,43.57400131225586,41.834999084472656,42.15999984741211,492705000,NVDA,35082000000.0,,0.78,,,,,,,,,,15.0,0.5,10.0,55.0396214582977,13.585897592397837,15.850000381469727,0.0003589538129207259,0.00011898806234800219,-0.0039009344098702714,2.4594673171455073,40.0,1372.4940142098521,94.78623596110015,100.0,100.0,False,77.74295939912466,75.59499324069186,73.86313862399561,77.32684785738812,0.7807764064044153,72.74295939912466,4.999999999999999,72.21642008626708,0.44114190914003737,0.25222955153301774,0.3066285393269449,-0.28350000381469725,-0.1306046034157612,18.443804249614445,False,False,41.476620803743494,41.59811897417759,0.42085889917110386,3.787933511293966,19.482800986754558,2.3760932748945893,0.2639961860519558,0.05132732201493271,0.6342218307826073,-0.5706920335374832,-0.12149817043409143,0.5,0.5,False,0.5,15.33899974822998,2022-12-22,47.49399948120117,,0.0,0,0.0,-0.0039009344098702714,-0.0019504672049351357,0.0,0.0,-0.0019504672049351357,3.5288123800770697,-0.05629755553090092
2023-08-11,40.82529830932617,40.85499954223633,42.018001556396484,40.638999938964844,41.750999450683594,533085000,NVDA,35082000000.0,,0.78,,,,,,,,,,15.0,0.5,10.0,55.0396214582977,13.094551135332155,14.84000015258789,-0.0005830991982453959,-0.007374839405645983,-0.03616591791039403,2.4820692011327044,40.0,1437.12093218888,95.0,100.0,100.0,False,77.89524466308912,76.49298426039485,74.76112964369861,78.22483887709109,0.7807764064044151,72.89524466308912,4.999999999999999,72.27033769393267,0.44114190914003737,0.25222955153301774,0.3066285393269449,-0.28350000381469725,-0.1306046034157612,18.443804249614445,False,False,42.2087305236427,42.330228694076794,0.42085889917110386,3.787933511293966,19.870185001135436,2.3760932748945893,0.2639961860519558,0.05032665775093978,0.1522852639644583,-0.481936566818149,-0.12149817043409143,0.5,0.5,False,0.5,15.33899974822998,2022-12-22,47.49399948120117,,0.0,0,0.0,-0.03616591791039403,-0.018082958955197015,0.0,0.0,-0.018082958955197015,3.465001010647545,-0.0733624881001547
2023-08-14,43.721187591552734,43.75299835205078,43.79999923706055,40.31100082397461,40.486000061035156,690286000,NVDA,35082000000.0,,0.78,,,,,,,,,,15.0,0.5,10.0,55.0396214582977,14.023396907708584,14.819999694824219,0.005520007828496709,0.01593770976264497,0.07093376189659417,2.534661939304978,40.0,1531.5684120253718,95.0,100.0,100.0,False,77.89524466308912,77.04041017942427,75.30855556272803,78.77226479612051,0.7807764064044153,72.89524466308912,4.999999999999999,72.27033769393267,0.44114190914003737,0.25222955153301774,0.3066285393269449,-0.28350000381469725,-0.1306046034157612,18.443804249614445,False,False,42.85635061641862,42.97784878685271,0.42085889917110386,3.787933511293966,19.96371354231935,2.3760932748945893,0.2639961860519558,0.05009088103173723,0.0,-0.1522852639644583,-0.12149817043409143,0.5,0.5,False,0.5,15.33899974822998,2022-12-22,47.49399948120117,,0.0,0,0.0,0.07093376189659417,0.035466880948297086,0.0,0.0,0.035466880948297086,3.5878937889779103,-0.04049754578337673
2023-08-15,43.908058166503906,43.939998626708984,45.268001556396484,43.709999084472656,44.560001373291016,676512000,NVDA,35082000000.0,,0.78,,,,,,,,,,15.0,0.5,10.0,55.0396214582977,14.083332893175957,16.459999084472656,-0.011648860489082202,-0.009849010338468633,0.004273999078955315,2.511029678591411,40.0,1523.5302727699234,95.0,100.0,100.0,False,77.89524466308912,77.37412747753747,75.64227286084123,79.10598209423371,0.7807764064044151,72.89524466308912,4.999999999999999,72.27033769393267,0.44114190914003737,0.25222955153301774,0.3066285393269449,-0.28350000381469725,-0.1306046034157612,18.443804249614445,False,False,43.84524502301339,43.92367623942204,0.42085889917110386,3.787933511293966,19.53907441207933,2.3760932748945893,0.2639961860519558,0.051179496986908754,0.0,0.0,-0.0784312164086532,0.5,0.5,False,0.5,15.33899974822998,2022-12-22,47.49399948120117,,0.0,0,0.0,0.004273999078955315,0.0021369995394776575,0.0,0.0,0.0021369995394776575,3.5955611163526506,-0.03844708948058819
2023-08-16,43.45438766479492,43.486000061035156,44.67499923706055,43.40599822998047,44.52000045776367,527451000,NVDA,35082000000.0,,0.78,,,,,,,,,,15.0,0.5,10.0,55.0396214582977,13.937820532383062,16.780000686645508,-0.007338164990194795,-0.009530085826030876,-0.01033223895910329,2.495449487701131,40.0,1484.786584634646,95.0,100.0,100.0,False,77.89524466308907,77.57756547926276,75.8457108625665,79.30942009595901,0.7807764064044153,72.89524466308907,4.999999999999999,72.27033769393267,0.44114190914003737,0.25222955153301774,0.3066285393269449,-0.28350000381469725,-0.1306046034157612,18.443804249614445,False,False,45.35657602491118,45.23507785447708,0.42085889917110386,3.787933511293966,18.620232407687112,2.3760932748945893,0.2639961860519558,0.05370502247797742,-4.263256414560601e-14,-4.263256414560601e-14,0.12149817043409143,0.5,0.5,False,0.5,15.33899974822998,2022-12-22,47.49399948120117,,0.0,0,0.0,-0.01033223895910329,-0.005166119479551645,0.0,0.0,-0.005166119479551645,3.576986018029543,-0.04341458670224204
2023-08-17,43.31248474121094,43.34400177001953,44.0620002746582,43.000999450683594,43.970001220703125,452395000,NVDA,35082000000.0,,0.78,,,,,,,,,,15.0,0.5,10.0,55.0396214582977,13.892308259621645,17.889999389648438,-0.007619884432481627,-0.00950139296443997,-0.0032653794512330636,2.476596298944741,40.0,1470.148131179043,95.0,100.0,100.0,False,77.83643070965948,77.67862341142886,75.94676879473262,79.4104780281251,0.7807764064044151,72.83643070965948,4.999999999999999,72.27033769393267,0.44114190914003737,0.25222955153301774,0.3066285393269449,-0.28350000381469725,-0.1306046034157612,18.443804249614445,False,False,46.84956584669488,46.89522120937788,0.42085889917110386,3.787933511293966,17.40698623889988,2.3760932748945893,0.2639961860519558,0.057448198457540685,-0.05881395342959195,-0.058813953429549315,-0.045655362682998656,0.5,0.5,False,0.5,15.33899974822998,2022-12-22,47.49399948120117,,0.0,0,0.0,-0.0032653794512330636,-0.0016326897256165318,0.0,0.0,-0.0016326897256165318,3.5711459097092324,-0.044976393878207864
2023-08-18,43.267520904541016,43.29899978637695,43.577999114990234,41.65999984741211,42.6349983215332,583768000,NVDA,35082000000.0,,0.78,,,,,,,,,,15.0,0.5,10.0,55.0396214582977,13.87788454691569,17.299999237060547,0.00048131162979969666,0.0015178191355083026,-0.0010382517027697213,2.5083463631402845,40.0,1455.2039163892864,95.0,100.0,100.0,False,77.74010371974421,77.70262459852441,75.97076998182817,79.43447921522065,0.7807764064044153,72.74010371974421,4.999999999999999,72.27033769393267,0.44114190914003737,0.25222955153301774,0.3066285393269449,-0.28350000381469725,-0.1306046034157612,18.443804249614445,False,False,48.98064194287991,49.019196868225364,0.42085889917110386,3.787933511293966,15.961866262888655,2.3760932748945893,0.2639961860519558,0.06264931578364369,-0.09632698991526922,-0.037513036485677276,-0.03855492534545192,0.5,0.5,False,0.5,15.33899974822998,2022-12-22,47.49399948120117,,0.0,0,0.0,-0.0010382517027697213,-0.0005191258513848607,0.0,0.0,-0.0005191258513848607,3.569292035548435,-0.04547217132082843
2023-08-21,46.93285369873047,46.96699905395508,47.064998626708984,44.22200012207031,44.49399948120117,692573000,NVDA,35082000000.0,,0.78,,,,,,,,,,15.0,0.5,10.0,55.0396214582977,15.053525337806114,17.1299991607666,0.0065062917248353,0.019095500535158294,0.08471325632635462,2.5876284651420196,40.0,1604.3948537287665,95.0,100.0,100.0,False,77.64591460741156,77.68048568699025,75.94863107029401,79.41234030368649,0.7807764064044151,72.64591460741156,4.999999999999999,72.27033769393267,0.44114190914003737,0.25222955153301774,0.3066285393269449,-0.28350000381469725,-0.1306046034157612,18.443804249614445,False,False,51.816958165393416,51.82914098651057,0.42085889917110386,3.787933511293966,14.332214959330198,2.3760932748945893,0.2639961860519558,0.06977288596617127,-0.09418911233265703,0.002137877582612191,-0.012182821117156665,0.5,0.5,False,0.5,15.33899974822998,2022-12-22,47.49399948120117,,0.0,0,0.0,0.08471325632635462,0.04235662816317731,0.0,0.0,0.04235662816317731,3.7204752111039507,-0.005041591010059693
2023-08-22,45.63479995727539,45.667999267578125,48.1870002746582,45.33300018310547,48.1349983215332,755293000,NVDA,35082000000.0,,0.78,,,,,,,,,,15.0,0.5,10.0,55.0396214582977,14.637179252428886,16.969999313354492,-0.002708613946659777,-0.0011302268795218007,-0.027657713129269346,1.8457600086280601,40.0,1555.284325207692,95.0,100.0,100.0,False,77.54479923925814,77.62751529846122,75.89566068176498,79.35936991515746,0.7807764064044153,72.54479923925814,4.999999999999999,72.27033769393267,0.44114190914003737,0.25222955153301774,0.3066285393269449,-0.28350000381469725,-0.1306046034157612,18.443804249614445,False,False,55.882078118126294,55.882078118126294,0.42085889917110386,3.787933511293966,12.414472991564127,2.3760932748945893,0.2639961860519558,0.08055114386889554,-0.10111536815341537,-0.0069262558207583425,0.0,0.5,0.5,False,0.5,15.33899974822998,2022-12-22,47.49399948120117,,0.0,0,0.0,-0.027657713129269346,-0.013828856564634673,0.0,0.0,-0.013828856564634673,3.6690252930573153,-0.018800728135758702
2023-08-23,47.081756591796875,47.11600112915039,47.20000076293945,45.20800018310547,45.86600112915039,779046000,NVDA,35082000000.0,,0.78,,,,,,,,,,15.0,0.5,10.0,55.0396214582977,15.101282413189228,15.979999542236328,0.011137749516813678,0.018044299739977232,0.031707144713919444,1.9586405011913015,40.0,1593.9473367687576,95.0,100.0,100.0,False,77.48437244209754,77.57163401596416,75.83977939926793,79.3034886326604,0.7807764064044151,72.48437244209754,4.999999999999999,72.27033769393267,0.44114190914003737,0.25222955153301774,0.3066285393269449,-0.28350000381469725,-0.1306046034157612,18.443804249614445,False,False,61.554716454327796,61.554716454327796,0.42085889917110386,3.787933511293966,10.464869054452663,2.3760932748945893,0.2639961860519558,0.09555781298328939,-0.060426797160602064,0.04068857099281331,-3.4106051316484808e-15,0.5,0.5,False,0.5,15.33899974822998,2022-12-22,47.49399948120117,,0.0,0,0.0,0.031707144713919444,0.015853572356959722,0.0,0.0,0.015853572356959722,3.727192451020315,-0.00324521448266272
2023-08-24,47.12871170043945,47.16299819946289,50.26599884033203,47.159000396728516,50.215999603271484,1156044000,NVDA,35082000000.0,,0.78,,,,,,,,,,15.0,0.5,10.0,55.0396214582977,15.116345576750925,17.200000762939453,-0.013859070825400499,-0.023047689451548448,0.0009974757871253903,1.8021300709302055,40.0,1576.9637595624765,95.0,100.0,100.0,False,77.38620568602401,77.49924498341605,75.76739036671981,79.23109960011229,0.7807764064044153,72.38620568602401,4.999999999999999,72.27033769393267,0.44114190914003737,0.25222955153301774,0.3066285393269449,-0.28350000381469725,-0.1306046034157612,18.443804249614445,False,False,68.34164450313524,68.34634961940961,0.42085889917110386,3.787933511293966,8.777245122060311,2.3760932748945893,0.2639961860519558,0.11393096422551166,-0.09816675607352465,-0.03773995891292259,-0.004705116274363945,0.5,0.5,False,0.5,15.33899974822998,2022-12-22,47.49399948120117,,0.0,0,0.0,0.0009974757871253903,0.0004987378935626952,0.0,0.0,0.0004987378935626952,3.729051343132239,-0.0027480951005353746
2023-08-25,45.98454284667969,46.018001556396484,47.80500030517578,45.02399826049805,47.012001037597656,925341000,NVDA,35082000000.0,,0.78,,,,,,,,,,15.0,0.5,10.0,55.0396214582977,14.749359473204,15.680000305175781,0.007049798505337934,0.010179104622158874,-0.02427743542138605,1.6850606979641178,40.0,1565.723562727982,95.0,100.0,100.0,False,77.16474668157724,77.368660792387,75.63680617569077,79.10051540908324,0.7807764064044151,72.16474668157724,4.999999999999999,72.27033769393267,0.44114190914003737,0.25222955153301774,0.3066285393269449,-0.28350000381469725,-0.1306046034157612,18.443804249614445,False,False,76.28843902970421,76.29144007262306,0.42085889917110386,3.787933511293966,7.028821936882576,2.3760932748945893,0.2639961860519558,0.1422713520103086,-0.22145900444677125,-0.1232922483732466,-0.003001042918854182,0.5,0.5,False,0.5,15.33899974822998,2022-12-22,47.49399948120117,,0.0,0,0.0,-0.02427743542138605,-0.012138717710693026,0.0,0.0,-0.012138717710693026,3.683785441549276,-0.014853454460560899
2023-08-28,46.80094909667969,46.834999084472656,46.97999954223633,44.88800048828125,46.481998443603516,685192000,NVDA,35082000000.0,,0.78,,,,,,,,,,15.0,0.5,10.0,55.0396214582977,15.011217655279697,15.079999923706055,0.006341360859106304,0.008179654846223183,0.017753868061282763,1.643484070430742,40.0,1542.9871026680241,95.0,100.0,100.0,False,76.89185429017908,77.18252115871492,75.45066654201867,78.91437577541117,0.7807764064044153,71.89185429017908,4.999999999999999,72.27033769393267,0.44114190914003737,0.25222955153301774,0.3066285393269449,-0.28350000381469725,-0.1306046034157612,18.443804249614445,False,False,84.3912896229896,84.39111859278299,0.42085889917110386,3.787933511293966,5.031493534829493,2.3760932748945893,0.2639961860519558,0.19874814368292495,-0.2728923913981589,-0.05143338695138766,0.00017103020660897528,0.5,0.5,False,0.5,15.33899974822998,2022-12-22,47.49399948120117,,0.0,0,0.0,0.017753868061282763,0.008876934030641381,0.0,0.0,0.008876934030641381,3.7164861618969462,-0.006108373565293033
2023-08-29,48.74853515625,48.784000396728516,49.08100128173828,46.39099884033203,46.66600036621094,701397000,NVDA,35082000000.0,,0.78,,,,,,,,,,15.0,0.5,10.0,55.0396214582977,15.63589756305401,14.449999809265137,0.014454769525983568,0.020048231733365895,0.0416142062635807,1.675531749308003,40.0,1539.942351929365,95.0,100.0,100.0,False,76.57036827031834,76.94354389252874,75.2116892758325,78.67539850922498,0.7807764064044151,71.57036827031834,4.999999999999999,72.27033769393267,0.44114190914003737,0.25222955153301774,0.3066285393269449,-0.28350000381469725,-0.1306046034157612,18.443804249614445,False,False,88.01918941873556,88.01974351920123,0.42085889917110386,3.787933511293966,3.192701630657041,2.3760932748945893,0.2639961860519558,0.3132143606523624,-0.32148601986074254,-0.04859362846258364,-0.0005541004656606674,0.5,0.5,False,0.5,15.33899974822998,2022-12-22,48.784000396728516,,0.0,0,0.0,0.0416142062635807,0.02080710313179035,0.0,0.0,0.02080710313179035,3.793815472755407,0.0
2023-08-30,49.228187561035156,49.263999938964844,49.926998138427734,48.42499923706055,49.04399871826172,735206000,NVDA,35082000000.0,,0.78,,,,,,,,,,15.0,0.5,10.0,55.0396214582977,15.78974357018104,13.880000114440918,0.004118813092065299,0.0075504182051513435,0.009839282107510838,1.6731952849176686,40.0,1536.278336663862,95.0,100.0,100.0,False,76.19942366587279,76.6530481342781,74.92119351758186,78.38490275097433,0.7807764064044153,71.19942366587279,4.999999999999999,72.27033769393267,0.44114190914003737,0.25222955153301774,0.3066285393269449,-0.28350000381469725,-0.1306046034157612,18.443804249614445,False,False,87.66544183591782,87.66218675023839,0.42085889917110386,3.787933511293966,3.192701630657041,2.3760932748945893,0.2639961860519558,0.3132143606523624,-0.37094460444555466,-0.049458584584812115,0.003255085679425065,0.5,0.5,False,0.5,15.33899974822998,2022-12-22,49.263999938964844,,0.0,0,0.0,0.009839282107510838,0.004919641053755419,0.0,0.0,0.004919641053755419,3.812479683105548,0.0
2023-08-31,49.31911849975586,49.35499954223633,49.74399948120117,48.95800018310547,49.380001068115234,528570000,NVDA,35082000000.0,,0.78,,,,,,,,,,15.0,0.5,10.0,55.0396214582977,15.81891010969113,13.569999694824219,-0.0014633902747576144,0.004862457041284074,0.0018471825954902155,1.6659877150300342,40.0,1521.8684915987274,95.0,100.0,100.0,False,75.77513084277236,76.31031958028701,74.57846496359078,78.04217419698325,0.7807764064044151,70.77513084277236,4.999999999999999,72.27033769393267,0.44114190914003737,0.25222955153301774,0.3066285393269449,-0.28350000381469725,-0.1306046034157612,18.443804249614445,False,False,87.04569687172753,87.04871606844057,0.42085889917110386,3.787933511293966,3.192701630657041,2.3760932748945893,0.2639961860519558,0.3132143606523624,-0.42429282310042993,-0.05334821865487527,-0.0030191967130338074,1.2,0.5,True,1.2,15.33899974822998,2022-12-22,49.35499954223633,,0.0,0,0.0,0.0018471825954902155,0.0009235912977451077,0.7,0.00035,0.0005735912977451077,3.8146664882746073,0.0
2023-09-01,48.47373580932617,48.50899887084961,49.79999923706055,48.141998291015625,49.762001037597656,463830000,NVDA,35082000000.0,,0.78,,,,,,,,,,15.0,0.5,10.0,55.0396214582977,15.547756048349234,13.09000015258789,0.0018652077861802674,0.003074082175083648,-0.017141134216053233,1.6410114179567528,40.0,1515.4274015546744,95.0,100.0,100.0,False,75.29598301719597,75.9143345519796,74.18247993528334,77.64618916867585,0.7807764064044153,70.29598301719597,4.999999999999999,72.27033769393267,0.44114190914003737,0.25222955153301774,0.3066285393269449,-0.28350000381469725,-0.1306046034157612,18.443804249614445,False,False,86.22236095903988,86.23222433890973,0.42085889917110386,3.787933511293966,3.192701630657041,2.3760932748945893,0.2639961860519558,0.3132143606523624,-0.4791478255763906,-0.054855002475960646,-0.009863379869859728,1.2,1.2,False,1.2,15.33899974822998,2022-12-22,49.35499954223633,,0.0,0,0.0,-0.017141134216053233,-0.02056936105926388,0.0,0.0,-0.02056936105926388,3.736201235956613,-0.020569361059263856
2023-09-05,48.5127067565918,48.54800033569336,48.85100173950195,47.86000061035156,48.222999572753906,382653000,NVDA,35082000000.0,,0.78,,,,,,,,,,15.0,0.5,10.0,55.0396214582977,15.560256517850435,14.010000228881836,-0.0043219313293283435,0.003575510180045871,0.0008040047362674052,1.6284837914167263,40.0,1499.0223033426246,95.0,100.0,100.0,False,74.79307348717867,75.47660745957137,73.74475284287513,77.20846207626761,0.7807764064044151,69.79307348717867,4.999999999999999,72.27033769393267,0.44114190914003737,0.25222955153301774,0.3066285393269449,-0.28350000381469725,-0.1306046034157612,18.443804249614445,False,False,85.30502306819803,85.30913773915414,0.42085889917110386,3.787933511293966,3.192701630657041,2.3760932748945893,0.2639961860519558,0.3132143606523624,-0.5029095300172912,-0.023761704440900644,-0.004114670956111013,1.2,1.2,False,1.2,15.33899974822998,2022-12-22,49.35499954223633,,0.0,0,0.0,0.0008040047362674052,0.0009648056835208862,0.0,0.0,0.0009648056835208862,3.739805944143842,-0.019624400812199256
2023-09-06,47.03066635131836,47.06100082397461,48.54899978637695,46.58000183105469,48.441001892089844,468670000,NVDA,35082000000.0,,0.78,,,,,,,,,,15.0,0.5,10.0,55.0396214582977,15.083654110248272,14.449999809265137,-0.006722440297659893,-0.010575100932103787,-0.030629469832673673,1.655464135696229,40.0,1539.8010673681574,95.0,100.0,100.0,False,74.30873079118615,75.02068218543869,73.28882756874245,76.75253680213493,0.7807764064044153,69.30873079118615,4.999999999999999,72.27033769393267,0.44114190914003737,0.25222955153301774,0.3066285393269449,-0.28350000381469725,-0.1306046034157612,18.443804249614445,False,False,84.34727809676482,84.35116558704183,0.42085889917110386,3.787933511293966,3.192701630657041,2.3760932748945893,0.2639961860519558,0.3132143606523624,-0.4843426959925239,0.01856683402476733,-0.003887490277006691,1.2,1.2,False,1.2,15.33899974822998,2022-12-22,49.35499954223633,,0.0,0,0.0,-0.030629469832673673,-0.03675536379920841,0.0,0.0,-0.03675536379920841,3.602348016128393,-0.05565846262021377
2023-09-07,46.21119689941406,46.24100112915039,46.34400177001953,45.152000427246094,45.525001525878906,433330000,NVDA,35082000000.0,,0.78,,,,,,,,,,15.0,0.5,10.0,55.0396214582977,14.820833695240509,14.399999618530273,-0.003070223462506516,-0.014460527783492605,-0.017424187341261943,1.7061294659698303,40.0,1551.7450467471945,95.0,100.0,100.0,False,73.821502341721,74.55253652093343,72.82068190423719,76.28439113762967,0.7807764064044151,68.821502341721,4.999999999999999,72.27033769393267,0.44114190914003737,0.25222955153301774,0.3066285393269449,-0.28350000381469725,-0.1306046034157612,18.443804249614445,False,False,83.37638974956921,83.380346436336,0.42085889917110386,3.787933511293966,3.192701630657041,2.3760932748945893,0.2639961860519558,0.3132143606523624,-0.48722844946514954,-0.0028857534726256517,-0.003956686766784969,1.2,1.2,False,1.2,15.33899974822998,2022-12-22,49.35499954223633,,0.0,0,0.0,-0.017424187341261943,-0.020909024809514332,0.0,0.0,-0.020909024809514332,3.52702643208666,-0.07540372325394253
2023-09-08,45.54261779785156,45.571998596191406,46.60599899291992,45.270999908447266,45.94200134277344,473069000,NVDA,35082000000.0,,0.78,,,,,,,,,,15.0,0.5,10.0,55.0396214582977,14.606409806471603,13.84000015258789,0.0015060872225780564,0.0020878073748369363,-0.014467734621282813,1.6789231174399848,40.0,1564.1615866534592,95.0,100.0,100.0,False,73.35038262524024,74.08322982162123,72.35137520492498,75.81508443831748,0.7807764064044153,68.35038262524024,4.999999999999999,72.27033769393267,0.44114190914003737,0.25222955153301774,0.3066285393269449,-0.28350000381469725,-0.1306046034157612,18.443804249614445,False,False,82.41539219713529,82.41966005462768,0.42085889917110386,3.787933511293966,3.192701630657041,2.3760932748945893,0.2639961860519558,0.3132143606523624,-0.47111971648075723,0.016108732984392304,-0.004267857492390022,1.2,1.2,False,1.2,15.33899974822998,2022-12-22,49.35499954223633,,0.0,0,0.0,-0.014467734621282813,-0.017361281545539373,0.0,0.0,-0.017361281545539373,3.465792733180644,-0.0914558995304883
2023-09-11,45.14887237548828,45.178001403808594,46.16299819946289,44.3120002746582,46.14799880981445,473966000,NVDA,35082000000.0,,0.78,,,,,,,,,,15.0,0.5,10.0,55.0396214582977,14.480128655066856,13.800000190734863,0.006576636886363119,0.005208687946315571,-0.008645598273491983,1.6221164844586216,40.0,1556.8874082835464,95.0,100.0,100.0,False,72.89103763909232,73.61781205761206,71.88595744091582,75.3496666743083,0.7807764064044151,67.89103763909232,4.999999999999999,72.27033769393267,0.44114190914003737,0.25222955153301774,0.3066285393269449,-0.28350000381469725,-0.1306046034157612,18.443804249614445,False,False,81.47345821272208,81.47784661292016,0.42085889917110386,3.787933511293966,3.192701630657041,2.3760932748945893,0.2639961860519558,0.3132143606523624,-0.45934498614792574,0.011774730332831496,-0.0043884001980768516,1.2,1.2,False,1.2,15.33899974822998,2022-12-22,49.35499954223633,,0.0,0,0.0,-0.008645598273491983,-0.010374717928190379,0.0,0.0,-0.010374717928190379,3.429836111176323,-0.10088178829818091
2023-09-12,44.8410758972168,44.869998931884766,45.67300033569336,44.53099822998047,44.737998962402344,349256000,NVDA,35082000000.0,,0.78,,,,,,,,,,15.0,0.5,10.0,55.0396214582977,14.38140991406563,14.229999542236328,-0.005485610225651083,-0.018135811566564297,-0.006817532036684226,1.6229160278741095,40.0,1545.980667275111,95.0,100.0,100.0,False,72.40898540556935,73.14590039293816,71.41404577624192,74.8777550096344,0.7807764064044153,67.40898540556935,4.999999999999999,72.27033769393267,0.44114190914003737,0.25222955153301774,0.3066285393269449,-0.28350000381469725,-0.1306046034157612,18.443804249614445,False,False,80.54943246918309,80.55133340553836,0.42085889917110386,3.787933511293966,3.192701630657041,2.3760932748945893,0.2639961860519558,0.3132143606523624,-0.482052233522964,-0.022707247375038264,-0.0019009363552720516,1.2,1.2,False,1.2,15.33899974822998,2022-12-22,49.35499954223633,,0.0,0,0.0,-0.006817532036684226,-0.008181038444021071,0.0,0.0,-0.008181038444021071,3.401776490094098,-0.10823750895383293
2023-09-13,45.45568084716797,45.48500061035156,45.93000030517578,44.50299835205078,44.599998474121094,398355000,NVDA,35082000000.0,,0.78,,,,,,,,,,15.0,0.5,10.0,55.0396214582977,14.578525836651142,13.479999542236328,0.001165989243338661,0.0025214492289140633,0.01370630026981745,1.6405114000362246,40.0,1533.3947041463148,95.0,100.0,100.0,False,71.89771405898054,72.65862317276289,70.92676855606665,74.39047778945913,0.7807764064044151,66.89771405898054,4.999999999999999,72.27033769393267,0.44114190914003737,0.25222955153301774,0.3066285393269449,-0.28350000381469725,-0.1306046034157612,18.443804249614445,False,False,79.64313011818507,79.64164477146309,0.42085889917110386,3.787933511293966,3.192701630657041,2.3760932748945893,0.2639961860519558,0.3132143606523624,-0.5112713465888135,-0.029219113065849456,0.0014853467219813866,1.2,1.2,False,1.2,15.33899974822998,2022-12-22,49.35499954223633,,0.0,0,0.0,0.01370630026981745,0.01644756032378094,0.0,0.0,0.01644756032378094,3.457727414122941,-0.09357019158786581
2023-09-14,45.55162048339844,45.58100128173828,45.98699951171875,45.13100051879883,45.95000076293945,370097000,NVDA,35082000000.0,,0.78,,,,,,,,,,15.0,0.5,10.0,55.0396214582977,14.609295282608423,12.819999694824219,0.008622372403159329,0.00725276647546691,0.002110600639738669,1.6788826116620494,40.0,1518.6996735386156,95.0,100.0,100.0,False,71.3703062614919,72.1556794486168,70.42382483192054,73.88753406531305,0.7807764064044153,66.3703062614919,4.999999999999999,72.27033769393267,0.44114190914003737,0.25222955153301774,0.3066285393269449,-0.28350000381469725,-0.1306046034157612,18.443804249614445,False,False,78.75330613981413,78.75353700009194,0.42085889917110386,3.787933511293966,3.192701630657041,2.3760932748945893,0.2639961860519558,0.3132143606523624,-0.5274077974886353,-0.016136450899821853,-0.00023086027781005214,1.2,1.2,False,1.2,15.33899974822998,2022-12-22,49.35499954223633,,0.0,0,0.0,0.002110600639738669,0.0025327207676864028,0.0,0.0,0.0025327207676864028,3.4664848721536887,-0.09127445798765041
2023-09-15,43.871700286865234,43.900001525878906,45.5989990234375,43.80799865722656,45.340999603271484,506831000,NVDA,35082000000.0,,0.78,,,,,,,,,,15.0,0.5,10.0,55.0396214582977,14.070513309576572,13.789999961853027,-0.015520895420845227,-0.019220792569171197,-0.036879395111771185,1.7073120249890157,40.0,1514.413380203694,95.0,100.0,100.0,False,70.82861871945983,71.63761059502099,69.90575597832475,73.36946521171723,0.7807764064044151,65.82861871945983,4.999999999999999,72.27033769393267,0.44114190914003737,0.25222955153301774,0.3066285393269449,-0.28350000381469725,-0.1306046034157612,18.443804249614445,False,False,77.88675766307632,77.88546896443758,0.42085889917110386,3.787933511293966,3.192701630657041,2.3760932748945893,0.2639961860519558,0.3132143606523624,-0.5416875420320793,-0.01427974454344394,0.0012886986387513845,1.2,1.2,False,1.2,15.33899974822998,2022-12-22,49.35499954223633,,0.0,0,0.0,-0.036879395111771185,-0.04425527413412542,0.0,0.0,-0.04425527413412542,3.3130746338547286,-0.13149035596208863
2023-09-18,43.93765640258789,43.965999603271484,44.242000579833984,42.0,42.74800109863281,500271000,NVDA,35082000000.0,,0.78,,,,,,,,,,15.0,0.5,10.0,55.0396214582977,14.09166653951009,14.0,0.0005864396970667318,0.002664370771422675,0.0015033730090801,1.7233426687411522,40.0,1497.5536215079198,93.27636949834285,100.0,100.0,False,68.91915047383374,70.57635583283384,68.84450121613759,72.3082104495301,0.7807764064044153,63.91915047383374,4.999999999999999,71.83558714549105,0.44114190914003737,0.25222955153301774,0.3066285393269449,-0.28350000381469725,-0.1306046034157612,18.443804249614445,False,False,76.12347058205151,76.12252860362489,0.42085889917110386,3.787933511293966,3.192701630657041,2.3760932748945893,0.2639961860519558,0.3132143606523624,-1.909468245626087,-1.3677807035940077,0.0009419784266265197,1.2,1.2,False,1.2,15.33899974822998,2022-12-22,49.35499954223633,,0.0,0,0.0,0.0015033730090801,0.00180404761089612,0.0,0.0,0.00180404761089612,3.3190515782326546,-0.12992352321372183
2023-09-19,43.491939544677734,43.52000045776367,43.965999603271484,43.00199890136719,43.83300018310547,373064000,NVDA,35082000000.0,,0.78,,,,,,,,,,15.0,0.5,10.0,55.0396214582977,13.948718095437075,14.109999656677246,-0.0020738304839804655,-0.0005315122139686324,-0.010144182994411555,1.7226352525596194,40.0,1494.488874729277,90.88447942700877,100.0,100.0,False,66.37771157269935,68.93725464423467,67.20540002753843,70.66910926093091,0.7807764064044151,61.377711572699354,4.999999999999999,71.23228178548219,0.44114190914003737,0.25222955153301774,0.3066285393269449,-0.28350000381469725,-0.1306046034157612,18.443804249614445,False,False,73.91340276034451,73.91521934013451,0.42085889917110386,3.787933511293966,3.192701630657041,2.3760932748945893,0.2639961860519558,0.3132143606523624,-2.5414389011343843,-0.6319706555082973,-0.0018165797900030613,1.2,1.2,False,1.2,15.33899974822998,2022-12-22,49.35499954223633,,0.0,0,0.0,-0.010144182994411555,-0.012173019593293866,0.0,0.0,-0.012173019593293866,3.2786486983396754,-0.14051498121330533
2023-09-20,42.211769104003906,42.23899841308594,43.90299987792969,42.222999572753906,43.599998474121094,367108000,NVDA,35082000000.0,,0.78,,,,,,,,,,15.0,0.5,10.0,55.0396214582977,13.538140517014723,15.140000343322754,-0.009193324942280201,-0.015715399324397805,-0.029434789319934707,1.7035305603363253,40.0,1501.0918744286037,89.6243173735619,100.0,100.0,False,64.69190059340293,67.27991850437326,65.54806388767702,69.0117731210695,0.7807764064044153,59.691900593402934,4.999999999999999,70.91443167588235,0.44114190914003737,0.25222955153301774,0.3066285393269449,-0.28350000381469725,-0.1306046034157612,18.443804249614445,False,False,72.3780939039992,72.38043143304446,0.42085889917110386,3.787933511293966,3.192701630657041,2.3760932748945893,0.2639961860519558,0.3132143606523624,-1.68581097929642,0.8556279218379643,-0.0023375290452679566,1.2,1.2,False,1.2,15.33899974822998,2022-12-22,49.35499954223633,,0.0,0,0.0,-0.029434789319934707,-0.03532174718392165,0.0,0.0,-0.03532174718392165,3.1628410979120276,-0.17087349375525712
2023-09-21,40.990562438964844,41.016998291015625,42.099998474121094,40.97999954223633,41.58300018310547,450736000,NVDA,35082000000.0,,0.78,,,,,,,,,,15.0,0.5,10.0,55.0396214582977,13.146473811222956,17.540000915527344,-0.016528359834683037,-0.015246149170868972,-0.028930613129589,1.7234139143247997,40.0,1520.362168132309,90.17872209359876,100.0,100.0,False,64.55707528702739,66.21695263315229,64.48509801645605,67.94880724984853,0.7807764064044151,59.557075287027395,4.999999999999999,71.05426892978504,0.44114190914003737,0.25222955153301774,0.3066285393269449,-0.28350000381469725,-0.1306046034157612,18.443804249614445,False,False,72.08688842028153,72.0881793363535,0.42085889917110386,3.787933511293966,3.192701630657041,2.3760932748945893,0.2639961860519558,0.3132143606523624,-0.13482530637554646,1.518727130426143,-0.0012909160719857483,1.2,1.2,False,1.2,41.016998291015625,2023-09-21,41.016998291015625,Trailing_Stop,1.7075141106683758,273,0.15,-0.028930613129589,-0.0347167357555068,0.0,0.0,-0.0347167357555068,3.0530375792791586,-0.19965805958044244
2023-09-22,41.58317565917969,41.61000061035156,42.1150016784668,41.23099899291992,41.571998596191406,479236000,NVDA,35082000000.0,,0.78,,,,,,,,,,15.0,0.5,10.0,55.0396214582977,13.336538657163961,17.200000762939453,-0.0022485481530990503,0.002133403076460594,0.014457477242205474,1.7305942626670872,40.0,1501.4695274300504,88.24115830176517,100.0,100.0,False,62.07100668208294,64.59842424274086,62.866569626044615,66.3302788594371,0.7807764064044153,57.07100668208294,4.999999999999999,70.56555808350424,0.44114190914003737,0.25222955153301774,0.3066285393269449,-0.28350000381469725,-0.1306046034157612,18.443804249614445,False,False,70.02960607826621,70.03074845782969,0.42085889917110386,3.787933511293966,3.192701630657041,2.3760932748945893,0.2639961860519558,0.3132143606523624,-2.4860686049444496,-1.518727130426143,-0.0011423795634755152,1.2,1.2,False,1.2,41.016998291015625,2023-09-21,41.61000061035156,,0.0,0,0.0,0.014457477242205474,0.01734897269064657,0.0,0.0,0.01734897269064657,3.1060046448655907,-0.18577294911292438
2023-09-25,42.19477844238281,42.22200012207031,42.5359992980957,41.176998138427734,41.590999603271484,419091000,NVDA,35082000000.0,,0.78,,,,,,,,,,15.0,0.5,10.0,55.0396214582977,13.532692346817408,16.899999618530273,0.004205189122549191,0.0032236407000276746,0.014707990933470416,1.7386094341277425,40.0,1502.9750343249802,86.66016490869497,100.0,100.0,False,59.762576544690084,62.71056634893929,60.97871173224304,64.44242096563553,0.7807764064044151,54.762576544690084,4.999999999999999,70.16678482899349,0.44114190914003737,0.25222955153301774,0.3066285393269449,-0.28350000381469725,-0.1306046034157612,18.443804249614445,False,False,68.05442545736622,68.16384791365374,0.42085889917110386,3.787933511293966,3.192701630657041,2.3760932748945893,0.2639961860519558,0.3132143606523624,-2.308430137392854,0.17763846755159562,-0.10942245628752062,1.2,1.2,False,1.2,41.016998291015625,2023-09-21,42.22200012207031,,0.0,0,0.0,0.014707990933470416,0.0176495891201645,0.0,0.0,0.0176495891201645,3.1608243506527907,-0.17140217621424428
2023-09-26,41.88397979736328,41.9109992980957,42.81999969482422,41.654998779296875,42.000999450683594,402282000,NVDA,35082000000.0,,0.78,,,,,,,,,,15.0,0.5,10.0,55.0396214582977,13.433012595543493,18.940000534057617,-0.014691266090073651,-0.018006554969939415,-0.007365847735196329,1.6687239002899794,40.0,1476.8722855768003,80.36751709664195,100.0,100.0,False,52.23971822309271,58.62287076308684,56.89101614639059,60.35472537978308,0.7807764064044153,47.23971822309271,4.999999999999999,68.57959309340411,0.44114190914003737,0.25222955153301774,0.3066285393269449,-0.28350000381469725,-0.1306046034157612,18.443804249614445,False,False,61.23621387806941,61.28677153051007,0.42085889917110386,3.951437355395919,3.192701630657041,2.3760932748945893,0.2530724670693416,0.3132143606523624,-7.522858321597376,-1.518727130426143,-0.05055765244066379,1.2,1.2,False,1.2,41.016998291015625,2023-09-21,42.22200012207031,,0.0,0,0.0,-0.007365847735196329,-0.008839017282235595,0.0,0.0,-0.008839017282235595,3.1328857695912595,-0.1787261666987094
2023-09-27,42.44062423706055,42.46799850463867,42.87200164794922,41.62900161743164,42.33000183105469,444935000,NVDA,35082000000.0,,0.78,,,,,,,,,,15.0,0.5,10.0,55.0396214582977,13.611537982255983,18.219999313354492,0.00039913334321250993,0.0015434956974491598,0.013290048337460503,1.672594527293001,40.0,1480.3789022694114,76.20267705967034,100.0,100.0,False,46.39614333166952,53.84970061009269,52.11784599339644,55.581555226788936,0.7807764064044151,41.39614333166952,4.999999999999999,67.529097358672,0.44114190914003737,0.25222955153301774,0.3066285393269449,-0.28350000381469725,-0.1306046034157612,18.443804249614445,False,False,52.50518279003248,52.43673255628544,0.42085889917110386,5.362174787893702,3.192701630657041,2.3760932748945893,0.18649149637153226,0.3132143606523624,-5.843574891423188,1.518727130426143,0.06845023374703715,1.2,1.2,False,1.2,41.016998291015625,2023-09-21,42.46799850463867,,0.0,0,0.0,0.013290048337460503,0.015948058004952602,0.0,0.0,0.015948058004952602,3.1828492135675917,-0.16562844396727058
2023-09-28,43.061222076416016,43.0890007019043,43.44599914550781,42.1150016784668,42.459999084472656,424663000,NVDA,35082000000.0,,0.78,,,,,,,,,,15.0,0.5,10.0,55.0396214582977,13.81057714804625,17.34000015258789,0.005797444646104211,0.0070891005291005005,0.01462282704935558,1.6778557118007729,40.0,1485.1026407991096,73.72220606087977,97.02893616420678,97.02893616420678,False,38.028034940902046,47.673108977831305,45.94125436113506,49.40496359452755,0.7807764064044153,33.028034940902046,4.999999999999999,65.99243630684003,0.44114190914003737,0.25222955153301774,0.3066285393269449,-0.28350000381469725,-0.1306046034157612,18.443804249614445,False,False,43.90360739558337,43.78210922514928,0.42085889917110386,6.645273455348095,3.192701630657041,2.3760932748945893,0.1504828968618595,0.3132143606523624,-8.368108390767475,-1.518727130426143,0.12149817043409143,1.2,1.2,False,1.2,41.016998291015625,2023-09-21,43.0890007019043,,0.0,0,0.0,0.01462282704935558,0.017547392459226697,0.0,0.0,0.017547392459226697,3.238699917856603,-0.15098739881674864
2023-09-29,43.47095489501953,43.499000549316406,44.14400100708008,43.30699920654297,43.82699966430664,397830000,NVDA,35082000000.0,,0.78,,,,,,,,,,15.0,0.5,10.0,55.0396214582977,13.941987355550129,17.520000457763672,-0.0024269066881511536,0.003427787080436895,0.009515185795292425,1.6781780161297357,40.0,1489.6216091732883,72.33185292046143,92.04254257451495,92.04254257451495,False,29.36096271545435,40.524263101685946,38.7924084849897,42.25611771838219,0.7807764064044151,24.36096271545435,4.999999999999999,64.11277757484335,0.44114190914003737,0.25222955153301774,0.3066285393269449,-0.28350000381469725,-0.1306046034157612,18.443804249614445,False,False,34.81383115408401,34.93532932451811,0.42085889917110386,7.720776433403579,3.192701630657041,2.3760932748945893,0.1295206523107633,0.3132143606523624,-8.667072225447697,-0.29896383468022236,-0.12149817043409143,1.2,1.2,False,1.2,41.016998291015625,2023-09-21,43.499000549316406,,0.0,0,0.0,0.009515185795292425,0.01141822295435091,0.0,0.0,0.01141822295435091,3.275680115600928,-0.14129318364538485
2023-10-02,44.75313186645508,44.78200149536133,45.17499923706055,43.861000061035156,44.029998779296875,433298000,NVDA,35082000000.0,,0.78,,,,,,,,,,15.0,0.5,10.0,55.0396214582977,14.353205607487604,17.610000610351562,-0.00039771082475204,0.01073634993143635,0.029494952294141452,1.7008616041562108,40.0,1549.7078831940137,79.37872314818746,89.16485848862561,89.16485848862561,False,30.56121952908184,36.63480842295173,34.90295380625548,38.366663039647975,0.7807764064044153,25.56121952908184,4.999999999999999,65.00782642419341,0.44114190914003737,0.25222955153301774,0.3066285393269449,-0.28350000381469725,-0.1306046034157612,18.443804249614445,False,False,34.26064367376517,34.246432596361046,0.42085889917110386,7.930332012203526,3.192701630657041,2.3760932748945893,0.12609812533209935,0.3132143606523624,1.2002568136274903,1.518727130426143,0.01421107740412765,0.25,1.2,True,0.25,41.016998291015625,2023-09-21,44.78200149536133,,0.0,0,0.0,0.029494952294141452,0.03539394275296974,0.95,0.000475,0.03491894275296974,3.3900634020346376,-0.11130804948351324
2023-10-03,43.48893737792969,43.516998291015625,45.130001068115234,43.24599838256836,44.80799865722656,470850000,NVDA,35082000000.0,,0.78,,,,,,,,,,15.0,0.5,10.0,55.0396214582977,13.947755862505007,19.780000686645508,-0.013386069255070021,-0.016959366993717473,-0.028248027379409013,1.7104690013594448,40.0,1525.4693967531232,81.41017340851965,83.39489248299114,83.39489248299114,False,25.23158751677181,32.1831255026703,30.451270885974054,33.91498011936655,0.7807764064044151,20.23158751677181,4.999999999999999,63.75098196404481,0.44114190914003737,0.25222955153301774,0.3066285393269449,-0.28350000381469725,-0.1306046034157612,18.443804249614445,False,False,22.061314816551967,22.182812986986058,0.42085889917110386,7.952720117211388,4.540288128700383,2.3760932748945893,0.12574314011576818,0.22025033910925848,-5.329632012310029,-1.518727130426143,-0.12149817043409143,0.25,0.25,False,0.25,41.016998291015625,2023-09-21,44.78200149536133,,0.0,0,0.0,-0.028248027379409013,-0.007062006844852253,0.0,0.0,-0.007062006844852253,3.366122751084986,-0.11758399812102574
2023-10-04,44.01261520385742,44.04100036621094,44.143001556396484,43.29199981689453,43.742000579833984,361821000,NVDA,35082000000.0,,0.78,,,,,,,,,,15.0,0.5,10.0,55.0396214582977,14.115705245580429,18.579999923706055,0.007281973839242228,0.012463155196719145,0.012041319387221971,1.6908005478022468,40.0,1513.2221644509996,80.2743463134201,78.55064436268916,78.55064436268916,False,20.8117689092657,27.743882034199505,26.01202741750326,29.47573665089575,0.7807764064044153,15.811768909265702,4.999999999999999,61.9791080799633,0.44114190914003737,0.25222955153301774,0.3066285393269449,-0.28350000381469725,-0.1306046034157612,18.443804249614445,False,False,17.909469376863544,17.787971206429454,0.42085889917110386,7.9632970723753305,6.267890957314284,2.3760932748945893,0.12557612643499122,0.1595432988241531,-4.419818607506109,0.9098134048039199,0.12149817043409143,0.25,0.25,False,0.25,41.016998291015625,2023-09-21,44.78200149536133,,0.0,0,0.0,0.012041319387221971,0.003010329846805493,0.0,0.0,0.003010329846805493,3.3762558908705884,-0.11492763489327062
2023-10-05,44.6591911315918,44.6879997253418,44.900001525878906,43.88800048828125,44.04999923706055,393483000,NVDA,35082000000.0,,0.78,,,,,,,,,,15.0,0.5,10.0,55.0396214582977,14.323076835045446,18.489999771118164,-0.0003767806262175988,0.001334068375584474,0.014690841573781643,1.6707826625768551,40.0,1491.8656526411871,73.35849334241244,70.42662618695134,70.42662618695134,False,17.41310069766017,23.710866870553012,21.979012253856766,25.44272148724926,0.7807764064044151,12.41310069766017,4.999999999999999,57.74366975992571,0.44114190914003737,0.25222955153301774,0.3066285393269449,-0.28350000381469725,-0.1306046034157612,18.443804249614445,False,False,14.912970843477662,15.034469013911753,0.42085889917110386,8.334727809680295,8.585163214190255,2.3760932748945893,0.11997992290024863,0.11648002199272331,-3.398668211605532,1.0211503959005768,-0.12149817043409143,0.25,0.25,False,0.25,41.016998291015625,2023-09-21,44.78200149536133,,0.0,0,0.0,0.014690841573781643,0.003672710393445411,0.0,0.0,0.003672710393445411,3.3886559009719197,-0.11167702041899194
2023-10-06,45.732505798339844,45.762001037597656,45.78900146484375,44.0260009765625,44.19300079345703,434436000,NVDA,35082000000.0,,0.78,,,,,,,,,,15.0,0.5,10.0,55.0396214582977,14.667308024871042,17.450000762939453,0.011872811648814707,0.018712506791745742,0.024033327042087604,1.604996285990954,40.0,1521.9268461146157,75.72436523812037,58.09786018469516,58.09786018469516,False,16.997173912911357,21.08992033996797,19.358065723271725,22.821774956664218,0.7807764064044153,11.997173912911357,4.999999999999999,54.560061056189184,0.44114190914003737,0.25222955153301774,0.3066285393269449,-0.28350000381469725,-0.1306046034157612,18.443804249614445,False,False,14.704085312078435,14.728002418852853,0.42085889917110386,8.389502982616559,11.907153674372006,2.3760932748945893,0.11919657243963636,0.08398312706354996,-0.4159267847488124,1.518727130426143,-0.02391710677441779,0.25,0.25,False,0.25,41.016998291015625,2023-09-21,45.762001037597656,,0.0,0,0.0,0.024033327042087604,0.006008331760521901,0.0,0.0,0.006008331760521901,3.4090160698472096,-0.10633968124717383
2023-10-09,45.243812561035156,45.27299880981445,45.60499954223633,44.36800003051758,44.84199905395508,409675000,NVDA,35082000000.0,,0.78,,,,,,,,,,15.0,0.5,10.0,55.0396214582977,14.510576541607197,17.700000762939453,0.00640219757250482,0.005171769770980328,-0.010685770217553237,1.5885185119119627,40.0,1497.6599581542605,70.24781190026947,47.340542120339656,47.340542120339656,False,16.802812553445044,19.416284034253092,17.684429417556846,21.14813865094934,0.7807764064044151,11.802812553445044,4.999999999999999,49.88021173868771,0.44114190914003737,0.25222955153301774,0.3066285393269449,-0.28350000381469725,-0.1306046034157612,18.443804249614445,False,False,14.559465580428682,14.437967409994592,0.42085889917110386,8.707859235397365,15.621860955665456,2.3760932748945893,0.11483878792332902,0.06401286010917527,-0.1943613594663134,0.221565425282499,0.12149817043409143,0.25,0.25,False,0.25,41.016998291015625,2023-09-21,45.762001037597656,,0.0,0,0.0,-0.010685770217553237,-0.002671442554388309,0.0,0.0,-0.002671442554388309,3.399909079249626,-0.10872704345185838
2023-10-10,45.76847457885742,45.79800033569336,46.25899887084961,45.0880012512207,45.310001373291016,368582000,NVDA,35082000000.0,,0.78,,,,,,,,,,15.0,0.5,10.0,55.0396214582977,14.678846261440178,17.030000686645508,0.00520483924107662,0.0015377004628081004,0.011596349693652197,1.5904072113402692,40.0,1488.97887764871,62.82500279528963,36.566573793602494,36.566573793602494,False,16.766280047854757,18.38175373952436,16.649899122828113,20.113608356220606,0.7807764064044153,11.766280047854757,4.999999999999999,44.70435375624126,0.44114190914003737,0.25222955153301774,0.3066285393269449,-0.28350000381469725,-0.1306046034157612,18.443804249614445,False,False,14.214849544520963,14.336347714955053,0.42085889917110386,9.52113491038382,19.59127130255377,2.3760932748945893,0.10502949589648106,0.05104313980224691,-0.0365325055902872,0.1578288538760262,-0.12149817043409143,0.25,0.25,False,0.25,41.016998291015625,2023-09-21,45.79800033569336,,0.0,0,0.0,0.011596349693652197,0.0028990874234130493,0.0,0.0,0.0028990874234130493,3.409765712902027,-0.10614316523270138
2023-10-11,46.77582550048828,46.805999755859375,46.85900115966797,46.04999923706055,46.19599914550781,378137000,NVDA,35082000000.0,,0.78,,,,,,,,,,15.0,0.5,10.0,55.0396214582977,15.001922998672876,16.09000015258789,0.004096282837700693,0.009270693881581638,0.022009681924483937,1.5937498140734916,40.0,1484.0908474426872,55.207801777295835,28.266031268610732,28.266031268610732,False,16.827805002906665,17.775110484367836,16.04325586767159,19.506965101064083,0.7807764064044151,11.827805002906665,4.999999999999999,40.23788732947642,0.44114190914003737,0.25222955153301774,0.3066285393269449,-0.28350000381469725,-0.1306046034157612,18.443804249614445,False,False,14.588748461421744,14.51596338903743,0.42085889917110386,10.83530026532397,23.40311805032039,2.3760932748945893,0.09229093569287446,0.04272934904869695,0.06152495505190814,0.09805746064219534,0.0727850723843136,0.25,0.25,False,0.25,41.016998291015625,2023-09-21,46.805999755859375,,0.0,0,0.0,0.022009681924483937,0.005502420481120984,0.0,0.0,0.005502420481120984,3.4285276775965228,-0.10122478907788791
2023-10-12,46.91473388671875,46.94499969482422,47.60900115966797,46.33000183105469,46.777000427246094,481325000,NVDA,35082000000.0,,0.78,,,,,,,,,,15.0,0.5,10.0,55.0396214582977,15.046474261161608,16.690000534057617,-0.006096451268467251,0.0009361318969312027,0.002969703450195871,1.5923421211470195,40.0,1472.284092320298,45.34708841621427,23.699256441060996,23.699256441060996,False,16.974258514102445,17.46246732266498,15.730612705968735,19.194321939361227,0.7807764064044153,11.974258514102445,4.999999999999999,36.35042052580855,0.44114190914003737,0.25222955153301774,0.3066285393269449,-0.28350000381469725,-0.1306046034157612,18.443804249614445,False,False,14.963562054645662,14.881870022973615,0.42085889917110386,12.84003061739728,26.65788415424157,2.3760932748945893,0.07788143422688376,0.03751235447697332,0.1464535111957801,0.08492855614387196,0.08169203167204614,0.25,0.25,False,0.25,41.016998291015625,2023-09-21,46.94499969482422,,0.0,0,0.0,0.002969703450195871,0.0007424258625489677,0.0,0.0,0.0007424258625489677,3.4310731052148356,-0.1005575151166814
2023-10-13,45.43169403076172,45.46099853515625,47.11600112915039,45.279998779296875,46.959999084472656,474115000,NVDA,35082000000.0,,0.78,,,,,,,,,,15.0,0.5,10.0,55.0396214582977,14.57083286383213,19.31999969482422,-0.004980868984616693,-0.01432076760591583,-0.031611485127596706,1.6043590269937624,40.0,1498.890142749959,46.95986975524307,20.800320579336073,20.800320579336073,False,17.537869071929947,17.491903276078833,15.760048659382587,19.22375789277508,0.7807764064044151,12.537869071929947,4.999999999999999,35.868315170789394,0.44114190914003737,0.25222955153301774,0.3066285393269449,-0.28350000381469725,-0.1306046034157612,18.443804249614445,False,False,16.06213284616192,15.940634675727829,0.42085889917110386,13.941273589166984,29.316287202245245,2.3760932748945893,0.07172945811615421,0.03411073145454152,0.5636105578275021,0.41715704663172204,0.12149817043409143,0.25,0.25,False,0.25,41.016998291015625,2023-09-21,46.94499969482422,,0.0,0,0.0,-0.031611485127596706,-0.007902871281899176,0.0,0.0,-0.007902871281899176,3.403957776105537,-0.10766569330018574
2023-10-16,46.06528854370117,46.095001220703125,46.224998474121094,44.9119987487793,45.0629997253418,375099000,NVDA,35082000000.0,,0.78,,,,,,,,,,15.0,0.5,10.0,55.0396214582977,14.774038852789463,17.209999084472656,0.010521456651035654,0.00960680229069144,0.013946079188220661,1.6004628958761133,40.0,1462.4094254416664,36.206193964956206,20.846404141021353,20.846404141021353,False,17.852354130250248,17.632619037381513,15.900764420685267,19.36447365407776,0.7807764064044153,12.852354130250248,4.999999999999999,33.17005088408041,0.44114190914003737,0.25222955153301774,0.3066285393269449,-0.28350000381469725,-0.1306046034157612,18.443804249614445,False,False,16.450406638199702,16.432681404177103,0.42085889917110386,15.845743598588301,31.22472127025754,2.3760932748945893,0.0631084299564894,0.03202590637542469,0.31448505832030094,-0.2491254995072012,0.01772523402259992,0.25,0.25,False,0.25,41.016998291015625,2023-09-21,46.94499969482422,,0.0,0,0.0,0.013946079188220661,0.0034865197970551653,0.0,0.0,0.0034865197970551653,3.415825742280269,-0.10455455207428523
2023-10-17,43.909671783447266,43.9379997253418,44.75400161743164,42.47999954223633,44.0,812333000,NVDA,35082000000.0,,0.78,,,,,,,,,,15.0,0.5,10.0,55.0396214582977,14.082692219660832,17.8799991607666,-4.591214305493807e-05,-0.00464019551326178,-0.04679469439719919,1.6222137473173768,40.0,1614.57155171717,57.27477318377612,18.42714785139215,18.42714785139215,False,20.11216926705646,18.600606196293935,16.86875157959769,20.33246081299018,0.7807764064044151,15.112169267056458,4.999999999999999,37.742356149534686,0.44114190914003737,0.25222955153301774,0.3066285393269449,-0.28350000381469725,-0.1306046034157612,18.443804249614445,False,False,18.563719230045784,18.5510929217357,0.42085889917110386,15.602498127874572,32.70989566533488,2.3760932748945893,0.06409230059213752,0.030571788128929276,2.2598151368062105,1.518727130426143,0.012626308310082095,0.25,0.25,False,0.25,41.016998291015625,2023-09-21,46.94499969482422,,0.0,0,0.0,-0.04679469439719919,-0.011698673599299797,0.0,0.0,-0.011698673599299797,3.3758651118492464,-0.11503007609554694
2023-10-18,42.168792724609375,42.19599914550781,43.21900177001953,41.82500076293945,42.590999603271484,627294000,NVDA,35082000000.0,,0.78,,,,,,,,,,15.0,0.5,10.0,55.0396214582977,13.524358700483273,19.219999313354492,-0.013325071567788949,-0.010267941840118366,-0.03964678844561198,1.6454667790490156,40.0,1694.1772905056598,71.50762441192863,15.641336067124797,15.641336067124797,False,22.443596508582424,20.10086427923173,18.369009662535483,21.832718895927975,0.7807764064044153,17.443596508582424,4.999999999999999,40.478092433598064,0.44114190914003737,0.25222955153301774,0.3066285393269449,-0.28350000381469725,-0.1306046034157612,18.443804249614445,False,False,20.421806802261496,20.413962205410122,0.42085889917110386,14.982619124116622,33.81814190418901,2.3760932748945893,0.06674400461734759,0.02956992737309826,2.331427241525965,0.07161210471975465,0.007844596851375627,0.25,0.25,False,0.25,41.016998291015625,2023-09-21,46.94499969482422,,0.0,0,0.0,-0.03964678844561198,-0.009911697111402995,0.0,0.0,-0.009911697111402995,3.342404559371644,-0.1238016299339893
2023-10-19,42.0738639831543,42.10100173950195,43.297000885009766,41.88199996948242,42.81100082397461,501233000,NVDA,35082000000.0,,0.78,,,,,,,,,,15.0,0.5,10.0,55.0396214582977,13.493910813942934,21.399999618530273,-0.008786403975676982,-0.005723865411877194,-0.0022513368075079976,1.6700887036504148,40.0,1683.3935794107122,80.9861106930481,15.297327964296613,15.297327964296613,False,24.89615107681597,21.97288767597991,20.241033059283662,23.704742292676155,0.7807764064044151,19.89615107681597,4.999999999999999,42.76336407540985,0.44114190914003737,0.25222955153301774,0.3066285393269449,-0.28350000381469725,-0.1306046034157612,18.443804249614445,False,False,22.104815708063455,22.098021423571947,0.42085889917110386,14.468726978550407,34.37362887101524,2.3760932748945893,0.06911458081160006,0.029092069497591702,2.452554568233545,0.12112732670757964,0.006794284491509757,0.25,0.25,False,0.25,41.016998291015625,2023-09-21,46.94499969482422,,0.0,0,0.0,-0.0022513368075079976,-0.0005628342018769994,0.0,0.0,-0.0005628342018769994,3.34052333976912,-0.12429478434429127
2023-10-20,41.36031723022461,41.387001037597656,42.470001220703125,41.077999114990234,41.88999938964844,477266000,NVDA,35082000000.0,,0.78,,,,,,,,,,15.0,0.5,10.0,55.0396214582977,13.265064435127453,21.709999084472656,-0.01228804334679856,-0.016910483079406013,-0.01695923309193792,1.6504855630553859,40.0,1688.857619065324,87.3043010079162,15.206599047227598,15.206599047227598,False,27.035365181425025,23.94921917308222,22.217364556385974,25.681073789778466,0.7807764064044153,22.035365181425025,4.999999999999999,44.32917830971369,0.44114190914003737,0.25222955153301774,0.3066285393269449,-0.28350000381469725,-0.1306046034157612,18.443804249614445,False,False,23.48213212913014,23.4487595653996,0.42085889917110386,14.40696476883751,34.380954595575915,2.3760932748945893,0.06941087286914283,0.029085870702632508,2.1392141046090565,-0.3133404636244883,0.03337256373053776,0.25,0.25,False,0.25,41.016998291015625,2023-09-21,46.94499969482422,,0.0,0,0.0,-0.01695923309193792,-0.00423980827298448,0.0,0.0,-0.00423980827298448,3.3263601612770692,-0.128007606562324
2023-10-23,42.947296142578125,42.974998474121094,43.24800109863281,40.94499969482422,41.229000091552734,478530000,NVDA,35082000000.0,,0.78,,,,,,,,,,15.0,0.5,10.0,55.0396214582977,13.774037972474709,20.3700008392334,-0.0017332106225139698,0.0011589754701519794,0.03836947342671282,1.6716419900439,40.0,1714.94761861564,91.52695650639349,15.202256484302211,15.202256484302211,False,28.83032264209943,25.85474438599591,24.122889769299665,27.586599002692157,0.7807764064044151,23.83032264209943,4.999999999999999,45.39292525864631,0.44114190914003737,0.25222955153301774,0.3066285393269449,-0.28350000381469725,-0.1306046034157612,18.443804249614445,False,False,24.435329309410022,24.4552593493706,0.42085889917110386,14.746237137842833,33.833837014939974,2.3760932748945893,0.0678139101285527,0.029556210238833716,1.7949574606744036,-0.34425664393465283,-0.019930039960576098,0.25,0.25,False,0.25,41.016998291015625,2023-09-21,46.94499969482422,,0.0,0,0.0,0.03836947342671282,0.009592368356678205,0.0,0.0,0.009592368356678205,3.358267833231018,-0.11964313432024844
2023-10-24,43.63484573364258,43.66299819946289,43.696998596191406,42.691001892089844,43.07699966430664,401463000,NVDA,35082000000.0,,0.78,,,,,,,,,,15.0,0.5,10.0,55.0396214582977,13.994550704956055,18.969999313354492,0.0075393937405647815,0.006884723026909345,0.01600930191437011,1.6780570329224322,40.0,1725.8507948254926,94.34329394716836,15.2157314711082,15.2157314711082,False,30.31948530510286,27.597726571169446,25.8658719544732,29.329581187865692,0.7807764064044153,25.31948530510286,4.999999999999999,46.10742060382037,0.44114190914003737,0.25222955153301774,0.3066285393269449,-0.28350000381469725,-0.1306046034157612,18.443804249614445,False,False,25.248695518960997,25.127197348526906,0.42085889917110386,15.575772727413431,32.70345963192238,2.3760932748945893,0.06420227217619806,0.03057780464987514,1.4891626630034303,-0.3057947976709734,0.12149817043409143,0.25,0.25,False,0.25,41.016998291015625,2023-09-21,46.94499969482422,,0.0,0,0.0,0.01600930191437011,0.004002325478592528,0.0,0.0,0.004002325478592528,3.3717087141438964,-0.11611965960648447
2023-10-25,41.75205993652344,41.77899932861328,43.650001525878906,41.55500030517578,43.39799880981445,398379000,NVDA,35082000000.0,,0.78,,,,,,,,,,15.0,0.5,10.0,55.0396214582977,13.390704913017077,20.190000534057617,-0.014352187096675628,-0.011799570452978081,-0.0431486372567238,1.716351464711608,40.0,1667.9499211704224,95.0,15.208651345343753,15.208651345343753,False,31.24134884941411,29.020153725520913,27.288299108824667,30.75200834221716,0.7807764064044151,26.24134884941411,4.999999999999999,46.27089030839372,0.44114190914003737,0.25222955153301774,0.3066285393269449,-0.28350000381469725,-0.1306046034157612,18.443804249614445,False,False,25.522522043765992,25.51679307538841,0.42085889917110386,16.472512563490604,30.927189579599133,2.3760932748945893,0.060707193037228754,0.03233400815247829,0.9218635443112504,-0.5672991186921799,0.005728968377580372,0.25,0.25,False,0.25,41.016998291015625,2023-09-21,46.94499969482422,,0.0,0,0.0,-0.0431486372567238,-0.01078715931418095,0.0,0.0,-0.01078715931418095,3.335337555083414,-0.12565421765298185
2023-10-26,40.30000305175781,40.32600021362305,42.25600051879883,39.880001068115234,41.85300064086914,541001000,NVDA,35082000000.0,,0.78,,,,,,,,,,15.0,0.5,10.0,55.0396214582977,12.925000068468925,20.68000030517578,-0.011974614168780984,-0.019104740455758606,-0.03477821724646035,1.7019443957253613,40.0,1690.6098233056764,95.0,15.222487949938468,15.222487949938468,False,31.976702664110334,30.17435555333623,28.442500936639984,31.906210170032477,0.7807764064044153,26.976702664110334,4.999999999999999,46.27513300624984,0.44114190914003737,0.25222955153301774,0.3066285393269449,-0.28350000381469725,-0.1306046034157612,18.443804249614445,False,False,25.844523857144868,25.834833671008262,0.42085889917110386,17.287370811584253,28.710835987009023,2.3760932748945893,0.05784569619631811,0.03483005512108656,0.7353538146962251,-0.18650972961502532,0.009690186136606372,0.25,0.25,False,0.25,41.016998291015625,2023-09-21,46.94499969482422,,0.0,0,0.0,-0.03477821724646035,-0.008694554311615088,0.0,0.0,-0.008694554311615088,3.3063382815631717,-0.13325626454472958
2023-10-27,40.4738883972168,40.5,41.20600128173828,40.01499938964844,41.130001068115234,416784000,NVDA,35082000000.0,,0.78,,,,,,,,,,15.0,0.5,10.0,55.0396214582977,12.98076923076923,21.270000457763672,-0.004532772203415858,0.005805560032508428,0.004314828781808444,1.70011839609335,40.0,1667.3944238481783,95.0,15.244311645626212,15.244311645626212,False,32.697159331537186,31.15922838733984,29.427373770643594,32.89108300403608,0.7807764064044151,27.697159331537186,4.999999999999999,46.28182477418129,0.44114190914003737,0.25222955153301774,0.3066285393269449,-0.28350000381469725,-0.1306046034157612,18.443804249614445,False,False,26.118319146228313,26.143386383318273,0.42085889917110386,17.996665746534187,26.234289374382584,2.3760932748945893,0.055565848367916754,0.038118051750107095,0.720456667426852,-0.014897147269373079,-0.025067237089959064,0.25,0.25,False,0.25,41.016998291015625,2023-09-21,46.94499969482422,,0.0,0,0.0,0.004314828781808444,0.001078707195452111,0.0,0.0,0.001078707195452111,3.3099048524580925,-0.13232130184068097
2023-10-30,41.13446807861328,41.1609992980957,41.76599884033203,40.48099899291992,41.08700180053711,388028000,NVDA,35082000000.0,,0.78,,,,,,,,,,15.0,0.5,10.0,55.0396214582977,13.192627980158878,19.75,0.011955789786880722,0.010737407142234812,0.01632097032335067,1.7425363924405384,40.0,1652.4449168949984,95.0,15.287734381572292,15.287734381572292,False,33.40880677956631,32.03743725384364,30.305582637147396,33.76929187053989,0.7807764064044153,28.408806779566312,4.999999999999999,46.29513942427801,0.44114190914003737,0.25222955153301774,0.3066285393269449,-0.28350000381469725,-0.1306046034157612,18.443804249614445,False,False,26.36466925600059,26.392209787515363,0.42085889917110386,18.5834975202799,23.217806959032576,2.3760932748945893,0.05381118376176038,0.043070389971132196,0.7116474480291259,-0.008809219397726054,-0.02754053151477223,0.25,0.25,False,0.25,41.016998291015625,2023-09-21,46.94499969482422,,0.0,0,0.0,0.01632097032335067,0.0040802425808376674,0.0,0.0,0.0040802425808376674,3.3234100671756135,-0.12878096226996547
2023-10-31,40.75370788574219,40.779998779296875,40.87900161743164,39.22999954223633,40.45000076293945,517969000,NVDA,35082000000.0,,0.78,,,,,,,,,,15.0,0.5,10.0,55.0396214582977,13.070512429261818,18.139999389648438,0.006280266349381947,0.0071230479572899075,-0.009256347642085938,1.713191145179546,40.0,1631.1424737367327,95.0,15.31468343173131,15.31468343173131,False,34.09992227500893,32.842607075387825,31.11075245869158,34.57446169208407,0.7807764064044151,29.099922275008932,4.999999999999999,46.30340277216452,0.44114190914003737,0.25222955153301774,0.3066285393269449,-0.28350000381469725,-0.1306046034157612,18.443804249614445,False,False,26.519545046526083,26.54400863033976,0.42085889917110386,19.0900378368754,19.918472676613387,2.3760932748945893,0.052383343005656245,0.05020465254718635,0.6911154954426166,-0.020531952586509306,-0.024463583813677872,0.25,0.25,False,0.25,41.016998291015625,2023-09-21,46.94499969482422,,0.0,0,0.0,-0.009256347642085938,-0.0023140869105214845,0.0,0.0,-0.0023140869105214845,3.315719407440867,-0.1307970388413737
2023-11-01,42.2977180480957,42.32500076293945,42.38100051879883,40.86899948120117,40.88399887084961,437593000,NVDA,35082000000.0,,0.78,,,,,,,,,,15.0,0.5,10.0,55.0396214582977,13.565705372737003,16.8700008392334,0.010664732962442303,0.01932807923369073,0.03788626851129151,1.723161920540572,40.0,1671.882120078035,95.0,15.435361928469263,15.435361928469263,False,34.81102526887085,33.6110543170922,31.87919970039595,35.34290893378844,0.7807764064044153,29.811025268870853,4.999999999999999,46.34040624334745,0.44114190914003737,0.25222955153301774,0.3066285393269449,-0.28350000381469725,-0.1306046034157612,18.443804249614445,False,False,26.416791528270206,26.462175457765582,0.42085889917110386,19.57370906304174,16.084280136506738,2.3760932748945893,0.051088937552880985,0.06217250579528795,0.7111029938619211,0.019987498419304472,-0.04538392949537439,0.25,0.25,False,0.25,41.016998291015625,2023-09-21,46.94499969482422,,0.0,0,0.0,0.03788626851129151,0.009471567127822877,0.0,0.0,0.009471567127822877,3.3471244663854685,-0.12256432464705727
2023-11-02,43.47795104980469,43.50600051879883,43.88399887084961,42.89400100708008,43.327999114990234,409172000,NVDA,35082000000.0,,0.78,,,,,,,,,,15.0,0.5,10.0,55.0396214582977,13.944230935512444,15.65999984741211,0.019164354406221662,0.016927873878682442,0.027903124266296153,1.677977255411387,40.0,1702.8096757171902,95.0,15.79979998730336,15.79979998730336,False,35.599447821783365,34.38729968464752,32.65544506795128,36.11915430134377,0.7807764064044151,30.599447821783368,4.999999999999999,46.4521533530029,0.44114190914003737,0.25222955153301774,0.3066285393269449,-0.28350000381469725,-0.1306046034157612,18.443804249614445,False,False,25.97479288033709,25.989713658706293,0.42085889917110386,20.01661246980326,12.025452363954777,2.3760932748945893,0.049958503293630926,0.08315695490985528,0.7884225529125146,0.07731955905059351,-0.014920778369202026,0.25,0.25,False,0.25,41.016998291015625,2023-09-21,46.94499969482422,,0.0,0,0.0,0.027903124266296153,0.006975781066574038,0.0,0.0,0.006975781066574038,3.3704732738655467,-0.11644352547579366
2023-11-03,44.97598648071289,45.005001068115234,45.308998107910156,43.722999572753906,44.02000045776367,424610000,NVDA,35082000000.0,,0.78,,,,,,,,,,15.0,0.5,10.0,55.0396214582977,14.424679829524113,14.90999984741211,0.009123392577504053,0.010293512478936284,0.0344550299140618,1.6993003245278961,40.0,1779.0217599940336,95.0,16.56477000558941,16.56477000558941,False,36.529561607343226,35.223613467437204,33.49175885074096,36.95546808413345,0.7807764064044153,31.529561607343226,4.999999999999999,46.68671499233886,0.44114190914003737,0.25222955153301774,0.3066285393269449,-0.28350000381469725,-0.1306046034157612,18.443804249614445,False,False,25.07328759603346,25.07447936781501,0.42085889917110386,20.410958088611153,8.522565830173036,2.3760932748945893,0.04899329054807952,0.11733555597301813,0.9301137855598611,0.1416912326473465,-0.0011917717815498464,0.25,0.25,False,0.25,41.016998291015625,2023-09-21,46.94499969482422,,0.0,0,0.0,0.0344550299140618,0.00861375747851545,0.0,0.0,0.00861375747851545,3.3995057132344426,-0.10883278428567002
2023-11-06,45.72151184082031,45.750999450683594,45.935001373291016,44.89899826049805,45.28499984741211,400733000,NVDA,35082000000.0,,0.78,,,,,,,,,,15.0,0.5,10.0,55.0396214582977,14.663781875219101,14.890000343322754,0.002300489991450494,0.006578976006939241,0.016575899674778016,1.6777855862413518,40.0,1791.2899149126413,95.0,18.079649645334754,18.079649645334754,False,37.74898206765065,36.20948757769781,34.47763296100156,37.94134219439405,0.7807764064044151,32.74898206765065,4.999999999999999,47.1512203235301,0.44114190914003737,0.25222955153301774,0.3066285393269449,-0.28350000381469725,-0.1306046034157612,18.443804249614445,False,False,23.427201576797554,23.42790631434937,0.42085889917110386,20.6658355722431,5.541400002514583,2.3760932748945893,0.048389042703075105,0.18045981151806745,1.2194204603074255,0.28930667474756433,-0.0007047375518180843,0.25,0.25,False,0.25,41.016998291015625,2023-09-21,46.94499969482422,,0.0,0,0.0,0.016575899674778016,0.004143974918694504,0.0,0.0,0.004143974918694504,3.413593179646045,-0.10513980969538701
2023-11-07,45.92538070678711,45.95500183105469,46.21799850463867,45.15800094604492,45.71900177001953,343165000,NVDA,35082000000.0,,0.78,,,,,,,,,,15.0,0.5,10.0,55.0396214582977,14.729167253543169,14.8100004196167,0.0028460378421049093,0.010931802859162953,0.004458971013103108,1.5703688047896744,40.0,1778.2027963133546,95.0,19.50428685758473,19.50428685758473,False,38.93902356407311,37.275066226994625,35.54321161029838,39.00692084369087,0.7807764064044153,33.93902356407311,4.999999999999999,47.58805475099312,0.44114190914003737,0.25222955153301774,0.3066285393269449,-0.28350000381469725,-0.1306046034157612,18.443804249614445,False,False,21.260614238277007,21.26225679448393,0.42085889917110386,20.57415723419409,3.546123716666918,2.3760932748945893,0.04860466402667555,0.2819980575691597,1.1900414964224595,-0.02937896388496597,-0.0016425562069207445,0.25,0.25,False,0.25,41.016998291015625,2023-09-21,46.94499969482422,,0.0,0,0.0,0.004458971013103108,0.001114742753275777,0.0,0.0,0.001114742753275777,3.417398457905687,-0.10414227078304991
2023-11-08,46.543983459472656,46.57400131225586,46.867000579833984,45.96799850463867,46.099998474121094,346719000,NVDA,35082000000.0,,0.78,,,,,,,,,,15.0,0.5,10.0,55.0396214582977,14.927564523158928,14.449999809265137,0.0007323995367289893,0.005664295114306439,0.013469686792241031,1.6008745610074162,40.0,1769.2691544536044,95.0,21.305664495730838,21.305664495730838,False,40.29846460002753,38.45536528540742,36.72351066871117,40.187219902103664,0.7807764064044151,35.29846460002753,4.999999999999999,48.140408544954084,0.44114190914003737,0.25222955153301774,0.3066285393269449,-0.28350000381469725,-0.1306046034157612,18.443804249614445,False,False,21.780384378027644,21.7787853781541,0.42085889917110386,19.87790250752638,3.192701630657041,2.3760932748945893,0.050307118652049405,0.3132143606523624,1.3594410359544185,0.16939953953195896,0.0015989998735443578,0.25,0.25,False,0.25,41.016998291015625,2023-09-21,46.94499969482422,,0.0,0,0.0,0.013469686792241031,0.003367421698060258,0.0,0.0,0.003367421698060258,3.4289062796237566,-0.1011255400273097
2023-11-09,46.919734954833984,46.95000076293945,48.22999954223633,46.75,47.46699905395508,540496000,NVDA,35082000000.0,,0.78,,,,,,,,,,15.0,0.5,10.0,55.0396214582977,15.048077167608799,15.289999961853027,-0.007798750513686392,-0.004665229016821648,0.008073161851881672,1.5961828259753181,40.0,1755.3871386782052,95.0,23.499497632393442,23.499497632393442,False,41.85178620592592,39.78128794588702,38.04943332919078,41.51314256258327,0.7807764064044153,36.85178620592592,4.999999999999999,48.81310039517599,0.44114190914003737,0.25222955153301774,0.3066285393269449,-0.28350000381469725,-0.1306046034157612,18.443804249614445,False,False,23.48453486997081,23.47834930524676,0.42085889917110386,17.95912429216681,3.192701630657041,2.3760932748945893,0.055682002292069877,0.3132143606523624,1.5533216058983896,0.19388056994397118,0.006185564724047481,0.25,0.25,False,0.25,41.016998291015625,2023-09-21,46.95000076293945,,0.0,0,0.0,0.008073161851881672,0.002018290462970418,0.0,0.0,0.002018290462970418,3.4358268084663406,-0.09931135027733913
2023-11-10,48.3038330078125,48.334999084472656,48.47200012207031,47.28300094604492,47.5,421245000,NVDA,35082000000.0,,0.78,,,,,,,,,,15.0,0.5,10.0,55.0396214582977,15.491986886048927,14.170000076293945,0.01560480608246917,0.02612179139146109,0.029499431289178313,1.5743484162886343,40.0,1766.693709704607,95.0,26.205357967137658,26.205357967137658,False,43.67518842828238,41.30142075865756,39.56956614196131,43.0332753753538,0.7807764064044151,38.67518842828238,4.999999999999999,49.642794397241325,0.44114190914003737,0.25222955153301774,0.3066285393269449,-0.28350000381469725,-0.1306046034157612,18.443804249614445,False,False,25.703221091743455,25.691885793131668,0.42085889917110386,15.620971460513934,3.2431888492996377,2.3760932748945893,0.06401650515320126,0.30833850462206314,1.8234022223564637,0.270080616458074,0.011335298611787722,0.25,0.25,False,0.25,41.016998291015625,2023-09-21,48.334999084472656,,0.0,0,0.0,0.029499431289178313,0.007374857822294578,0.0,0.0,0.007374857822294578,3.4611655426808077,-0.09266889954348011
2023-11-13,48.58864974975586,48.619998931884766,49.11600112915039,48.0989990234375,48.31999969482422,384136000,NVDA,35082000000.0,,0.78,,,,,,,,,,15.0,0.5,10.0,55.0396214582977,15.583332990988707,14.760000228881836,-0.0009531851844464256,-0.005848947341624444,0.005896345356581678,1.5605405575267968,40.0,1753.321438463325,95.0,28.99531456682051,28.99531456682051,False,45.59021787045817,42.975716557032214,41.24386194033597,44.70757117372846,0.7807764064044153,40.59021787045817,4.999999999999999,50.498274714187644,0.44114190914003737,0.25222955153301774,0.3066285393269449,-0.28350000381469725,-0.1306046034157612,18.443804249614445,False,False,31.66046258349218,31.637318049512373,0.42085889917110386,9.905461218987753,4.095477332229478,2.3760932748945893,0.10095441069246756,0.24417178240262027,1.9150294421757863,0.09162721981932265,0.023144533979805145,0.25,0.25,False,0.25,41.016998291015625,2023-09-21,48.619998931884766,,0.0,0,0.0,0.005896345356581678,0.0014740863391454195,0.0,0.0,0.0014740863391454195,3.466267599524794,-0.09133141516321544
2023-11-14,49.623985290527344,49.65599822998047,49.83399963378906,49.040000915527344,49.68000030517578,416954000,NVDA,35082000000.0,,0.78,,,,,,,,,,15.0,0.5,10.0,55.0396214582977,15.915384048070662,14.15999984741211,0.019400732632628648,0.02000331731389915,0.021308089692620324,1.4166669874133178,40.0,1757.4817755757429,95.0,30.566385037298048,30.566385037298048,False,46.95270869837991,44.52828737324224,42.796432756546,46.26014198993849,0.7807764064044151,41.95270869837991,4.999999999999999,50.980009757729874,0.44114190914003737,0.25222955153301774,0.3066285393269449,-0.28350000381469725,-0.1306046034157612,18.443804249614445,False,False,38.98363827134172,38.985988588452514,0.42085889917110386,6.062468594337015,4.990022936594776,2.3760932748945893,0.1649493080977121,0.20039988046275525,1.3624908279217394,-0.5525386142540469,-0.002350317110797278,0.25,0.25,False,0.25,41.016998291015625,2023-09-21,49.65599822998047,,0.0,0,0.0,0.021308089692620324,0.005327022423155081,0.0,0.0,0.005327022423155081,3.484732484752119,-0.08649091723657316
2023-11-15,48.85647964477539,48.88800048828125,49.959999084472656,48.20000076293945,49.935001373291016,475497000,NVDA,35082000000.0,,0.78,,,,,,,,,,15.0,0.5,10.0,55.0396214582977,15.669230925731169,14.180000305175781,0.0021170451411640645,0.0012635189783081202,-0.015466363965582874,1.4089517645410137,40.0,1750.370002316244,95.0,33.320869269743866,33.320869269743866,False,48.961547725296555,46.258979916408315,44.52712529971207,47.99083453310456,0.7807764064044153,43.961547725296555,4.999999999999999,51.82461323452383,0.44114190914003737,0.25222955153301774,0.3066285393269449,-0.28350000381469725,-0.1306046034157612,18.443804249614445,False,False,49.502013698741244,49.48846173557869,0.42085889917110386,3.787933511293966,5.94311030224945,2.3760932748945893,0.2639961860519558,0.16826206298434387,2.0088390269166467,0.6463481989949074,0.013551963162556718,0.25,0.25,False,0.25,41.016998291015625,2023-09-21,49.65599822998047,,0.0,0,0.0,-0.015466363965582874,-0.0038665909913957186,0.0,0.0,-0.0038665909913957186,3.4712584495191523,-0.09002308322654444
2023-11-16,49.44810485839844,49.47999954223633,49.525001525878906,48.33000183105469,48.67900085449219,339756000,NVDA,35082000000.0,,0.78,,,,,,,,,,15.0,0.5,10.0,55.0396214582977,15.858974212255232,14.319999694824219,0.001223132715498565,0.004992529664727741,0.012109291606168027,1.3967251526886606,40.0,1725.7400379590902,95.0,35.58312522588771,35.58312522588771,False,50.7738701299905,48.0215397945439,46.28968517784765,49.753394411240144,0.7807764064044151,45.7738701299905,4.999999999999999,52.5182854739399,0.44114190914003737,0.25222955153301774,0.3066285393269449,-0.28350000381469725,-0.1306046034157612,18.443804249614445,False,False,51.854688127862225,51.83917768226671,0.42085889917110386,3.787933511293966,6.877371893388287,2.3760932748945893,0.2639961860519558,0.14540438055434693,1.8123224046939441,-0.1965166222227026,0.015510445595517695,0.25,0.25,False,0.25,41.016998291015625,2023-09-21,49.65599822998047,,0.0,0,0.0,0.012109291606168027,0.0030273229015420067,0.0,0.0,0.0030273229015420067,3.481767069720553,-0.08726828926652155
2023-11-17,49.26622009277344,49.29800033569336,49.71699905395508,49.00699996948242,49.52399826049805,325205000,NVDA,35082000000.0,,0.78,,,,,,,,,,15.0,0.5,10.0,55.0396214582977,15.80064113323505,13.800000190734863,0.0012438032670611943,-0.002074405716873229,-0.0036782378380503244,1.5127828908378167,40.0,1712.2427060678551,95.0,37.83548154536639,37.83548154536639,False,52.64122343026287,49.82500978845487,48.093155171758625,51.55686440515112,0.7807764064044153,47.64122343026287,4.999999999999999,53.208922202225466,0.44114190914003737,0.25222955153301774,0.3066285393269449,-0.28350000381469725,-0.1306046034157612,18.443804249614445,False,False,53.87098723507372,53.84938078575708,0.42085889917110386,3.787933511293966,7.789629284856615,2.3760932748945893,0.2639961860519558,0.12837581397410586,1.8673533002723701,0.055030895578426,0.02160644931664592,0.25,0.25,False,0.25,41.016998291015625,2023-09-21,49.65599822998047,,0.0,0,0.0,-0.0036782378380503244,-0.0009195594595125811,0.0,0.0,-0.0009195594595125811,3.4785653778757717,-0.0881076003451237
2023-11-20,50.37650680541992,50.409000396728516,50.54800033569336,49.180999755859375,49.3120002746582,414120000,NVDA,35082000000.0,,0.78,,,,,,,,,,15.0,0.5,10.0,55.0396214582977,16.156730896387344,13.40999984741211,0.00769760011297449,0.014496684093238565,0.02253641229806136,1.561273256169805,40.0,1708.4774522199198,95.0,40.91009841204062,40.91009841204062,False,55.038790903495844,51.86040842984532,50.128553813149075,53.59226304654157,0.7807764064044151,50.038790903495844,4.999999999999999,54.151687481043766,0.44114190914003737,0.25222955153301774,0.3066285393269449,-0.28350000381469725,-0.1306046034157612,18.443804249614445,False,False,55.88293388860903,55.87560371102349,0.42085889917110386,3.787933511293966,8.761453794462039,2.3760932748945893,0.2639961860519558,0.11413630927690134,2.397567473232975,0.5302141729606049,0.007330177585545812,0.25,0.25,False,0.25,41.016998291015625,2023-09-21,50.409000396728516,,0.0,0,0.0,0.02253641229806136,0.00563410307451534,0.0,0.0,0.00563410307451534,3.498163973766164,-0.08296990457260103
2023-11-21,49.911800384521484,49.944000244140625,50.516998291015625,49.22200012207031,50.125999450683594,565747000,NVDA,35082000000.0,,0.78,,,,,,,,,,15.0,0.5,10.0,55.0396214582977,16.00769238594251,13.350000381469727,-0.0021794142796411897,-0.008088433673140716,-0.00922454619072488,1.5504554510456314,40.0,1695.5001039593706,95.0,43.60179860713718,43.60179860713718,False,57.2966630518492,53.98265810387911,52.250803487182864,55.71451272057536,0.7807764064044153,52.2966630518492,4.999999999999999,54.977039580172274,0.44114190914003737,0.25222955153301774,0.3066285393269449,-0.28350000381469725,-0.1306046034157612,18.443804249614445,False,False,57.58369984690825,57.62790293604858,0.42085889917110386,3.787933511293966,9.722357505189946,2.3760932748945893,0.2639961860519558,0.10285571163847704,2.257872148353357,-0.139695324879618,-0.044203089140323754,0.25,0.25,False,0.25,41.016998291015625,2023-09-21,50.409000396728516,,0.0,0,0.0,-0.00922454619072488,-0.00230613654768122,0.0,0.0,-0.00230613654768122,3.49009672997648,-0.08508470119098978
2023-11-22,48.684593200683594,48.715999603271484,50.334999084472656,47.689998626708984,49.85200119018555,899420000,NVDA,35082000000.0,,0.78,,,,,,,,,,15.0,0.5,10.0,55.0396214582977,15.614102436945988,12.850000381469727,0.0038608335923762116,0.004457772969952645,-0.024587550754171072,1.5049236360101212,40.0,1727.7838484251956,95.0,43.58082757068592,43.58082757068592,False,58.030434627536124,55.56286230791365,53.8310076912174,57.294716924609894,0.7807764064044151,53.030434627536124,4.999999999999999,54.97060926189705,0.44114190914003737,0.25222955153301774,0.3066285393269449,-0.28350000381469725,-0.1306046034157612,18.443804249614445,False,False,58.70687088783631,58.655163031916715,0.42085889917110386,3.787933511293966,10.39216256353612,2.3760932748945893,0.2639961860519558,0.09622636230776321,0.733771575686923,-1.518727130426143,0.051707855919592594,0.25,0.25,False,0.25,41.016998291015625,2023-09-21,50.409000396728516,,0.0,0,0.0,-0.024587550754171072,-0.006146887688542768,0.0,0.0,-0.006146887688542768,3.4686434973551643,-0.09070858277729829
2023-11-24,47.745201110839844,47.7760009765625,48.92100143432617,47.744998931884766,48.470001220703125,294645000,NVDA,35082000000.0,,0.78,,,,,,,,,,15.0,0.5,10.0,55.0396214582977,15.312820825821314,12.460000038146973,0.0006153548988119262,-0.0019483714998496104,-0.019295480629855755,1.511197873544307,40.0,1785.6255071810865,95.0,41.888810654672646,41.888810654672646,False,57.79268839671462,56.433360108174064,54.70150549147782,58.16521472487031,0.7807764064044153,52.79268839671462,4.999999999999999,54.451788586423426,0.44114190914003737,0.25222955153301774,0.3066285393269449,-0.28350000381469725,-0.1306046034157612,18.443804249614445,False,False,59.275835183003345,59.29155651278116,0.42085889917110386,3.787933511293966,10.697765995808027,2.3760932748945893,0.2639961860519558,0.09347746065784716,-0.23774623082150725,-0.9715178065084302,-0.01572132977781621,0.25,0.25,False,0.25,41.016998291015625,2023-09-21,50.409000396728516,,0.0,0,0.0,-0.019295480629855755,-0.004823870157463939,0.0,0.0,-0.004823870157463939,3.4519112115013915,-0.09509488650927696
2023-11-27,48.21089553833008,48.242000579833984,48.529998779296875,47.652000427246094,47.79999923706055,395662000,NVDA,35082000000.0,,0.78,,,,,,,,,,15.0,0.5,10.0,55.0396214582977,15.462179673023712,12.6899995803833,-0.0018009594303206589,-5.427994916884504e-05,0.009753842802793233,1.511842509962644,40.0,1742.601389524159,95.0,40.58778268218368,40.58778268218368,False,57.81442020797796,56.972509679050766,55.24065506235452,58.70436429574701,0.7807764064044151,52.81442020797796,4.999999999999999,54.05285627959564,0.44114190914003737,0.25222955153301774,0.3066285393269449,-0.28350000381469725,-0.1306046034157612,18.443804249614445,False,False,60.01362371230654,60.00922124066027,0.42085889917110386,3.787933511293966,10.742096071253785,2.3760932748945893,0.2639961860519558,0.09309170141161129,0.02173181126334356,0.2594780420848508,0.00440247164627408,0.25,0.25,False,0.25,41.016998291015625,2023-09-21,50.409000396728516,,0.0,0,0.0,0.009753842802793233,0.0024384607006983083,0.0,0.0,0.0024384607006983083,3.460328561332937,-0.09288831095216898
2023-11-28,47.79016876220703,47.82099914550781,48.323001861572266,47.472999572753906,48.236000061035156,401491000,NVDA,35082000000.0,,0.78,,,,,,,,,,15.0,0.5,10.0,55.0396214582977,15.327243315867888,12.6899995803833,0.000990102267592663,0.0018980808844935027,-0.008726865164504716,1.516840330378143,40.0,1734.5766515381508,95.0,39.65168353095591,39.65168353095591,False,58.07750005628854,57.40388488697635,55.6720302702801,59.135739503672596,0.7807764064044153,53.07750005628854,4.999999999999999,53.76582156418947,0.44114190914003737,0.25222955153301774,0.3066285393269449,-0.28350000381469725,-0.1306046034157612,18.443804249614445,False,False,60.819330624290664,60.776913490453815,0.42085889917110386,3.787933511293966,10.581805619724333,2.3760932748945893,0.2639961860519558,0.09450183039990967,0.26307984831058207,0.2413480370472385,0.04241713383684839,0.25,0.25,False,0.25,41.016998291015625,2023-09-21,50.409000396728516,,0.0,0,0.0,-0.008726865164504716,-0.002181716291126179,0.0,0.0,-0.002181716291126179,3.4527791061380277,-0.09486737130203564
2023-11-29,48.10896301269531,48.13999938964844,48.762001037597656,47.86000061035156,48.37900161743164,382005000,NVDA,35082000000.0,,0.78,,,,,,,,,,15.0,0.5,10.0,55.0396214582977,15.429486983861677,12.979999542236328,-0.0007034210304239785,0.0007577774811824423,0.006670714745419248,1.5181306926426026,40.0,1719.5917718886742,95.0,39.13544495517501,39.13544495517501,False,58.63126532924882,57.88303973248063,56.151185115784386,59.61489434917688,0.7807764064044151,53.63126532924882,4.999999999999999,53.60752808375355,0.44114190914003737,0.25222955153301774,0.3066285393269449,-0.28350000381469725,-0.1306046034157612,18.443804249614445,False,False,61.58259479300456,61.59377041899493,0.42085889917110386,3.787933511293966,10.246894400156132,2.3760932748945893,0.2639961860519558,0.0975905441149821,0.5537652729602769,0.2906854246496948,-0.01117562599036944,0.25,0.25,False,0.25,41.016998291015625,2023-09-21,50.409000396728516,,0.0,0,0.0,0.006670714745419248,0.001667678686354812,0.0,0.0,0.001667678686354812,3.4585372322620254,-0.09335790090883174
2023-11-30,46.73984909057617,46.77000045776367,48.11000061035156,46.422000885009766,48.02399826049805,526247000,NVDA,35082000000.0,,0.78,,,,,,,,,,15.0,0.5,10.0,55.0396214582977,14.99038476210374,12.920000076293945,0.003937459806426347,0.0014603508753976424,-0.028458640408278835,1.4931931826145748,40.0,1753.8238315793647,95.0,38.92523033835936,38.92523033835936,False,59.441029491203594,58.49126055499593,56.759405938299686,60.22311517169218,0.7807764064044153,54.441029491203594,4.999999999999999,53.543070282854195,0.44114190914003737,0.25222955153301774,0.3066285393269449,-0.28350000381469725,-0.1306046034157612,18.443804249614445,False,False,62.34027302441763,62.46177119485172,0.42085889917110386,3.787933511293966,9.751141353976612,2.3760932748945893,0.2639961860519558,0.10255209761595653,0.8097641619547744,0.2559988889944975,-0.12149817043409143,1.0,0.25,True,1.0,41.016998291015625,2023-09-21,50.409000396728516,,0.0,0,0.0,-0.028458640408278835,-0.007114660102069709,0.75,0.000375,-0.007489660102069709,3.43263396394203,-0.10014834206525161
2023-12-01,46.7348518371582,46.76499938964844,47.20000076293945,46.1870002746582,46.525001525878906,369317000,NVDA,35082000000.0,,0.78,,,,,,,,,,15.0,0.5,10.0,55.0396214582977,14.98878185565655,12.630000114440918,0.005915890103284305,0.0022682985560518176,-0.00010692897298025805,1.5062005322353171,40.0,1735.8137399808825,95.0,39.78638380618877,39.78638380618877,False,61.12649680717103,59.520025700495886,57.78817108379964,61.25188031719213,0.7807764064044151,56.12649680717103,4.999999999999999,53.80712451283107,0.44114190914003737,0.25222955153301774,0.3066285393269449,-0.28350000381469725,-0.1306046034157612,18.443804249614445,False,False,63.59151368973252,63.6692351142532,0.42085889917110386,3.787933511293966,9.138459469086639,2.3760932748945893,0.2639961860519558,0.10942763420714137,1.6854673159674363,0.8757031540126619,-0.07772142452067442,1.0,1.0,False,1.0,41.016998291015625,2023-09-21,50.409000396728516,,0.0,0,0.0,-0.00010692897298025805,-0.00010692897298025805,0.0,0.0,-0.00010692897298025805,3.432266915917648,-0.10024456227886919
2023-12-04,45.480655670166016,45.5099983215332,46.07699966430664,45.0099983215332,46.07699966430664,437543000,NVDA,35082000000.0,,0.78,,,,,,,,,,15.0,0.5,10.0,55.0396214582977,14.586537923568335,13.079999923706055,-0.005249408908885922,-0.012178006706204059,-0.0268363323959121,1.5224290222124983,40.0,1796.9794269277531,95.0,40.33582074402254,40.33582074402254,False,62.68928795064568,60.75726829580845,59.025413679112205,62.4891229125047,0.7807764064044153,57.68928795064568,4.999999999999999,53.975597558531305,0.44114190914003737,0.25222955153301774,0.3066285393269449,-0.28350000381469725,-0.1306046034157612,18.443804249614445,False,False,64.81183222427057,64.79107398090379,0.42085889917110386,3.787933511293966,8.40827480805954,2.3760932748945893,0.2639961860519558,0.1189304611026123,1.562791143474648,-0.12267617249278828,0.020758243366788064,1.0,1.0,False,1.0,41.016998291015625,2023-09-21,50.409000396728516,,0.0,0,0.0,-0.0268363323959121,-0.0268363323959121,0.0,0.0,-0.0268363323959121,3.34015746009059,-0.12439069828058284
2023-12-05,46.540077209472656,46.566001892089844,46.599998474121094,45.270999908447266,45.465999603271484,371718000,NVDA,35082000000.0,,0.78,,,,,,,,,,15.0,0.5,10.0,55.0396214582977,14.925000606439053,12.850000381469727,-0.00019706220282800224,0.006000386214152442,0.023203770808688295,1.543163221479293,40.0,1789.5731769873726,95.0,42.97993930211814,42.97993930211814,False,65.98306698587119,62.79735845671849,61.065503840022245,64.52921307341474,0.7807764064044151,60.9830669858712,4.999999999999999,54.78635976980742,0.44114190914003737,0.25222955153301774,0.3066285393269449,-0.28350000381469725,-0.1306046034157612,18.443804249614445,False,False,66.73936911297069,66.72006127000691,0.42085889917110386,3.787933511293966,7.7161732696398015,2.3760932748945893,0.2639961860519558,0.12959791920881542,3.293779035225512,1.518727130426143,0.01930784296377908,1.0,1.0,False,1.0,41.016998291015625,2023-09-21,50.409000396728516,,0.0,0,0.0,0.023203770808688295,0.023203770808688295,0.0,0.0,0.023203770808688295,3.4176617082594625,-0.10407326072552991
2023-12-06,45.477657318115234,45.50299835205078,47.387001037597656,45.4119987487793,47.21500015258789,380590000,NVDA,35082000000.0,,0.78,,,,,,,,,,15.0,0.5,10.0,55.0396214582977,14.58429434360602,12.970000267028809,-0.004029777295871284,-0.008458939236972829,-0.022827889379518185,1.6226991731769096,40.0,1782.417474323876,95.0,44.7430691196835,44.7430691196835,False,68.59751098678795,65.06166958123104,63.3298149645348,66.7935241979273,0.7807764064044153,63.59751098678796,4.999999999999999,55.32698569041127,0.44114190914003737,0.25222955153301774,0.3066285393269449,-0.28350000381469725,-0.1306046034157612,18.443804249614445,False,False,68.29965428762826,68.27639945365628,0.42085889917110386,3.787933511293966,7.009438852195608,2.3760932748945893,0.2639961860519558,0.14266477261396812,2.6144440009167624,-0.6793350343087496,0.023254833971975586,1.0,1.0,False,1.0,41.016998291015625,2023-09-21,50.409000396728516,,0.0,0,0.0,-0.022827889379518185,-0.022827889379518185,0.0,0.0,-0.022827889379518185,3.3396437048467003,-0.12452537722183997
2023-12-07,46.57004928588867,46.59600067138672,46.62900161743164,45.604000091552734,45.70000076293945,350823000,NVDA,35082000000.0,,0.78,,,,,,,,,,15.0,0.5,10.0,55.0396214582977,14.934615599803434,13.0600004196167,0.007630400972353568,0.01214044194079178,0.02402044610070564,1.6303121952262678,40.0,1813.0733211331178,95.0,46.93949616747881,46.93949616747881,False,71.52719211624985,67.58573330644042,65.85387868974418,69.31758792313666,0.7807764064044151,66.52719211624985,4.999999999999999,56.00047290781494,0.44114190914003737,0.25222955153301774,0.3066285393269449,-0.28350000381469725,-0.1306046034157612,18.443804249614445,False,False,69.88976707022958,69.86928715911002,0.42085889917110386,3.787933511293966,6.365857108703384,2.3760932748945893,0.2639961860519558,0.15708803746675407,2.9296811294618976,0.3152371285451352,0.020479911119559803,1.0,1.0,False,1.0,41.016998291015625,2023-09-21,50.409000396728516,,0.0,0,0.0,0.02402044610070564,0.02402044610070564,0.0,0.0,0.02402044610070564,3.4198634364545315,-0.10349608623286152
2023-12-08,47.47954559326172,47.50600051879883,47.74100112915039,46.54999923706055,46.595001220703125,359224000,NVDA,35082000000.0,,0.78,,,,,,,,,,15.0,0.5,10.0,55.0396214582977,15.226282217563726,12.350000381469727,0.004299153642212783,0.008536858739049302,0.019529569797841262,1.645352113008261,40.0,1822.7219558652132,95.0,50.346414286014486,50.346414286014486,False,75.12370733768746,70.52846944428386,68.7966148275876,72.26032406098011,0.7807764064044153,70.12370733768746,4.999999999999999,57.04513123410804,0.44114190914003737,0.25222955153301774,0.3066285393269449,-0.28350000381469725,-0.1306046034157612,18.443804249614445,False,False,72.00670038655046,71.93664413422945,0.42085889917110386,3.787933511293966,5.976182560554456,2.3760932748945893,0.2639961860519558,0.16733089892542077,3.5965152214376133,0.6668340919757156,0.07005625232101295,1.0,1.0,False,1.0,41.016998291015625,2023-09-21,50.409000396728516,,0.0,0,0.0,0.019529569797841262,0.019529569797841262,0.0,0.0,0.019529569797841262,3.4866518981358556,-0.08598775047490831
2023-12-11,46.601036071777344,46.62699890136719,47.53099822998047,45.83000183105469,47.49100112915039,509728000,NVDA,35082000000.0,,0.78,,,,,,,,,,15.0,0.5,10.0,55.0396214582977,14.94455092992538,12.630000114440918,0.003889565362589442,0.008732398971629918,-0.01850295979102279,1.5972222559182003,40.0,1776.8891837680335,95.0,54.90829939167078,54.90829939167078,False,78.92731602332006,73.80728006924481,72.07542545254857,75.53913468594105,0.7807764064044151,73.92731602332006,4.999999999999999,58.443935400632775,0.44114190914003737,0.25222955153301774,0.3066285393269449,-0.28350000381469725,-0.1306046034157612,18.443804249614445,False,False,74.26844358296394,74.27825767676336,0.42085889917110386,3.787933511293966,6.111974249513697,2.3760932748945893,0.2639961860519558,0.1636132547645412,3.8036086856325966,0.2070934641949833,-0.009814093799423064,1.0,1.0,False,1.0,41.016998291015625,2023-09-21,50.409000396728516,,0.0,0,0.0,-0.01850295979102279,-0.01850295979102279,0.0,0.0,-0.01850295979102279,3.4221385182593544,-0.10289968237637341
2023-12-12,47.63046646118164,47.65700149536133,47.66600036621094,46.04600143432617,46.04600143432617,372387000,NVDA,35082000000.0,,0.78,,,,,,,,,,15.0,0.5,10.0,55.0396214582977,15.274679966461964,12.069999694824219,0.004567232870283933,0.006638695865799127,0.022090261399258404,1.6073549769554367,40.0,1781.9736639407492,95.0,60.09349377710778,60.09349377710778,False,82.62955411313878,77.25139178139806,75.5195371647018,78.98324639809431,0.7807764064044153,77.62955411313878,4.999999999999999,60.033863981165595,0.44114190914003737,0.25222955153301774,0.3066285393269449,-0.28350000381469725,-0.1306046034157612,18.443804249614445,False,False,76.53405294427311,76.41255477383902,0.42085889917110386,3.787933511293966,6.877064455512355,2.3760932748945893,0.2639961860519558,0.145410880829893,3.702238089818721,-0.10137059581387575,0.12149817043409143,1.0,1.0,False,1.0,41.016998291015625,2023-09-21,50.409000396728516,,0.0,0,0.0,0.022090261399258404,0.022090261399258404,0.0,0.0,0.022090261399258404,3.4977344526721743,-0.08308250185870979
2023-12-13,48.06122970581055,48.0880012512207,48.59400177001953,47.608001708984375,47.62900161743164,447792000,NVDA,35082000000.0,,0.78,,,,,,,,,,15.0,0.5,10.0,55.0396214582977,15.412820913852789,12.1899995803833,0.013790118104538118,0.008810876263002143,0.009043786691055766,1.6002422330408865,40.0,1768.2378383353691,95.0,65.34455893444559,65.34455893444559,False,85.42221419573707,80.44118446241619,78.70932984571995,82.17303907911243,0.7807764064044151,80.42221419573707,4.999999999999999,61.643990420270704,0.44114190914003737,0.25222955153301774,0.3066285393269449,-0.28350000381469725,-0.1306046034157612,18.443804249614445,False,False,77.32889027768512,77.38323708042982,0.42085889917110386,3.787933511293966,8.053951010971636,2.3760932748945893,0.2639961860519558,0.12416266235512638,2.792660082598289,-0.909578007220432,-0.054346802744699975,1.0,1.0,False,1.0,41.016998291015625,2023-09-21,50.409000396728516,,0.0,0,0.0,0.009043786691055766,0.009043786691055766,0.0,0.0,0.009043786691055766,3.529367216964098,-0.0747900955922235
2023-12-14,48.32307815551758,48.349998474121094,48.66999816894531,47.422000885009766,48.38999938964844,391232000,NVDA,35082000000.0,,0.78,,,,,,,,,,15.0,0.5,10.0,55.0396214582977,15.49679438273112,12.479999542236328,0.003209372509298536,-0.002458036735527358,0.0054482868092535774,1.5829762807758556,40.0,1759.4415911550202,93.09085278722297,70.21841742577676,70.21841742577676,False,86.6672539224603,82.87176853193495,81.13991391523871,84.60362314863119,0.7807764064044153,81.6672539224603,4.999999999999999,62.656911185064544,0.44114190914003737,0.25222955153301774,0.3066285393269449,-0.28350000381469725,-0.1306046034157612,18.443804249614445,False,False,76.62584953135992,76.6006305610763,0.42085889917110386,3.787933511293966,9.558426210387795,2.3760932748945893,0.2639961860519558,0.10461973320599909,1.2450397267232347,-1.518727130426143,0.025218970283610816,1.0,1.0,False,1.0,41.016998291015625,2023-09-21,50.409000396728516,,0.0,0,0.0,0.0054482868092535774,0.0054482868092535774,0.0,0.0,0.0054482868092535774,3.5485962218172955,-0.06974928667424782
2023-12-15,48.86277389526367,48.88999938964844,49.40399932861328,48.119998931884766,48.194000244140625,479948000,NVDA,35082000000.0,,0.78,,,,,,,,,,15.0,0.5,10.0,55.0396214582977,15.669871599246294,12.279999732971191,-0.00567789482831127,0.0050329843107430605,0.011168581852518011,1.5733449557053092,40.0,1754.477382420767,90.56364263436738,74.94958614112437,74.94958614112437,False,87.05655660291256,84.50546042774593,82.77360581104969,86.23731504444217,0.7807764064044151,82.05655660291256,4.999999999999999,63.47018545407646,0.44114190914003737,0.25222955153301774,0.3066285393269449,-0.28350000381469725,-0.1306046034157612,18.443804249614445,False,False,75.06329347960506,75.009946752247,0.42085889917110386,3.787933511293966,11.234904252976364,2.3760932748945893,0.2639961860519558,0.0890083241906649,0.3893026804522606,-0.8557370462709741,0.053346727358057254,1.0,1.0,False,1.0,41.016998291015625,2023-09-21,50.409000396728516,,0.0,0,0.0,0.011168581852518011,0.011168581852518011,0.0,0.0,0.011168581852518011,3.5882290091821982,-0.05935970543910587
2023-12-18,50.04911804199219,50.07699966430664,50.43299865722656,49.150001525878906,49.400001525878906,412587000,NVDA,35082000000.0,,0.78,,,,,,,,,,15.0,0.5,10.0,55.0396214582977,16.050320405226486,12.5600004196167,0.0056250713228847005,0.0007825203842539707,0.024278999580219507,1.566563541435172,40.0,1778.1537345972192,91.14594500344144,79.37148453312855,79.37148453312855,False,87.78572609059879,85.78603744589296,84.05418282919672,87.5178920625892,0.7807764064044153,82.78572609059879,4.999999999999999,64.97293956447703,0.44114190914003737,0.25222955153301774,0.3066285393269449,-0.28350000381469725,-0.1306046034157612,18.443804249614445,False,False,74.94890581729281,74.93233834015722,0.42085889917110386,3.787933511293966,12.99043319519997,2.3760932748945893,0.2639961860519558,0.07697972692469601,0.7291694876862209,0.33986680723396034,0.016567477135598665,1.0,1.0,False,1.0,41.016998291015625,2023-09-21,50.409000396728516,,0.0,0,0.0,0.024278999580219507,0.024278999580219507,0.0,0.0,0.024278999580219507,3.6753476197898642,-0.03652190012232437
2023-12-19,49.576377868652344,49.604000091552734,49.70000076293945,48.89500045776367,49.42399978637695,464444000,NVDA,35082000000.0,,0.78,,,,,,,,,,15.0,0.5,10.0,55.0396214582977,15.898717978061773,12.529999732971191,0.0060808846108111325,0.0038050336425070608,-0.009445445532373697,1.562442520670019,40.0,1752.9778058574145,87.93032422784124,84.15606804696277,84.15606804696277,False,87.44268117375833,86.43277161416053,84.70091699746429,88.16462623085677,0.7807764064044151,82.44268117375833,4.999999999999999,65.62895483248191,0.44114190914003737,0.25222955153301774,0.3066285393269449,-0.28350000381469725,-0.1306046034157612,18.443804249614445,False,False,72.52305007923046,72.53115972689557,0.42085889917110386,3.787933511293966,14.875153092699016,2.3760932748945893,0.2639961860519558,0.06722619886788375,-0.343044916840455,-1.072214404526676,-0.00810964766511006,1.0,1.0,False,1.0,41.016998291015625,2023-09-21,50.409000396728516,,0.0,0,0.0,-0.009445445532373697,-0.009445445532373697,0.0,0.0,-0.009445445532373697,3.6406323240345997,-0.04562238003635388
2023-12-20,48.08420944213867,48.111000061035156,49.999000549316406,48.097999572753906,49.654998779296875,397894000,NVDA,35082000000.0,,0.78,,,,,,,,,,15.0,0.5,10.0,55.0396214582977,15.420192327254858,13.670000076293945,-0.013857271129248727,-0.015110622257975881,-0.030098379722643065,1.661376086467919,40.0,1791.0960142820963,89.9415219733831,89.4886039377885,89.4886039377885,False,88.31382866772856,87.16711409742379,85.43525948072755,88.89896871412003,0.7807764064044153,83.31382866772856,4.999999999999999,67.77134602899656,0.44114190914003737,0.25222955153301774,0.3066285393269449,-0.28350000381469725,-0.1306046034157612,18.443804249614445,False,False,73.23262754846947,73.3053937890471,0.42085889917110386,3.787933511293966,16.90006443865563,2.3760932748945893,0.2639961860519558,0.05917137201635121,0.8711474939702271,1.214192410810682,-0.07276624057763456,1.0,1.0,False,1.0,41.016998291015625,2023-09-21,50.409000396728516,,0.0,0,0.0,-0.030098379722643065,-0.030098379722643065,0.0,0.0,-0.030098379722643065,3.531055189915278,-0.07434760004081198
2023-12-21,48.96271896362305,48.9900016784668,49.095001220703125,48.41899871826172,48.81100082397461,300425000,NVDA,35082000000.0,,0.78,,,,,,,,,,15.0,0.5,10.0,55.0396214582977,15.701923614893204,13.649999618530273,0.00948191677446153,0.01123005695879864,0.018270283642337848,1.6665929560206163,40.0,1735.6165074008875,81.46666367742067,94.67093732784436,94.67093732784436,False,86.97677862332729,87.09280937368563,85.36095475698939,88.82466399038186,0.7807764064044151,81.97677862332729,4.999999999999999,67.22278763939815,0.44114190914003737,0.25222955153301774,0.3066285393269449,-0.28350000381469725,-0.1306046034157612,18.443804249614445,False,False,66.86855371507444,66.99005188550854,0.42085889917110386,3.787933511293966,18.923280319951466,2.3760932748945893,0.2639961860519558,0.05284496044513305,-1.3370500444012663,-1.518727130426143,-0.12149817043409143,1.0,1.0,False,1.0,41.016998291015625,2023-09-21,50.409000396728516,,0.0,0,0.0,0.018270283642337848,0.018270283642337848,0.0,0.0,0.018270283642337848,3.595568569791779,-0.057435668139346883
2023-12-22,48.80281066894531,48.83000183105469,49.382999420166016,48.46699905395508,49.19499969482422,252507000,NVDA,35082000000.0,,0.78,,,,,,,,,,15.0,0.5,10.0,55.0396214582977,15.650641612517527,13.029999732971191,0.0020096925426713597,0.0013034410637238203,-0.003265969420908066,1.6636236919675145,40.0,1722.270289383155,70.81813558511368,99.74514182771921,99.74514182771921,False,85.18055418963459,86.34628750831983,84.61443289162358,88.07814212501609,0.7807764064044153,80.18055418963459,4.999999999999999,66.09281008823166,0.44114190914003737,0.25222955153301774,0.3066285393269449,-0.28350000381469725,-0.1306046034157612,18.443804249614445,False,False,52.09774994988981,52.16620891359149,0.42085889917110386,6.075856218600732,20.829768033440583,2.3760932748945893,0.16458585654785288,0.04800821585696861,-1.7962244336927,-0.4591743892914337,-0.06845896370167794,1.0,1.0,False,1.0,41.016998291015625,2023-09-21,50.409000396728516,,0.0,0,0.0,-0.003265969420908066,-0.003265969420908066,0.0,0.0,-0.003265969420908066,3.583825552792061,-0.06051405442444242
2023-12-26,49.251556396484375,49.27899932861328,49.599998474121094,48.959999084472656,48.96799850463867,244200000,NVDA,35082000000.0,,0.78,,,,,,,,,,15.0,0.5,10.0,55.0396214582977,15.79455106686323,12.989999771118164,0.004222527236930729,0.004165597703959412,0.009195115312755187,1.664033558065319,40.0,1716.2902052563497,60.82671480073705,100.0,100.0,False,81.41615204745676,84.42162078421,82.68976616751377,86.15347540090625,0.7807764064044151,76.41615204745676,4.999999999999999,63.650825293712664,0.44114190914003737,0.25222955153301774,0.3066285393269449,-0.28350000381469725,-0.1306046034157612,18.443804249614445,False,False,43.815617333895,43.78842798931628,0.42085889917110386,9.192791610896467,22.13820309555047,2.3760932748945893,0.10878088423267124,0.0451707844437017,-3.764402142177829,-1.518727130426143,0.02718934457871683,1.0,1.0,False,1.0,41.016998291015625,2023-09-21,50.409000396728516,,0.0,0,0.0,0.009195115312755187,0.009195115312755187,0.0,0.0,0.009195115312755187,3.6167792420107827,-0.051875372820162316
2023-12-27,49.389488220214844,49.41699981689453,49.68000030517578,49.084999084472656,49.51100158691406,233648000,NVDA,35082000000.0,,0.78,,,,,,,,,,15.0,0.5,10.0,55.0396214582977,15.8387819925944,12.430000305175781,0.0018080855254416495,-5.190440916880146e-05,0.0028003914479066694,1.641114483677867,40.0,1699.7559340748546,48.67151962982976,100.0,100.0,False,75.55380936420539,80.95973181761839,79.22787720092214,82.69158643431464,0.7807764064044153,70.55380936420539,4.999999999999999,60.584925866958415,0.44114190914003737,0.25222955153301774,0.3066285393269449,-0.28350000381469725,-0.1306046034157612,18.443804249614445,False,False,38.72639747161542,38.812174623977555,0.42085889917110386,12.994256401507085,22.91754905586847,2.3760932748945893,0.07695707773505371,0.04363468351533565,-5.86234268325137,-1.518727130426143,-0.08577715236213408,1.0,1.0,False,1.0,41.016998291015625,2023-09-21,50.409000396728516,,0.0,0,0.0,0.0028003914479066694,0.0028003914479066694,0.0,0.0,0.0028003914479066694,3.626907639669076,-0.04922025272265821
2023-12-28,49.49443054199219,49.52199935913086,49.88399887084961,49.4119987487793,49.643001556396484,246587000,NVDA,35082000000.0,,0.78,,,,,,,,,,15.0,0.5,10.0,55.0396214582977,15.872435692029121,12.470000267028809,0.00037773115379002853,0.001192755604107587,0.002124765619632596,1.6477806206887582,40.0,1683.870756816236,36.761273833592,100.0,100.0,False,67.53523884350994,75.71896812655554,73.9871135098593,77.45082274325178,0.7807764064044151,62.535238843509944,4.999999999999999,57.58080991112536,0.44114190914003737,0.25222955153301774,0.3066285393269449,-0.28350000381469725,-0.1306046034157612,18.443804249614445,False,False,36.435694843506866,36.33855945064201,0.42085889917110386,17.185996046259586,23.22843259557647,2.3760932748945893,0.058186909697191695,0.04305068781052562,-8.018570520695448,-1.518727130426143,0.09713539286485456,1.0,1.0,False,1.0,41.016998291015625,2023-09-21,50.409000396728516,,0.0,0,0.0,0.002124765619632596,0.002124765619632596,0.0,0.0,0.002124765619632596,3.634613968327428,-0.04720006860380029
2023-12-29,49.49443054199219,49.52199935913086,49.99700164794922,48.750999450683594,49.8129997253418,389293000,NVDA,35082000000.0,,0.78,,,,,,,,,,15.0,0.5,10.0,55.0396214582977,15.872435692029121,12.449999809265137,-0.002894973411954771,-0.0030559464147577042,0.0,1.6513463461593483,40.0,1666.2808581603217,26.423801355875725,100.0,100.0,False,58.91220758796627,69.15780707824591,67.42595246154966,70.88966169494216,0.7807764064044153,53.91220758796627,4.999999999999999,54.97339386408606,0.44114190914003737,0.25222955153301774,0.3066285393269449,-0.28350000381469725,-0.1306046034157612,18.443804249614445,False,False,35.15649144753064,35.277989617964735,0.42085889917110386,21.418376245326687,23.101546809863926,2.3760932748945893,0.046688880078768424,0.04328714471937519,-8.623031255543673,-0.6044607348482245,-0.12149817043409143,1.0,1.0,False,1.0,41.016998291015625,2023-09-21,50.409000396728516,,0.0,0,0.0,0.0,0.0,0.0,0.0,0.0,3.634613968327428,-0.04720006860380029
2024-01-02,48.14117431640625,48.167999267578125,49.29499816894531,47.595001220703125,49.24399948120117,411254000,NVDA,35082000000.0,,0.78,,,,,,,,,,15.0,0.5,10.0,55.0396214582977,15.438461303710938,13.199999809265137,-0.005596355380219964,-0.026184504353725546,-0.02734138583003487,1.5668295619460055,40.0,1718.018932543566,28.710603872531536,100.0,100.0,False,60.09517434702931,65.61986217002475,63.8880075533285,67.35171678672098,0.7807764064044151,55.09517434702931,4.999999999999999,55.55019303730674,0.44114190914003737,0.25222955153301774,0.3066285393269449,-0.28350000381469725,-0.1306046034157612,18.443804249614445,False,False,36.231925487312914,36.268659438456226,0.42085889917110386,24.190525703778754,22.614063582589228,2.3760932748945893,0.0413384980651244,0.044220270114120885,1.182966759063035,1.518727130426143,-0.0367339511433147,1.0,1.0,False,1.0,41.016998291015625,2023-09-21,50.409000396728516,,0.0,0,0.0,-0.02734138583003487,-0.02734138583003487,0.0,0.0,-0.02734138583003487,3.5352385854761534,-0.07325093914693458
2024-01-03,47.54251480102539,47.569000244140625,48.183998107910156,47.31999969482422,47.48500061035156,320896000,NVDA,35082000000.0,,0.78,,,,,,,,,,15.0,0.5,10.0,55.0396214582977,15.246474437224558,14.039999961853027,-0.008166688673242328,-0.010189946848226494,-0.012435621834944843,1.5655640639206414,40.0,1742.9554613921846,38.45973428156143,100.0,100.0,False,67.35394500177968,66.29682765091735,64.56497303422111,68.02868226761359,0.7807764064044153,62.35394500177968,4.999999999999999,58.00921182821325,0.44114190914003737,0.25222955153301774,0.3066285393269449,-0.28350000381469725,-0.1306046034157612,18.443804249614445,False,False,38.01990353903727,38.14140170947137,0.42085889917110386,25.411301249482968,21.730551084635742,2.3760932748945893,0.039352569558803945,0.04601816107217985,7.258770654750371,1.518727130426143,-0.12149817043409143,1.0,1.0,False,1.0,41.016998291015625,2023-09-21,50.409000396728516,,0.0,0,0.0,-0.012435621834944843,-0.012435621834944843,0.0,0.0,-0.012435621834944843,3.4912756953308666,-0.08477564000359361
2024-01-04,47.97127914428711,47.99800109863281,48.5,47.507999420166016,47.766998291015625,306535000,NVDA,35082000000.0,,0.78,,,,,,,,,,15.0,0.5,10.0,55.0396214582977,15.38397471110026,14.130000114440918,-0.0032210792425203527,-0.007330354224652336,0.009018496337749538,1.5427903419944058,40.0,1701.9450253334464,30.43558845472083,100.0,100.0,False,60.12490844975258,63.88738320366543,62.15552858696918,65.61923782036168,0.7807764064044151,55.12490844975258,4.999999999999999,55.98528512487371,0.44114190914003737,0.25222955153301774,0.3066285393269449,-0.28350000381469725,-0.1306046034157612,18.443804249614445,False,False,37.45836296317254,37.579861133606634,0.42085889917110386,26.8620760177581,20.62038954422504,2.3760932748945893,0.03722720460395226,0.048495689077807,-7.229036552027097,-1.518727130426143,-0.12149817043409143,1.0,1.0,False,1.0,41.016998291015625,2023-09-21,50.409000396728516,,0.0,0,0.0,0.009018496337749538,0.009018496337749538,0.0,0.0,0.009018496337749538,3.522761752403282,-0.07652169246474685
2024-01-05,49.06966018676758,49.09700012207031,49.547000885009766,48.305999755859375,48.46200180053711,415039000,NVDA,35082000000.0,,0.78,,,,,,,,,,15.0,0.5,10.0,55.0396214582977,15.736217987843048,13.350000381469727,0.00136965984015891,-0.0002715048718844315,0.022896766496153242,1.5354684336147182,40.0,1730.4670084676582,32.67572513810345,100.0,100.0,False,61.46677955872726,62.942408096053306,61.21055347935706,64.67426271274955,0.7807764064044153,56.46677955872726,4.999999999999999,56.550313795895974,0.44114190914003737,0.25222955153301774,0.3066285393269449,-0.28350000381469725,-0.1306046034157612,18.443804249614445,False,False,38.458003461089746,38.57950163152384,0.42085889917110386,27.687857480568102,19.19476467800682,2.3760932748945893,0.036116915174885605,0.05209753892663194,1.3418711089746793,1.518727130426143,-0.12149817043409143,1.0,1.0,False,1.0,41.016998291015625,2023-09-21,50.409000396728516,,0.0,0,0.0,0.022896766496153242,0.022896766496153242,0.0,0.0,0.022896766496153242,3.6034216056696393,-0.055377025292849415
2024-01-08,52.223907470703125,52.25299835205078,52.275001525878906,49.479000091552734,49.512001037597656,642510000,NVDA,35082000000.0,,0.78,,,,,,,,,,15.0,0.5,10.0,55.0396214582977,16.74775588206756,13.079999923706055,0.014275928543528549,0.025092388108288066,0.06428087708278873,1.6232588381922335,40.0,2055.4796202849757,55.10913970164167,100.0,100.0,False,77.73120744680543,68.7157809021114,66.98392628541517,70.44763551880764,0.7807764064044151,72.73120744680543,4.999999999999999,62.20868389061149,0.44114190914003737,0.25222955153301774,0.3066285393269449,-0.28350000381469725,-0.1306046034157612,18.443804249614445,False,False,42.45434971080735,42.502706569595205,0.42085889917110386,27.159160368356975,17.4626155118085,2.3760932748945893,0.03681998951503287,0.057265190275980364,16.264427888078167,1.518727130426143,-0.04835685878785796,1.0,1.0,False,1.0,41.016998291015625,2023-09-21,52.25299835205078,,0.0,0,0.0,0.06428087708278873,0.06428087708278873,0.0,0.0,0.06428087708278873,3.8350527069811546,0.0
2024-01-09,53.11041259765625,53.13999938964844,54.32500076293945,51.689998626708984,52.4010009765625,773100000,NVDA,35082000000.0,,0.78,,,,,,,,,,15.0,0.5,10.0,55.0396214582977,17.03205108642578,12.760000228881836,-0.0015170695563498926,0.0015894234621054437,0.016975122300572076,1.6232164036801482,40.0,2117.441563887328,70.06474941066715,100.0,100.0,False,84.39240968224894,74.83575184385731,73.10389722716107,76.56760646055355,0.7807764064044153,79.39240968224894,4.999999999999999,65.98093062042183,0.44114190914003737,0.25222955153301774,0.3066285393269449,-0.28350000381469725,-0.1306046034157612,18.443804249614445,False,False,45.98299258902436,45.86149441859027,0.42085889917110386,26.374471847899873,15.524365930006192,2.3760932748945893,0.03791545118958002,0.06441486914883622,6.661202235443511,-1.518727130426143,0.12149817043409143,1.0,1.0,False,1.0,41.016998291015625,2023-09-21,53.13999938964844,,0.0,0,0.0,0.016975122300572076,0.016975122300572076,0.0,0.0,0.016975122300572076,3.9001531957112996,0.0
2024-01-10,54.31973648071289,54.349998474121094,54.599998474121094,53.48899841308594,53.61600112915039,533796000,NVDA,35082000000.0,,0.78,,,,,,,,,,15.0,0.5,10.0,55.0396214582977,17.41987130580804,12.6899995803833,0.0056554246817059894,0.008516719570099918,0.022770024433014235,1.6119048404842915,40.0,2181.144859494774,80.0351558833508,100.0,100.0,False,87.0118244342263,79.58914694447111,77.85729232777487,81.32100156116735,0.7807764064044151,82.0118244342263,4.999999999999999,68.49576177362871,0.44114190914003737,0.25222955153301774,0.3066285393269449,-0.28350000381469725,-0.1306046034157612,18.443804249614445,False,False,49.09304259304111,48.97154442260702,0.42085889917110386,25.70949180751377,13.510250900765142,2.3760932748945893,0.03889614028495667,0.07401787038191614,2.6194147519773594,-1.518727130426143,0.12149817043409143,1.0,1.0,False,1.0,41.016998291015625,2023-09-21,54.349998474121094,,0.0,0,0.0,0.022770024433014235,0.022770024433014235,0.0,0.0,0.022770024433014235,3.9889597792701443,0.0
2024-01-11,54.791473388671875,54.821998596191406,55.34600067138672,53.560001373291016,54.999000549316406,596759000,NVDA,35082000000.0,,0.78,,,,,,,,,,15.0,0.5,10.0,55.0396214582977,17.571153396215195,12.4399995803833,-0.00044064012118916196,0.005087863895919087,0.008684455111715561,1.6139540595125665,40.0,2168.7152926685894,86.68209353180657,100.0,100.0,False,88.00595753068683,82.87497050591719,81.14311588922095,84.60682512261343,0.7807764064044153,83.00595753068683,4.999999999999999,70.17231587576666,0.44114190914003737,0.25222955153301774,0.3066285393269449,-0.28350000381469725,-0.1306046034157612,18.443804249614445,False,False,51.96453550771176,52.08603367814585,0.42085889917110386,25.264745174360538,11.521148999767936,2.3760932748945893,0.03958084647593563,0.08679689847081593,0.9941330964605299,-1.518727130426143,-0.12149817043409143,1.0,1.0,False,1.0,41.016998291015625,2023-09-21,54.821998596191406,,0.0,0,0.0,0.008684455111715561,0.008684455111715561,0.0,0.0,0.008684455111715561,4.0236017214156545,0.0
2024-01-12,54.679534912109375,54.709999084472656,54.970001220703125,54.33000183105469,54.619998931884766,352994000,NVDA,35082000000.0,,0.78,,,,,,,,,,15.0,0.5,10.0,55.0396214582977,17.535256116818157,12.699999809265137,0.00069273972507089,0.00323562463091287,-0.0020429665934603713,1.5685155928676822,40.0,2144.949812580659,91.11338529744376,100.0,100.0,False,88.26817640298165,84.98041446557174,83.2485598488755,86.71226908226798,0.7807764064044151,83.26817640298165,4.999999999999999,71.29001861052528,0.44114190914003737,0.25222955153301774,0.3066285393269449,-0.28350000381469725,-0.1306046034157612,18.443804249614445,False,False,55.635592036118254,55.51409386568416,0.42085889917110386,25.033637700568438,9.606055117511184,2.3760932748945893,0.039946251997459124,0.10410100585172243,0.26221887229482377,-0.7319142241657062,0.12149817043409143,1.0,1.0,False,1.0,41.016998291015625,2023-09-21,54.821998596191406,,0.0,0,0.0,-0.0020429665934603713,-0.0020429665934603713,0.0,0.0,-0.0020429665934603713,4.015381637513412,-0.002042966593460454
2024-01-16,56.350608825683594,56.38199996948242,56.834999084472656,54.900001525878906,55.018001556396484,449580000,NVDA,35082000000.0,,0.78,,,,,,,,,,15.0,0.5,10.0,55.0396214582977,18.07115383637257,13.84000015258789,-0.0036712260361014826,0.002496856605406883,0.030561157247109172,1.5173468374177714,40.0,2142.029572275109,94.06757980786854,100.0,100.0,False,88.15519829514093,86.21981262035268,84.48795800365644,87.95166723704892,0.7807764064044153,83.15519829514093,4.999999999999999,72.03515376703102,0.44114190914003737,0.25222955153301774,0.3066285393269449,-0.28350000381469725,-0.1306046034157612,18.443804249614445,False,False,59.854610850930044,59.73311268049595,0.42085889917110386,25.093136014762855,7.752124646584916,2.3760932748945893,0.03985153547215771,0.12899689383097512,-0.11297810784071771,-0.3751969801355415,0.12149817043409143,1.0,1.0,False,1.0,41.016998291015625,2023-09-21,56.38199996948242,,0.0,0,0.0,0.030561157247109172,0.030561157247109172,0.0,0.0,0.030561157247109172,4.138096347144614,0.0
2024-01-17,56.02178955078125,56.053001403808594,56.47100067138672,54.7400016784668,56.34700012207031,474394000,NVDA,35082000000.0,,0.78,,,,,,,,,,15.0,0.5,10.0,55.0396214582977,17.96570557814378,14.789999961853027,-0.0055586805878179435,-0.004929415432881057,-0.0058351701935351885,1.5239960332655338,40.0,2120.81859014721,95.0,100.0,100.0,False,87.5887441795024,86.75422735203594,85.0223727353397,88.48608196873218,0.7807764064044151,82.5887441795024,4.999999999999999,72.27033769393267,0.44114190914003737,0.25222955153301774,0.3066285393269449,-0.28350000381469725,-0.1306046034157612,18.443804249614445,False,False,65.1697592170115,65.2912573874456,0.42085889917110386,25.353035865440077,5.970764945321407,2.3760932748945893,0.03944300813943735,0.16748272778408127,-0.5664541156385354,-0.4534760077978177,-0.12149817043409143,1.0,1.0,False,1.0,41.016998291015625,2023-09-21,56.38199996948242,,0.0,0,0.0,-0.0058351701935351885,-0.0058351701935351885,0.0,0.0,-0.0058351701935351885,4.113949850681779,-0.0058351701935352345
2024-01-18,57.07520294189453,57.106998443603516,57.599998474121094,56.106998443603516,57.2599983215332,491650000,NVDA,35082000000.0,,0.78,,,,,,,,,,15.0,0.5,10.0,55.0396214582977,18.303525142180614,14.130000114440918,0.00889280233217904,0.0202847124314689,0.018803578994849524,1.509357908100788,40.0,2107.334623940104,95.0,100.0,100.0,False,86.81570524685343,86.77822759693039,85.04637298023414,88.51008221362665,0.7807764064044153,81.81570524685343,4.999999999999999,72.27033769393267,0.44114190914003737,0.25222955153301774,0.3066285393269449,-0.28350000381469725,-0.1306046034157612,18.443804249614445,False,False,73.32424064135942,73.44573881179352,0.42085889917110386,25.577343710160857,4.223852741619949,2.3760932748945893,0.03909710137737016,0.23675067791697585,-0.7730389326489728,-0.2065848170104374,-0.12149817043409143,1.0,1.0,False,1.0,41.016998291015625,2023-09-21,57.106998443603516,,0.0,0,0.0,0.018803578994849524,0.018803578994849524,0.0,0.0,0.018803578994849524,4.191306831679923,0.0
2024-01-19,59.4578742980957,59.49100112915039,59.5,57.224998474121094,57.98899841308594,543501000,NVDA,35082000000.0,,0.78,,,,,,,,,,15.0,0.5,10.0,55.0396214582977,19.06762856703538,13.300000190734863,0.01246616416534696,0.02305016059707521,0.04174624390215875,1.5408502955888892,40.0,2105.2682625878642,95.0,100.0,100.0,False,86.05506909382707,86.49591504827349,84.76406043157725,88.22776966496973,0.7807764064044151,81.05506909382707,4.999999999999999,72.27033769393267,0.44114190914003737,0.25222955153301774,0.3066285393269449,-0.28350000381469725,-0.1306046034157612,18.443804249614445,False,False,79.39062398997677,79.51212216041087,0.42085889917110386,25.956820401845153,3.192701630657041,2.3760932748945893,0.03852551986409378,0.3132143606523624,-0.7606361530263541,0.01240277962261871,-0.12149817043409143,1.0,1.0,False,1.0,41.016998291015625,2023-09-21,59.49100112915039,,0.0,0,0.0,0.04174624390215875,0.04174624390215875,0.0,0.0,0.04174624390215875,4.3662781489440174,0.0
2024-01-22,59.620784759521484,59.65399932861328,60.33100128173828,59.06999969482422,60.04899978637695,452955000,NVDA,35082000000.0,,0.78,,,,,,,,,,15.0,0.5,10.0,55.0396214582977,19.119871579683743,13.1899995803833,0.002114336891851476,0.004396287609843341,0.0027398799208140368,1.5372143340278557,40.0,2086.389742708599,95.0,100.0,100.0,False,85.30974367329044,86.03284773650397,84.30099311980771,87.76470235320022,0.7807764064044153,80.30974367329044,4.999999999999999,72.27033769393267,0.44114190914003737,0.25222955153301774,0.3066285393269449,-0.28350000381469725,-0.1306046034157612,18.443804249614445,False,False,79.22733945074998,79.28589258868324,0.42085889917110386,26.23210255612489,3.192701630657041,2.3760932748945893,0.03812122943101683,0.3132143606523624,-0.7453254205366306,0.015310732489723478,-0.0585531379332565,1.0,1.0,False,1.0,41.016998291015625,2023-09-21,59.65399932861328,,0.0,0,0.0,0.0027398799208140368,0.0027398799208140368,0.0,0.0,0.0027398799208140368,4.378241226772999,0.0
2024-01-23,59.839664459228516,59.87300109863281,59.90999984741211,58.584999084472656,59.56999969482422,294654000,NVDA,35082000000.0,,0.78,,,,,,,,,,15.0,0.5,10.0,55.0396214582977,19.190064454690003,12.550000190734863,0.0029164817642561847,0.004028836340704833,0.0036712001288148333,1.471302328399221,40.0,2067.315944259032,95.0,100.0,100.0,False,84.57459985066396,85.46356496452746,83.73171034783122,87.1954195812237,0.7807764064044151,79.57459985066396,4.999999999999999,72.27033769393267,0.44114190914003737,0.25222955153301774,0.3066285393269449,-0.28350000381469725,-0.1306046034157612,18.443804249614445,False,False,79.20814701554552,79.23816277395636,0.42085889917110386,26.830223256816282,3.192701630657041,2.3760932748945893,0.037271400630106484,0.3132143606523624,-0.7351438226264833,0.010181597910147389,-0.030015758410843318,1.0,1.0,False,1.0,41.016998291015625,2023-09-21,59.87300109863281,,0.0,0,0.0,0.0036712001288148333,0.0036712001288148333,0.0,0.0,0.0036712001288148333,4.39431462652871,0.0
2024-01-24,61.32783126831055,61.36199951171875,62.8489990234375,59.9379997253418,60.30400085449219,560271000,NVDA,35082000000.0,,0.78,,,,,,,,,,15.0,0.5,10.0,55.0396214582977,19.66730753580729,13.140000343322754,0.0010931594952936496,0.006885957522270836,0.024869279738174654,1.4461723980404493,40.0,2056.1145937489077,95.0,100.0,100.0,False,83.84393259674073,84.83127959461906,83.09942497792281,86.56313421131532,0.7807764064044153,78.84393259674073,4.999999999999999,72.27033769393267,0.44114190914003737,0.25222955153301774,0.3066285393269449,-0.28350000381469725,-0.1306046034157612,18.443804249614445,False,False,79.20302712172662,79.23930520235045,0.42085889917110386,27.57930688290685,3.192701630657041,2.3760932748945893,0.03625906931764778,0.3132143606523624,-0.7306672539232295,0.004476568703253747,-0.03627808062382542,1.0,1.0,False,1.0,41.016998291015625,2023-09-21,61.36199951171875,,0.0,0,0.0,0.024869279738174654,0.024869279738174654,0.0,0.0,0.024869279738174654,4.503598066233406,0.0
2024-01-25,61.58269119262695,61.617000579833984,62.71900177001953,60.849998474121094,62.349998474121094,482777000,NVDA,35082000000.0,,0.78,,,,,,,,,,15.0,0.5,10.0,55.0396214582977,19.749038647382687,13.449999809265137,0.0054388925424671,0.004182071850015401,0.004155683813180433,1.4478879873698265,40.0,2036.0898796736678,95.0,100.0,100.0,False,83.11067147069356,84.15957448070466,82.42771986400842,85.8914290974009,0.7807764064044151,78.11067147069356,4.999999999999999,72.27033769393267,0.44114190914003737,0.25222955153301774,0.3066285393269449,-0.28350000381469725,-0.1306046034157612,18.443804249614445,False,False,79.23015085676506,79.2466776421259,0.42085889917110386,28.19569314348767,3.192701630657041,2.3760932748945893,0.0354664095296756,0.3132143606523624,-0.733261126047168,-0.0025938721239384677,-0.016526785360834993,1.0,1.0,False,1.0,41.016998291015625,2023-09-21,61.617000579833984,,0.0,0,0.0,0.004155683813180433,0.004155683813180433,0.0,0.0,0.004155683813180433,4.522313595818322,0.0
2024-01-26,60.99701690673828,61.03099822998047,61.78300094604492,60.573001861572266,60.959999084472656,390309000,NVDA,35082000000.0,,0.78,,,,,,,,,,15.0,0.5,10.0,55.0396214582977,19.561217381403996,13.260000228881836,-0.0012704037021049608,-0.011513993303477688,-0.009510400446939404,1.4331692054489344,40.0,2023.6849775759586,95.0,100.0,100.0,False,82.37445302835442,83.46268412442394,81.73082950772769,85.1945387411202,0.7807764064044153,77.37445302835442,4.999999999999999,72.27033769393267,0.44114190914003737,0.25222955153301774,0.3066285393269449,-0.28350000381469725,-0.1306046034157612,18.443804249614445,False,False,78.84438700528341,78.8433947829136,0.42085889917110386,28.322276608525918,3.192701630657041,2.3760932748945893,0.03530789610673345,0.3132143606523624,-0.7362184423391369,-0.0029573162919689366,0.0009922223698094967,1.0,1.0,False,1.0,41.016998291015625,2023-09-21,61.617000579833984,,0.0,0,0.0,-0.009510400446939404,-0.009510400446939404,0.0,0.0,-0.009510400446939404,4.479304582575452,-0.009510400446939342
2024-01-29,62.43022155761719,62.46500015258789,62.48899841308594,60.90700149536133,61.231998443603516,348733000,NVDA,35082000000.0,,0.78,,,,,,,,,,15.0,0.5,10.0,55.0396214582977,20.020833382239708,13.600000381469727,0.007919380649885843,0.00916979481296476,0.023496288184632563,1.454764712264989,40.0,1984.6846896922132,95.0,100.0,100.0,False,81.65040142083174,82.75519033607415,81.02333571937791,84.48704495277039,0.7807764064044151,76.65040142083174,4.999999999999999,72.27033769393267,0.44114190914003737,0.25222955153301774,0.3066285393269449,-0.28350000381469725,-0.1306046034157612,18.443804249614445,False,False,78.18358366127482,78.18235880267565,0.42085889917110386,27.54290533921243,3.192701630657041,2.3760932748945893,0.036306990409479954,0.3132143606523624,-0.7240516075226822,0.012166834816454752,0.0012248585991778782,1.0,1.0,False,1.0,41.016998291015625,2023-09-21,62.46500015258789,,0.0,0,0.0,0.023496288184632563,0.023496288184632563,0.0,0.0,0.023496288184632563,4.58455161391439,0.0
2024-01-30,62.73904037475586,62.77399826049805,63.49300003051758,62.2599983215332,62.900001525878906,410735000,NVDA,35082000000.0,,0.78,,,,,,,,,,15.0,0.5,10.0,55.0396214582977,20.119871237339115,13.3100004196167,-0.0007734532410523798,-0.00825151220140996,0.004946739888823215,1.4008374082172872,40.0,1959.9562676590617,93.56681987679836,100.0,100.0,False,80.31827908855051,81.80384893279015,80.0719943160939,83.53570354948639,0.7807764064044153,75.31827908855051,4.999999999999999,71.90884731419149,0.44114190914003737,0.25222955153301774,0.3066285393269449,-0.28350000381469725,-0.1306046034157612,18.443804249614445,False,False,77.46838836069499,77.46757383286217,0.42085889917110386,25.390261712116793,3.192701630657041,2.3760932748945893,0.03938517890592589,0.3132143606523624,-1.3321223322812301,-0.608070724758548,0.0008145278328117911,1.0,1.0,False,1.0,41.016998291015625,2023-09-21,62.77399826049805,,0.0,0,0.0,0.004946739888823215,0.004946739888823215,0.0,0.0,0.004946739888823215,4.6072301982553086,0.0
2024-01-31,61.49274444580078,61.527000427246094,62.26900100708008,60.70000076293945,61.439998626708984,453795000,NVDA,35082000000.0,,0.78,,,,,,,,,,15.0,0.5,10.0,55.0396214582977,19.720192444630158,14.350000381469727,-0.016317320635176435,-0.020998442609020174,-0.019864878258625374,1.3670343779297787,40.0,1978.0111683781877,92.53315506072924,100.0,100.0,False,79.1385098852488,80.7633320110958,79.03147739439956,82.49518662779204,0.7807764064044151,74.1385098852488,4.999999999999999,71.64812650119892,0.44114190914003737,0.25222955153301774,0.3066285393269449,-0.28350000381469725,-0.1306046034157612,18.443804249614445,False,False,76.93464637727556,76.9342882517793,0.42085889917110386,22.77207484159998,3.192701630657041,2.3760932748945893,0.043913433754099646,0.3132143606523624,-1.179769203301717,0.15235312897951303,0.00035812549626029977,1.2,1.0,True,1.2,41.016998291015625,2023-09-21,62.77399826049805,,0.0,0,0.0,-0.019864878258625374,-0.019864878258625374,0.19999999999999996,9.999999999999998e-05,-0.019964878258625373,4.515247408237679,-0.019964878258625394
2024-02-01,62.991905212402344,63.027000427246094,63.191001892089844,61.650001525878906,62.099998474121094,369146000,NVDA,35082000000.0,,0.78,,,,,,,,,,15.0,0.5,10.0,55.0396214582977,20.200961675399387,13.880000114440918,0.013088152875065706,0.01259614318808655,0.02437954052016078,1.3516736934359572,40.0,1919.7904632678085,83.67994397450089,100.0,100.0,False,73.75632958896094,78.02788092568505,76.29602630898881,79.75973554238129,0.7807764064044153,68.75632958896094,4.999999999999999,69.41508503929239,0.44114190914003737,0.25222955153301774,0.3066285393269449,-0.28350000381469725,-0.1306046034157612,18.443804249614445,False,False,75.50019615554544,75.50040366531536,0.42085889917110386,20.454322115538822,3.192701630657041,2.3760932748945893,0.04888942270251606,0.3132143606523624,-5.382180296287856,-1.518727130426143,-0.00020750976991507742,1.2,1.2,False,1.2,41.016998291015625,2023-09-21,63.027000427246094,,0.0,0,0.0,0.02437954052016078,0.029255448624192937,0.0,0.0,0.029255448624192937,4.6473429968148965,0.0
2024-02-02,66.12316131591797,66.16000366210938,66.5999984741211,63.689998626708984,63.9739990234375,476578000,NVDA,35082000000.0,,0.78,,,,,,,,,,15.0,0.5,10.0,55.0396214582977,21.20512937888121,13.850000381469727,0.010527378920638375,0.010341246656113023,0.049708905923260494,1.3912076868214083,40.0,1877.7847105783203,68.56431193864891,100.0,100.0,False,62.96156986394834,72.14617082140812,70.41431620471188,73.87802543810436,0.7807764064044151,57.96156986394834,4.999999999999999,65.60247594975134,0.44114190914003737,0.25222955153301774,0.3066285393269449,-0.28350000381469725,-0.1306046034157612,18.443804249614445,False,False,73.0723165748549,73.07255316015825,0.42085889917110386,16.706386668420382,3.192701630657041,2.3760932748945893,0.0598573479620385,0.3132143606523624,-10.794759725012597,-1.518727130426143,-0.00023658530335751493,1.2,1.2,False,1.2,41.016998291015625,2023-09-21,66.16000366210938,,0.0,0,0.0,0.049708905923260494,0.05965068710791259,0.0,0.0,0.05965068710791259,4.924560199801051,0.0
2024-02-05,69.29340362548828,69.33200073242188,69.49700164794922,67.20500183105469,68.2249984741211,680078000,NVDA,35082000000.0,,0.78,,,,,,,,,,15.0,0.5,10.0,55.0396214582977,22.22179510654547,13.670000076293945,-0.003641181932482751,0.0022744830032832564,0.04794433033154655,1.408558041967724,40.0,1994.0201053719534,76.40791040826834,100.0,100.0,False,68.06443623498843,70.55270979026743,68.82085517357118,72.28456440696368,0.7807764064044153,63.06443623498844,4.999999999999999,67.5808632741485,0.44114190914003737,0.25222955153301774,0.3066285393269449,-0.28350000381469725,-0.1306046034157612,18.443804249614445,False,False,75.02314366610243,75.02217031931711,0.42085889917110386,11.538974150930315,3.192701630657041,2.3760932748945893,0.08666281654850369,0.3132143606523624,5.102866371040093,1.518727130426143,0.0009733467853163802,1.2,1.2,False,1.2,41.016998291015625,2023-09-21,69.33200073242188,,0.0,0,0.0,0.04794433033154655,0.057533196397855854,0.0,0.0,0.057533196397855854,5.207885888949269,0.0
2024-02-06,68.18501281738281,68.2229995727539,69.75399780273438,66.30000305175781,69.62999725341797,683111000,NVDA,35082000000.0,,0.78,,,,,,,,,,15.0,0.5,10.0,55.0396214582977,21.866346016908302,13.0600004196167,0.0029033057127196837,-0.00458802510992995,-0.015995516470785565,1.4227411825306553,40.0,1964.5514975682024,78.65844080505188,100.0,100.0,False,69.0367199562053,69.96088524287511,68.22903062617887,71.69273985957135,0.7807764064044151,64.0367199562053,4.999999999999999,68.14851354684065,0.44114190914003737,0.25222955153301774,0.3066285393269449,-0.28350000381469725,-0.1306046034157612,18.443804249614445,False,False,75.94349872065033,75.99214437863101,0.42085889917110386,8.998731211721863,3.192701630657041,2.3760932748945893,0.11112677737250194,0.3132143606523624,0.9722837212168685,-1.518727130426143,-0.048645657980683835,1.2,1.2,False,1.2,41.016998291015625,2023-09-21,69.33200073242188,,0.0,0,0.0,-0.015995516470785565,-0.019194619764942678,0.0,0.0,-0.019194619764942678,5.107922499531678,-0.019194619764942602
2024-02-07,70.0599594116211,70.0989990234375,70.22000122070312,67.5999984741211,68.31900024414062,495575000,NVDA,35082000000.0,,0.78,,,,,,,,,,15.0,0.5,10.0,55.0396214582977,22.467627892127403,12.829999923706055,0.008340408570300495,0.013232879577778522,0.027498049960160476,1.4463334812431778,40.0,1936.5469318432083,75.38392508863393,100.0,100.0,False,66.09853157708729,68.45306793515674,66.72121331846049,70.18492255185299,0.7807764064044153,61.098531577087286,4.999999999999999,67.32258391620073,0.44114190914003737,0.25222955153301774,0.3066285393269449,-0.28350000381469725,-0.1306046034157612,18.443804249614445,False,False,74.6826294400208,74.67044118970244,0.42085889917110386,8.488771793290589,3.192701630657041,2.3760932748945893,0.11780267208860375,0.3132143606523624,-2.9381883791180172,-1.518727130426143,0.012188250318361044,1.2,1.2,False,1.2,41.016998291015625,2023-09-21,70.0989990234375,,0.0,0,0.0,0.027498049960160476,0.032997659952192566,0.0,0.0,0.032997659952192566,5.276471989233378,0.0
2024-02-08,69.60221099853516,69.64099884033203,70.79399871826172,69.45500183105469,70.0739974975586,414422000,NVDA,35082000000.0,,0.78,,,,,,,,,,15.0,0.5,10.0,55.0396214582977,22.320832961644882,12.789999961853027,0.000441680823142665,0.0031304998141539198,-0.006533619445155514,1.4939577477608603,40.0,1926.1359596178017,70.6444273033354,100.0,100.0,False,61.844870463811915,65.87330559791306,64.14145098121682,67.6051602146093,0.7807764064044151,56.844870463811915,4.999999999999999,66.12714251532314,0.44114190914003737,0.25222955153301774,0.3066285393269449,-0.28350000381469725,-0.1306046034157612,18.443804249614445,False,False,72.15260761024307,72.27410578067716,0.42085889917110386,9.225907932121439,3.192701630657041,2.3760932748945893,0.1083904161365348,0.3132143606523624,-4.2536611132753706,-1.3154727341573533,-0.12149817043409143,1.2,1.2,False,1.2,41.016998291015625,2023-09-21,70.0989990234375,,0.0,0,0.0,-0.006533619445155514,-0.007840343334186617,0.0,0.0,-0.007840343334186617,5.2351026372445695,-0.007840343334186617
2024-02-09,72.09284210205078,72.13300323486328,72.18499755859375,70.21199798583984,70.53299713134766,436637000,NVDA,35082000000.0,,0.78,,,,,,,,,,15.0,0.5,10.0,55.0396214582977,23.119552318866436,12.930000305175781,0.0057794285609300555,0.013458135762596912,0.03578358202823506,1.5372401630215982,40.0,1930.3993339702167,67.78641720562284,100.0,100.0,False,58.86323257178563,63.13665578492691,61.40480116823066,64.86851040162315,0.7807764064044153,53.86323257178563,4.999999999999999,65.40626791010027,0.44114190914003737,0.25222955153301774,0.3066285393269449,-0.28350000381469725,-0.1306046034157612,18.443804249614445,False,False,70.40669689936425,70.52819506979834,0.42085889917110386,10.306201329839078,3.192701630657041,2.3760932748945893,0.09702896033136334,0.3132143606523624,-2.981637892026285,1.2720232212490856,-0.12149817043409143,1.2,1.2,False,1.2,41.016998291015625,2023-09-21,72.13300323486328,,0.0,0,0.0,0.03578358202823506,0.04294029843388207,0.0,0.0,0.04294029843388207,5.459899506819855,0.0
2024-02-12,72.20777130126953,72.24800109863281,74.61100006103516,71.25,72.5999984741211,613710000,NVDA,35082000000.0,,0.78,,,,,,,,,,15.0,0.5,10.0,55.0396214582977,23.156410608536156,13.930000305175781,-0.0004389489532020674,-0.007602010483516608,0.0015942475512229493,1.55954398798687,40.0,1909.536445479279,60.89855334306309,100.0,100.0,False,52.28668039073322,58.90095338599947,57.169098769303226,60.63280800269572,0.7807764064044151,47.28668039073322,4.999999999999999,63.668945097026345,0.44114190914003737,0.25222955153301774,0.3066285393269449,-0.28350000381469725,-0.1306046034157612,18.443804249614445,False,False,67.99193889905486,67.87044072862076,0.42085889917110386,11.83045749949938,3.192701630657041,2.3760932748945893,0.0845275848412723,0.3132143606523624,-6.5765521810524135,-1.518727130426143,0.12149817043409143,1.2,1.2,False,1.2,41.016998291015625,2023-09-21,72.24800109863281,,0.0,0,0.0,0.0015942475512229493,0.001913097061467539,0.0,0.0,0.001913097061467539,5.47034482452226,0.0
2024-02-13,72.08784484863281,72.12799835205078,73.44999694824219,69.62000274658203,70.4000015258789,602580000,NVDA,35082000000.0,,0.78,,,,,,,,,,15.0,0.5,10.0,55.0396214582977,23.117948189759865,15.850000381469727,-0.01377305334094614,-0.016968874688319646,-0.0016609836224839025,1.4852803837885704,40.0,1887.753161783276,51.33770754214669,100.0,100.0,False,43.42561822311688,52.85956509780979,51.127710481113546,54.59141971450604,0.7807764064044153,38.42561822311688,4.999999999999999,61.25741724838487,0.44114190914003737,0.25222955153301774,0.3066285393269449,-0.28350000381469725,-0.1306046034157612,18.443804249614445,False,False,64.91396069720727,65.03545886764137,0.42085889917110386,13.940343939850496,3.192701630657041,2.3760932748945893,0.07173424158792488,0.3132143606523624,-8.861062167616339,-1.518727130426143,-0.12149817043409143,1.2,1.2,False,1.2,41.016998291015625,2023-09-21,72.24800109863281,,0.0,0,0.0,-0.0016609836224839025,-0.001993180346980683,0.0,0.0,-0.001993180346980683,5.459441440726815,-0.001993180346980651
2024-02-14,73.8588638305664,73.9000015258789,74.23600006103516,71.93800354003906,73.2020034790039,504917000,NVDA,35082000000.0,,0.78,,,,,,,,,,15.0,0.5,10.0,55.0396214582977,23.685897924961186,14.380000114440918,0.009087639398436487,0.010455762642591182,0.024567480233946393,1.4924595444470545,40.0,1876.1267842236823,42.4579830473026,100.0,100.0,False,35.96036502420305,46.26231674551984,44.530462128823594,47.994171362216086,0.7807764064044151,30.960365024203053,4.999999999999999,59.017688321313585,0.44114190914003737,0.25222955153301774,0.3066285393269449,-0.28350000381469725,-0.1306046034157612,18.443804249614445,False,False,62.88671332540084,63.008211495834935,0.42085889917110386,16.431575483525048,3.192701630657041,2.3760932748945893,0.06085843691632856,0.3132143606523624,-7.465253198913828,1.3958089687025108,-0.12149817043409143,1.2,1.2,False,1.2,41.016998291015625,2023-09-21,73.9000015258789,,0.0,0,0.0,0.024567480233946393,0.02948097628073567,0.0,0.0,0.02948097628073567,5.6203911043469486,0.0
2024-02-15,72.61753845214844,72.65799713134766,73.9749984741211,72.4000015258789,73.86900329589844,420122000,NVDA,35082000000.0,,0.78,,,,,,,,,,15.0,0.5,10.0,55.0396214582977,23.287819593380657,14.010000228881836,0.00689973803251509,-0.0020988282132083924,-0.016806554382767014,1.5017033457722846,40.0,1882.432572066999,37.13764876426137,100.0,100.0,False,31.91100047969046,40.659732174916094,38.92787755821985,42.39158679161234,0.7807764064044153,26.91100047969046,4.999999999999999,57.67574279109636,0.44114190914003737,0.25222955153301774,0.3066285393269449,-0.28350000381469725,-0.1306046034157612,18.443804249614445,False,False,61.948586978508004,62.053824797240594,0.42085889917110386,18.78065534335991,3.192701630657041,2.3760932748945893,0.05324627824308378,0.3132143606523624,-4.0493645445125885,1.518727130426143,-0.10523781873258826,1.2,1.2,False,1.2,41.016998291015625,2023-09-21,73.9000015258789,,0.0,0,0.0,-0.016806554382767014,-0.020167865259320416,0.0,0.0,-0.020167865259320416,5.507039813849796,-0.020167865259320412
2024-02-16,72.57255554199219,72.61299896240234,74.4020004272461,72.5009994506836,74.0999984741211,495327000,NVDA,35082000000.0,,0.78,,,,,,,,,,15.0,0.5,10.0,55.0396214582977,23.273397103334084,14.239999771118164,-0.004979980381600746,-0.0091953516854264,-0.000619314744720656,1.4909586480797765,40.0,1862.7753012167377,30.27294851585678,100.0,100.0,False,27.883330971346897,35.671975865664194,33.94012124896795,37.40383048236044,0.7807764064044151,22.883330971346897,4.999999999999999,55.944262526032674,0.44114190914003737,0.25222955153301774,0.3066285393269449,-0.28350000381469725,-0.1306046034157612,18.443804249614445,False,False,61.087905529694254,60.98614367199433,0.42085889917110386,21.16004243046269,3.192701630657041,2.3760932748945893,0.04725888444157216,0.3132143606523624,-4.027669508343564,0.021695036169024462,0.10176185769992685,1.2,1.2,False,1.2,41.016998291015625,2023-09-21,73.9000015258789,,0.0,0,0.0,-0.000619314744720656,-0.0007431776936647871,0.0,0.0,-0.0007431776936647871,5.502947104702019,-0.020896054645395616
2024-02-20,69.413330078125,69.4520034790039,71.95600128173828,67.73400115966797,71.9469985961914,704833000,NVDA,35082000000.0,,0.78,,,,,,,,,,15.0,0.5,10.0,55.0396214582977,22.260257525321766,15.420000076293945,-0.0055053951797489065,-0.010169387090388504,-0.04353208831155897,1.5552417674476866,40.0,2083.899663948814,53.003225013517984,100.0,100.0,False,42.939923298049834,38.50929680476132,36.77744218806507,40.241151421457566,0.7807764064044153,37.939923298049834,4.999999999999999,61.677509973259255,0.44114190914003737,0.25222955153301774,0.3066285393269449,-0.28350000381469725,-0.1306046034157612,18.443804249614445,False,False,64.39127151395802,64.51276968439211,0.42085889917110386,21.15115922908585,3.192701630657041,2.3760932748945893,0.047278732535134906,0.3132143606523624,15.056592326702937,1.518727130426143,-0.12149817043409143,1.2,1.2,False,1.2,41.016998291015625,2023-09-21,73.9000015258789,,0.0,0,0.0,-0.04353208831155897,-0.05223850597387076,0.0,0.0,-0.05223850597387076,5.215481369499148,-0.07204298194384252
2024-02-21,67.43443298339844,67.47200012207031,68.88800048828125,66.24800109863281,68.00599670410156,673755000,NVDA,35082000000.0,,0.78,,,,,,,,,,15.0,0.5,10.0,55.0396214582977,21.625641064766125,15.34000015258789,0.0009058331600915182,-0.006283948637747283,-0.028508945138381314,1.6036883280090994,40.0,2201.2198003322524,68.63347405096636,100.0,100.0,False,56.91634074587938,45.69518961519848,43.96333499850223,47.427044231894726,0.7807764064044151,51.91634074587938,4.999999999999999,65.61992067832423,0.44114190914003737,0.25222955153301774,0.3066285393269449,-0.28350000381469725,-0.1306046034157612,18.443804249614445,False,False,66.51912248141429,66.64062065184838,0.42085889917110386,20.511017850023197,3.192701630657041,2.3760932748945893,0.04875428451732682,0.3132143606523624,13.976417447829547,-1.0801748788733896,-0.12149817043409143,1.2,1.2,False,1.2,41.016998291015625,2023-09-21,73.9000015258789,,0.0,0,0.0,-0.028508945138381314,-0.03421073416605758,0.0,0.0,-0.03421073416605758,5.037055922819187,-0.10378907280608922
2024-02-22,78.49427032470703,78.53800201416016,78.57499694824219,74.22000122070312,75.0250015258789,865100000,NVDA,35082000000.0,,0.78,,,,,,,,,,15.0,0.5,10.0,55.0396214582977,25.17243654300005,14.539999961853027,0.020695498324175388,0.032722731605826505,0.1640088017558281,2.089083724051511,40.0,2153.343511169328,78.92868372537721,100.0,100.0,False,66.12169083612005,53.66945472454175,51.937600107845505,55.401309341238,0.7807764064044153,61.12169083612005,4.999999999999999,68.21667679743928,0.44114190914003737,0.25222955153301774,0.3066285393269449,-0.28350000381469725,-0.1306046034157612,18.443804249614445,False,False,68.01951419281711,67.90784947532092,0.42085889917110386,19.84798825256101,3.192701630657041,2.3760932748945893,0.05038293993704721,0.3132143606523624,9.205350090240671,-1.518727130426143,0.11166471749620087,1.2,1.2,False,1.2,41.016998291015625,2023-09-21,78.53800201416016,,0.0,0,0.0,0.1640088017558281,0.19681056210699371,0.0,0.0,0.19681056210699371,6.028401730353593,0.0
2024-02-23,78.77311706542969,78.81700134277344,82.39399719238281,77.56999969482422,80.79000091552734,829388000,NVDA,35082000000.0,,0.78,,,,,,,,,,15.0,0.5,10.0,55.0396214582977,25.261859404735077,13.75,0.0006896671990455072,-0.0023327549028601124,0.0035524118446885744,2.088259287871052,40.0,2142.5743886998584,85.68482549760836,100.0,100.0,False,71.44036531835047,60.607008580525815,58.87515396382957,62.33886319722206,0.7807764064044151,66.44036531835047,4.999999999999999,69.92077540674262,0.44114190914003737,0.25222955153301774,0.3066285393269449,-0.28350000381469725,-0.1306046034157612,18.443804249614445,False,False,68.74595210425683,68.62445393382274,0.42085889917110386,19.351949081157542,3.192701630657041,2.3760932748945893,0.05167438152127386,0.3132143606523624,5.318674482230421,-1.518727130426143,0.12149817043409143,1.2,1.2,False,1.2,41.016998291015625,2023-09-21,78.81700134277344,,0.0,0,0.0,0.0035524118446885744,0.004262894213626289,0.0,0.0,0.004262894213626289,6.054100169207332,0.0
2024-02-26,79.04796600341797,79.09200286865234,80.64600372314453,78.50499725341797,79.69999694824219,503973000,NVDA,35082000000.0,,0.78,,,,,,,,,,15.0,0.5,10.0,55.0396214582977,25.350000919439854,13.739999771118164,-0.003662529972996542,0.000974291069085309,0.0034891142925232987,2.088857326109057,40.0,2137.088498422528,90.07648704569748,100.0,100.0,False,74.31678017802184,65.95914168078495,64.2272870640887,67.6909962974812,0.7807764064044153,69.31678017802184,4.999999999999999,71.02848222950195,0.44114190914003737,0.25222955153301774,0.3066285393269449,-0.28350000381469725,-0.1306046034157612,18.443804249614445,False,False,68.96947596777855,68.96774036488503,0.42085889917110386,19.049881243449494,3.192701630657041,2.3760932748945893,0.052493765563176975,0.3132143606523624,2.876414859671371,-1.518727130426143,0.001735602893521957,1.2,1.2,False,1.2,41.016998291015625,2023-09-21,79.09200286865234,,0.0,0,0.0,0.0034891142925232987,0.004186937151027958,0.0,0.0,0.004186937151027958,6.07944830612183,0.0
2024-02-27,78.65717315673828,78.70099639892578,79.4800033569336,77.16200256347656,79.38099670410156,391705000,NVDA,35082000000.0,,0.78,,,,,,,,,,15.0,0.5,10.0,55.0396214582977,25.224678332989033,13.430000305175781,0.0018577490850577583,0.0008759193681915356,-0.004943691593901178,2.090548145677564,40.0,2114.9201126576354,92.6055622092345,100.0,100.0,False,75.55447781859768,69.70504771474687,67.97319309805063,71.43690233144311,0.7807764064044151,70.55447781859768,4.999999999999999,71.66638972379418,0.44114190914003737,0.25222955153301774,0.3066285393269449,-0.28350000381469725,-0.1306046034157612,18.443804249614445,False,False,69.1361490148603,69.0146508444262,0.42085889917110386,18.89157929423184,3.192701630657041,2.3760932748945893,0.05293363696201565,0.3132143606523624,1.2376976405758313,-1.518727130426143,0.12149817043409143,1.2,1.2,False,1.2,41.016998291015625,2023-09-21,79.09200286865234,,0.0,0,0.0,-0.004943691593901178,-0.005932429912681413,0.0,0.0,-0.005932429912681413,6.043382405137993,-0.005932429912681422
2024-02-28,77.61976623535156,77.66300201416016,78.93299865722656,77.125,77.62000274658203,393110000,NVDA,35082000000.0,,0.78,,,,,,,,,,15.0,0.5,10.0,55.0396214582977,24.89198782505133,13.84000015258789,-0.0013216478011486288,-0.004716299068113661,-0.013189088223281908,2.0968581641211235,40.0,2107.0416014943444,93.9665180584057,100.0,100.0,False,75.88252884829413,72.11666347478791,70.38480885809167,73.84851809148415,0.7807764064044153,70.88252884829413,4.999999999999999,72.00966300728686,0.44114190914003737,0.25222955153301774,0.3066285393269449,-0.28350000381469725,-0.1306046034157612,18.443804249614445,False,False,68.72739165717246,68.81380564748233,0.42085889917110386,18.918111687678717,3.192701630657041,2.3760932748945893,0.052859398258616665,0.3132143606523624,0.3280510296964536,-0.9096466108793777,-0.08641399030987117,1.2,1.2,False,1.2,41.016998291015625,2023-09-21,79.09200286865234,,0.0,0,0.0,-0.013189088223281908,-0.01582690586793829,0.0,0.0,-0.01582690586793829,5.947734360687919,-0.02166544377082357
2024-02-29,79.06794738769531,79.11199951171875,79.98999786376953,78.3499984741211,79.09400177001953,507289000,NVDA,35082000000.0,,0.78,,,,,,,,,,15.0,0.5,10.0,55.0396214582977,25.356410099909855,13.399999618530273,0.003594944833748892,0.01113824530184715,0.018657500482590184,2.083961748618826,40.0,2072.8477493016653,93.18187556795033,100.0,100.0,False,74.68619672230989,73.11977894235635,71.38792432566011,74.85163355905259,0.7807764064044151,69.68619672230989,4.999999999999999,71.81175298380556,0.44114190914003737,0.25222955153301774,0.3066285393269449,-0.28350000381469725,-0.1306046034157612,18.443804249614445,False,False,68.12728768011672,68.24878585055082,0.42085889917110386,18.959411038804465,3.192701630657041,2.3760932748945893,0.05274425444721292,0.3132143606523624,-1.1963321259842417,-1.518727130426143,-0.12149817043409143,1.0,1.2,True,1.0,41.016998291015625,2023-09-21,79.11199951171875,,0.0,0,0.0,0.018657500482590184,0.02238900057910822,0.19999999999999996,9.999999999999998e-05,0.02228900057910822,6.080303415297674,0.0
2024-03-01,82.23318481445312,82.27899932861328,82.30000305175781,79.43499755859375,80.0,479135000,NVDA,35082000000.0,,0.78,,,,,,,,,,15.0,0.5,10.0,55.0396214582977,26.37147414378631,13.109999656677246,0.00938826393429193,0.018262628550213655,0.040031851507247085,2.062091437410828,40.0,2079.1838134652953,92.74729878275109,100.0,100.0,False,73.81557249800366,73.39140853834517,71.65955392164892,75.12326315504143,0.7807764064044153,68.81557249800366,4.999999999999999,71.70213987616809,0.44114190914003737,0.25222955153301774,0.3066285393269449,-0.28350000381469725,-0.1306046034157612,18.443804249614445,False,False,67.53710293356147,67.65860110399557,0.42085889917110386,19.407728818378715,3.192701630657041,2.3760932748945893,0.051525864224412535,0.3132143606523624,-0.8706242243062263,0.32570790167801533,-0.12149817043409143,1.0,1.0,False,1.0,41.016998291015625,2023-09-21,82.27899932861328,,0.0,0,0.0,0.040031851507247085,0.040031851507247085,0.0,0.0,0.040031851507247085,6.3237092187378785,0.0
2024-03-04,85.18952941894531,85.23699951171875,87.69499969482422,83.71900177001953,84.12999725341797,615616000,NVDA,35082000000.0,,0.78,,,,,,,,,,15.0,0.5,10.0,55.0396214582977,27.31955112555088,13.489999771118164,-0.0010724145835053767,0.0,0.03595085267495213,2.0490382712788184,40.0,2141.972732354457,94.45018093547553,100.0,100.0,False,74.5610061776426,73.84800565922004,72.1161510425238,75.57986027591627,0.7807764064044151,69.5610061776426,4.999999999999999,72.13165707786337,0.44114190914003737,0.25222955153301774,0.3066285393269449,-0.28350000381469725,-0.1306046034157612,18.443804249614445,False,False,67.17068926957016,67.29218744000426,0.42085889917110386,20.127354123291433,3.192701630657041,2.3760932748945893,0.04968362924776074,0.3132143606523624,0.7454336796389356,1.518727130426143,-0.12149817043409143,1.0,1.0,False,1.0,41.016998291015625,2023-09-21,85.23699951171875,,0.0,0,0.0,0.03595085267495213,0.03595085267495213,0.0,0.0,0.03595085267495213,6.55105195721996,0.0
2024-03-05,85.920166015625,85.96399688720703,86.09700012207031,83.41699981689453,85.2699966430664,520639000,NVDA,35082000000.0,,0.78,,,,,,,,,,15.0,0.5,10.0,55.0396214582977,27.552563104874046,14.460000038146973,-0.00999413476319777,-0.024577684621325258,0.008529129129989377,1.8449930314416645,40.0,2135.6292792264153,95.0,100.0,100.0,False,74.55246507252257,74.1230183038081,72.39116368711186,75.85487292050433,0.7807764064044153,69.55246507252257,4.999999999999999,72.27033769393267,0.44114190914003737,0.25222955153301774,0.3066285393269449,-0.28350000381469725,-0.1306046034157612,18.443804249614445,False,False,66.69509260474989,66.81659077518398,0.42085889917110386,20.774539809959467,3.192701630657041,2.3760932748945893,0.04813584364071413,0.3132143606523624,-0.008541105120031034,-0.7539747847589666,-0.12149817043409143,1.0,1.0,False,1.0,41.016998291015625,2023-09-21,85.96399688720703,,0.0,0,0.0,0.008529129129989377,0.008529129129989377,0.0,0.0,0.008529129129989377,6.606926725300359,0.0
2024-03-06,88.65476989746094,88.69999694824219,89.7239990234375,87.02999877929688,88.02200317382812,582520000,NVDA,35082000000.0,,0.78,,,,,,,,,,15.0,0.5,10.0,55.0396214582977,28.429486201359673,14.5,0.005067249026642129,0.007928810527747965,0.03182727839685073,1.8607786667097328,40.0,2160.029492016801,95.0,100.0,100.0,False,74.10893922428785,74.11752199725144,72.3856673805552,75.84937661394768,0.7807764064044151,69.10893922428785,4.999999999999999,72.27033769393267,0.44114190914003737,0.25222955153301774,0.3066285393269449,-0.28350000381469725,-0.1306046034157612,18.443804249614445,False,False,66.10595180710891,66.17872353597926,0.42085889917110386,21.337331275758253,3.192701630657041,2.3760932748945893,0.046866217104484804,0.3132143606523624,-0.44352584823471375,-0.4349847431146827,-0.07277172887035022,1.0,1.0,False,1.0,41.016998291015625,2023-09-21,88.69999694824219,,0.0,0,0.0,0.03182727839685073,0.03182727839685073,0.0,0.0,0.03182727839685073,6.817207221534087,0.0
2024-03-07,92.62173461914062,92.66899871826172,92.76699829101562,89.60199737548828,90.15799713134766,608119000,NVDA,35082000000.0,,0.78,,,,,,,,,,15.0,0.5,10.0,55.0396214582977,29.701602153289013,14.4399995803833,0.00992642973731006,0.01578103811457021,0.04474635745856337,1.8782827450207846,40.0,2197.526566416115,95.0,100.0,100.0,False,73.60942530123451,73.91916704104041,72.18731242434416,75.65102165773666,0.7807764064044153,68.60942530123451,4.999999999999999,72.27033769393267,0.44114190914003737,0.25222955153301774,0.3066285393269449,-0.28350000381469725,-0.1306046034157612,18.443804249614445,False,False,65.32515911577106,65.44665728620515,0.42085889917110386,21.874507436100327,3.192701630657041,2.3760932748945893,0.04571531509549157,0.3132143606523624,-0.4995139230533425,-0.055988074818628775,-0.12149817043409143,1.0,1.0,False,1.0,41.016998291015625,2023-09-21,92.66899871826172,,0.0,0,0.0,0.04474635745856337,0.04474635745856337,0.0,0.0,0.04474635745856337,7.122252412737951,0.0
2024-03-08,87.4833755493164,87.52799987792969,97.4000015258789,86.50599670410156,95.13800048828125,1142269000,NVDA,35082000000.0,,0.78,,,,,,,,,,15.0,0.5,10.0,55.0396214582977,28.053846114721054,14.739999771118164,-0.00600220732414769,-0.014870722574867101,-0.055477008616031664,1.9915470635032366,40.0,2315.5072618168047,95.0,100.0,100.0,False,73.02185520468971,73.56886708553539,71.83701246883915,75.30072170223163,0.7807764064044151,68.02185520468971,4.999999999999999,72.27033769393267,0.44114190914003737,0.25222955153301774,0.3066285393269449,-0.28350000381469725,-0.1306046034157612,18.443804249614445,False,False,64.76844974136009,64.74239310922584,0.42085889917110386,22.325347072874628,3.192701630657041,2.3760932748945893,0.04479213679123508,0.3132143606523624,-0.5875700965447948,-0.08805617349145223,0.026056632134241225,1.0,1.0,False,1.0,41.016998291015625,2023-09-21,92.66899871826172,,0.0,0,0.0,-0.055477008616031664,-0.055477008616031664,0.0,0.0,-0.055477008616031664,6.7271311542709356,-0.05547700861603164
2024-03-11,85.73026275634766,85.77400207519531,88.7969970703125,84.16600036621094,86.42900085449219,678364000,NVDA,35082000000.0,,0.78,,,,,,,,,,15.0,0.5,10.0,55.0396214582977,27.49166733179337,15.220000267028809,-0.0008598499967885642,-0.0027490104048233377,-0.020039276633540992,2.0028990244612794,40.0,2364.895877057112,95.0,100.0,100.0,False,72.39759834750865,73.11161758743022,71.37976297073396,74.84347220412647,0.7807764064044153,67.39759834750865,4.999999999999999,72.27033769393267,0.44114190914003737,0.25222955153301774,0.3066285393269449,-0.28350000381469725,-0.1306046034157612,18.443804249614445,False,False,64.2135690207535,64.0920708503194,0.42085889917110386,22.64729327243316,3.192701630657041,2.3760932748945893,0.04415538704650522,0.3132143606523624,-0.6242568571810665,-0.03668676063627174,0.12149817043409143,1.0,1.0,False,1.0,41.016998291015625,2023-09-21,92.66899871826172,,0.0,0,0.0,-0.020039276633540992,-0.020039276633540992,0.0,0.0,-0.020039276633540992,6.592324312120389,-0.07440456612711457
2024-03-12,91.86613464355469,91.91300201416016,91.95999908447266,86.1500015258789,88.04900360107422,668075000,NVDA,35082000000.0,,0.78,,,,,,,,,,15.0,0.5,10.0,55.0396214582977,29.459295517359024,13.84000015258789,0.010757374688447952,0.02050491110452879,0.07157180253269502,2.070694879089866,40.0,2160.357337729433,95.0,100.0,100.0,False,71.82042906738428,72.60755282109417,70.87569820439793,74.33940743779041,0.7807764064044151,66.82042906738428,4.999999999999999,72.27033769393267,0.44114190914003737,0.25222955153301774,0.3066285393269449,-0.28350000381469725,-0.1306046034157612,18.443804249614445,False,False,63.48172907557151,63.542047058352225,0.42085889917110386,22.653441647283557,3.192701630657041,2.3760932748945893,0.04414340282461729,0.3132143606523624,-0.577169280124366,0.047087577056700525,-0.06031798278071733,1.0,1.0,False,1.0,41.016998291015625,2023-09-21,92.66899871826172,,0.0,0,0.0,0.07157180253269502,0.07157180253269502,0.0,0.0,0.07157180253269502,7.064148846018954,-0.00815803250880023
2024-03-13,90.8416519165039,90.88800048828125,91.50399780273438,88.43499755859375,91.05500030517578,635713000,NVDA,35082000000.0,,0.78,,,,,,,,,,15.0,0.5,10.0,55.0396214582977,29.13076938726963,13.75,-0.0015675114126452172,-0.01080465706157896,-0.011151866476094341,2.0668789968836654,40.0,2134.712814029411,94.66617645697869,100.0,100.0,False,71.09788168566237,72.01819501910671,70.28634040241047,73.75004963580295,0.7807764064044153,66.09788168566237,4.999999999999999,72.18613753138524,0.44114190914003737,0.25222955153301774,0.3066285393269449,-0.28350000381469725,-0.1306046034157612,18.443804249614445,False,False,63.117043929684556,63.15184270913373,0.42085889917110386,21.957670964774064,3.192701630657041,2.3760932748945893,0.04554217073405761,0.3132143606523624,-0.7225473817219097,-0.14537810159754372,-0.034798779449174616,1.0,1.0,False,1.0,41.016998291015625,2023-09-21,92.66899871826172,,0.0,0,0.0,-0.011151866476094341,-0.011151866476094341,0.0,0.0,-0.011151866476094341,6.985370401320894,-0.019218921695648823
2024-03-14,87.89915466308594,87.94400024414062,90.64600372314453,86.5999984741211,89.5770034790039,602318000,NVDA,35082000000.0,,0.78,,,,,,,,,,15.0,0.5,10.0,55.0396214582977,28.187179565429688,14.399999618530273,-0.001976778793354672,0.00019159377733246608,-0.03239151734359269,2.0763135949941307,40.0,2121.653916777153,91.38418194068618,100.0,100.0,False,67.65169164359929,70.31356361206599,68.58170899536975,72.04541822876223,0.7807764064044151,62.6516916435993,4.999999999999999,71.35832152640695,0.44114190914003737,0.25222955153301774,0.3066285393269449,-0.28350000381469725,-0.1306046034157612,18.443804249614445,False,False,62.580172314386424,62.584651360371915,0.42085889917110386,20.097136737559467,3.192701630657041,2.3760932748945893,0.04975833189864821,0.3132143606523624,-3.4461900420630798,-1.518727130426143,-0.004479045985490302,1.0,1.0,False,1.0,41.016998291015625,2023-09-21,92.66899871826172,,0.0,0,0.0,-0.03239151734359269,-0.03239151734359269,0.0,0.0,-0.03239151734359269,6.75910365481509,-0.05098790900381173
2024-03-15,87.79220581054688,87.83699798583984,89.5459976196289,86.25700378417969,86.93000030517578,642086000,NVDA,35082000000.0,,0.78,,,,,,,,,,15.0,0.5,10.0,55.0396214582977,28.15288396982046,14.40999984741211,-0.009942762430127261,-0.0150876229279715,-0.0012167090194183938,2.0332186349947934,40.0,2101.153887153804,86.17480503676306,100.0,100.0,False,61.66101750023768,66.93571168234509,65.20385706564883,68.66756629904134,0.7807764064044153,56.66101750023768,4.999999999999999,70.04436272616397,0.44114190914003737,0.25222955153301774,0.3066285393269449,-0.28350000381469725,-0.1306046034157612,18.443804249614445,False,False,62.036827006210835,62.04387150009015,0.42085889917110386,16.90133694992105,3.192701630657041,2.3760932748945893,0.059166916970120005,0.3132143606523624,-5.990674143361609,-1.518727130426143,-0.007044493879316179,1.0,1.0,False,1.0,41.016998291015625,2023-09-21,92.66899871826172,,0.0,0,0.0,-0.0012167090194183938,-0.0012167090194183938,0.0,0.0,-0.0012167090194183938,6.750879792435092,-0.05214258057446395
2024-03-18,88.40989685058594,88.45500183105469,92.40499877929688,87.08499908447266,90.38800048828125,668976000,NVDA,35082000000.0,,0.78,,,,,,,,,,15.0,0.5,10.0,55.0396214582977,28.35096212533804,14.329999923706055,0.005943155285291102,0.0032582704519563688,0.007035803356058246,2.039021026914268,40.0,2070.688281148762,76.76064466509065,100.0,100.0,False,49.758155997034834,60.229796582950954,58.49794196625471,61.9616511996472,0.7807764064044151,44.758155997034834,4.999999999999999,67.66983327755713,0.44114190914003737,0.25222955153301774,0.3066285393269449,-0.28350000381469725,-0.1306046034157612,18.443804249614445,False,False,61.523614525913224,61.52654946676412,0.42085889917110386,11.047481309484287,3.192701630657041,2.3760932748945893,0.09051836993301793,0.3132143606523624,-11.90286150320285,-1.518727130426143,-0.0029349408509017393,1.0,1.0,False,1.0,41.016998291015625,2023-09-21,92.66899871826172,,0.0,0,0.0,0.007035803356058246,0.007035803356058246,0.0,0.0,0.007035803356058246,6.798377655135052,-0.045473642161805106
2024-03-19,89.35242462158203,89.39800262451172,90.54399871826172,85.01000213623047,86.69999694824219,672171000,NVDA,35082000000.0,,0.78,,,,,,,,,,15.0,0.5,10.0,55.0396214582977,28.65320596939478,13.819999694824219,0.005557143669806974,0.005186582887064972,0.010660796720779242,2.0215670752402435,40.0,2054.0340383076295,66.418578921471,100.0,100.0,False,36.58874458383847,51.000608771207474,49.26875415451123,52.73246338790372,0.7807764064044153,31.588744583838473,4.999999999999999,65.06125867311896,0.44114190914003737,0.25222955153301774,0.3066285393269449,-0.28350000381469725,-0.1306046034157612,18.443804249614445,False,False,56.749311366799844,56.74554436063531,0.42085889917110386,9.025804406204752,3.192701630657041,2.3760932748945893,0.11079344898196045,0.3132143606523624,-13.169411413196364,-1.2665499099935147,0.003767006164536042,1.0,1.0,False,1.0,41.016998291015625,2023-09-21,92.66899871826172,,0.0,0,0.0,0.010660796720779242,0.010660796720779242,0.0,0.0,0.010660796720779242,6.870853777347535,-0.035297630696266305
2024-03-20,90.32592010498047,90.37200164794922,90.41000366210938,88.2229995727539,89.7969970703125,479063000,NVDA,35082000000.0,,0.78,,,,,,,,,,15.0,0.5,10.0,55.0396214582977,28.965385143573467,13.039999961853027,0.009249303470675319,0.011187767656105185,0.010895087080731392,2.0131115339674697,40.0,2042.3237344057525,56.366397061882274,100.0,100.0,False,27.896021177091882,41.98085033461267,40.24899571791642,43.712704951308915,0.7807764064044151,22.896021177091882,4.999999999999999,62.52580135074656,0.44114190914003737,0.25222955153301774,0.3066285393269449,-0.28350000381469725,-0.1306046034157612,18.443804249614445,False,False,48.883719025595475,48.895349273723276,0.42085889917110386,10.724222745307381,3.192701630657041,2.3760932748945893,0.0932468509606043,0.3132143606523624,-8.692723406746588,1.518727130426143,-0.011630248127803498,1.0,1.0,False,1.0,41.016998291015625,2023-09-21,92.66899871826172,,0.0,0,0.0,0.010895087080731392,0.010895087080731392,0.0,0.0,0.010895087080731392,6.945712327570709,-0.02478711437571424
2024-03-21,91.38836669921875,91.43499755859375,92.64800262451172,90.40499877929688,92.30000305175781,480372000,NVDA,35082000000.0,,0.78,,,,,,,,,,15.0,0.5,10.0,55.0396214582977,29.306088961087738,12.920000076293945,0.003304702971922424,0.0007153125792265236,0.011762447342767768,2.012439809842689,40.0,2034.0709602811603,47.29615073438044,100.0,100.0,False,23.523411480674028,34.77528394470895,33.04342932801271,36.5071385614052,0.7807764064044153,18.523411480674028,4.999999999999999,60.23801718726677,0.44114190914003737,0.25222955153301774,0.3066285393269449,-0.28350000381469725,-0.1306046034157612,18.443804249614445,False,False,42.532043448403364,42.65354161883746,0.42085889917110386,13.99332082865742,3.192701630657041,2.3760932748945893,0.07146266509891379,0.3132143606523624,-4.372609696417854,1.518727130426143,-0.12149817043409143,1.0,1.0,False,1.0,41.016998291015625,2023-09-21,92.66899871826172,,0.0,0,0.0,0.011762447342767768,0.011762447342767768,0.0,0.0,0.011762447342767768,7.027410903081772,-0.013316224160570019
2024-03-22,94.24092102050781,94.28900146484375,94.77799987792969,90.83399963378906,91.14099884033203,586719000,NVDA,35082000000.0,,0.78,,,,,,,,,,15.0,0.5,10.0,55.0396214582977,30.220833802834534,13.0600004196167,-0.001895806609024997,0.00033362240488243877,0.031213473860718155,2.011576986587397,40.0,2068.531131115167,47.19575761646015,100.0,100.0,False,24.372722575385147,30.714246703037936,28.98239208634169,32.44610131973418,0.7807764064044151,19.372722575385147,4.999999999999999,60.212695076156734,0.44114190914003737,0.25222955153301774,0.3066285393269449,-0.28350000381469725,-0.1306046034157612,18.443804249614445,False,False,40.80189841451548,40.92339658494957,0.42085889917110386,16.539245042064355,3.192701630657041,2.3760932748945893,0.060462251901867006,0.3132143606523624,0.8493110947111191,1.518727130426143,-0.12149817043409143,1.0,1.0,False,1.0,41.016998291015625,2023-09-21,94.28900146484375,,0.0,0,0.0,0.031213473860718155,0.031213473860718155,0.0,0.0,0.031213473860718155,7.24676080961364,0.0
2024-03-25,94.95355224609375,95.00199890136719,96.76599884033203,93.51000213623047,93.94100189208984,552136000,NVDA,35082000000.0,,0.78,,,,,,,,,,15.0,0.5,10.0,55.0396214582977,30.44935862223307,13.1899995803833,-0.0027628065092766274,-0.006621882546798075,0.007561830387919466,1.9985846562215415,40.0,2058.641127741968,43.97462230878991,100.0,100.0,False,23.864694317820767,28.04026225463361,26.308407637937364,29.772116871329857,0.7807764064044153,18.864694317820767,4.999999999999999,59.4002295620759,0.44114190914003737,0.25222955153301774,0.3066285393269449,-0.28350000381469725,-0.1306046034157612,18.443804249614445,False,False,37.832425416606384,37.95392358704048,0.42085889917110386,18.802989944515186,3.192701630657041,2.3760932748945893,0.05318303115360113,0.3132143606523624,-0.50802825756438,-1.357339352275499,-0.12149817043409143,1.0,1.0,False,1.0,41.016998291015625,2023-09-21,95.00199890136719,,0.0,0,0.0,0.007561830387919466,0.007561830387919466,0.0,0.0,0.007561830387919466,7.301559585717761,0.0
2024-03-26,92.51380920410156,92.56099700927734,96.375,92.50199890136719,95.85099792480469,513648000,NVDA,35082000000.0,,0.78,,,,,,,,,,15.0,0.5,10.0,55.0396214582977,29.666986220922226,13.239999771118164,-0.0018470129799368351,-0.00412430746561776,-0.02569421612511691,2.015454384109092,40.0,2057.0997268379574,40.420805785126255,100.0,100.0,False,23.365333147389464,26.215225080358866,24.48337046366262,27.947079697055113,0.7807764064044151,18.365333147389464,4.999999999999999,58.50385201408159,0.44114190914003737,0.25222955153301774,0.3066285393269449,-0.28350000381469725,-0.1306046034157612,18.443804249614445,False,False,35.787749550894915,35.889073543694394,0.42085889917110386,20.819019020028705,3.192701630657041,2.3760932748945893,0.04803300285368687,0.3132143606523624,-0.49936117043130324,0.008667087133076734,-0.10132399279948118,1.0,1.0,False,1.0,41.016998291015625,2023-09-21,95.00199890136719,,0.0,0,0.0,-0.02569421612511691,-0.02569421612511691,0.0,0.0,-0.02569421612511691,7.113951735671909,-0.025694216125116926
2024-03-27,90.20397186279297,90.25,93.23999786376953,89.12300109863281,93.11199951171875,586067000,NVDA,35082000000.0,,0.78,,,,,,,,,,15.0,0.5,10.0,55.0396214582977,28.92628205128205,12.779999732971191,0.008403819070718743,0.005104485889918964,-0.024967287345075917,1.9949541210011268,40.0,2115.200194141354,50.5765259776288,100.0,100.0,False,29.41869631112345,27.465822458147017,25.73396784145077,29.197677074843263,0.7807764064044153,24.41869631112345,4.999999999999999,61.065424763731315,0.44114190914003737,0.25222955153301774,0.3066285393269449,-0.28350000381469725,-0.1306046034157612,18.443804249614445,False,False,39.30102762445109,39.17952945401699,0.42085889917110386,21.508950971225268,3.192701630657041,2.3760932748945893,0.046492272047009765,0.3132143606523624,6.053363163733987,1.518727130426143,0.12149817043409143,1.0,1.0,False,1.0,41.016998291015625,2023-09-21,95.00199890136719,,0.0,0,0.0,-0.024967287345075917,-0.024967287345075917,0.0,0.0,-0.024967287345075917,6.936335658528387,-0.05001998859309058
2024-03-28,90.30992126464844,90.35600280761719,91.30000305175781,89.19300079345703,90.0,435212000,NVDA,35082000000.0,,0.78,,,,,,,,,,15.0,0.5,10.0,55.0396214582977,28.960257310133713,13.010000228881836,-0.00019109579907738983,-0.002155983832935804,0.0011745463447887516,2.059725542294262,40.0,2088.6757321676732,50.00715865307716,100.0,100.0,False,29.83708865827699,28.39153680932988,26.659682192633635,30.123391426026128,0.7807764064044151,24.83708865827699,4.999999999999999,60.9218134988021,0.44114190914003737,0.25222955153301774,0.3066285393269449,-0.28350000381469725,-0.1306046034157612,18.443804249614445,False,False,38.34906121559388,38.22756304515978,0.42085889917110386,22.02123994761447,3.192701630657041,2.3760932748945893,0.04541070359247998,0.3132143606523624,0.4183923471535387,-1.518727130426143,0.12149817043409143,1.0,1.0,False,1.0,41.016998291015625,2023-09-21,95.00199890136719,,0.0,0,0.0,0.0011745463447887516,0.0011745463447887516,0.0,0.0,0.0011745463447887516,6.944482706222339,-0.04890419304307027
2024-04-01,90.3169174194336,90.36299896240234,92.2249984741211,89.2040023803711,90.29900360107422,452441000,NVDA,35082000000.0,,0.78,,,,,,,,,,15.0,0.5,10.0,55.0396214582977,28.96249966743665,13.649999618530273,-0.0017397942282005863,0.002784855327971014,7.742877692429317e-05,2.0605321502295215,40.0,2066.1696157674905,42.802196282869716,100.0,100.0,False,26.543009827924692,27.669893682488308,25.93803906579206,29.401748299184554,0.7807764064044153,21.543009827924692,4.999999999999999,59.10450907135241,0.44114190914003737,0.25222955153301774,0.3066285393269449,-0.28350000381469725,-0.1306046034157612,18.443804249614445,False,False,35.524655048376836,35.40315687794274,0.42085889917110386,22.772237887314954,3.192701630657041,2.3760932748945893,0.04391311934067929,0.3132143606523624,-3.294078830352298,-1.518727130426143,0.12149817043409143,0.25,1.0,True,0.25,41.016998291015625,2023-09-21,95.00199890136719,,0.0,0,0.0,7.742877692429317e-05,7.742877692429317e-05,0.75,0.000375,-0.00029757122307570683,6.9424162280098205,-0.04918721178560861
2024-04-02,89.40638732910156,89.4520034790039,90.09400177001953,87.62000274658203,88.447998046875,433064000,NVDA,35082000000.0,,0.78,,,,,,,,,,15.0,0.5,10.0,55.0396214582977,28.670513935578175,14.609999656677246,-0.006358101845817976,-0.00962417863003917,-0.010081510063399746,2.0776529537105053,40.0,2050.1801855370604,33.69976797689632,100.0,100.0,False,23.495606374842197,26.04030116080656,24.308446544110314,27.772155777502807,0.7807764064044151,18.495606374842197,4.999999999999999,56.80860766187529,0.44114190914003737,0.25222955153301774,0.3066285393269449,-0.28350000381469725,-0.1306046034157612,18.443804249614445,False,False,32.79245444436334,32.901041592545376,0.42085889917110386,23.779293277157542,3.192701630657041,2.3760932748945893,0.04205339445308927,0.3132143606523624,-3.047403453082495,0.2466753772698027,-0.10858714818203993,0.25,0.25,False,0.25,41.016998291015625,2023-09-21,95.00199890136719,,0.0,0,0.0,-0.010081510063399746,-0.0025203775158499364,0.0,0.0,-0.0025203775158499364,6.924918718243072,-0.05158361895880686
2024-04-03,88.91864013671875,88.96399688720703,90.3740005493164,88.4000015258789,88.48400115966797,370067000,NVDA,35082000000.0,,0.78,,,,,,,,,,15.0,0.5,10.0,55.0396214582977,28.51410156641251,14.329999923706055,0.0010985010013910834,0.0026590749443804462,-0.005455513267642154,2.08138858974282,40.0,2033.8232112603773,24.802926358056123,100.0,100.0,False,21.61287831086456,24.311887509601306,22.58003289290506,26.043742126297552,0.7807764064044153,16.61287831086456,4.999999999999999,54.56456129029495,0.44114190914003737,0.25222955153301774,0.3066285393269449,-0.28350000381469725,-0.1306046034157612,18.443804249614445,False,False,30.968565365625228,30.96787199865458,0.42085889917110386,25.025457476684892,3.192701630657041,2.3760932748945893,0.03995930947243045,0.3132143606523624,-1.8827280639776376,1.1646753891048576,0.0006933669706461387,0.25,0.25,False,0.25,41.016998291015625,2023-09-21,95.00199890136719,,0.0,0,0.0,-0.005455513267642154,-0.0013638783169105384,0.0,0.0,-0.0013638783169105384,6.915473971756892,-0.05287714349631172
2024-04-04,85.8611831665039,85.90499877929688,90.63400268554688,85.87999725341797,90.40599822998047,434965000,NVDA,35082000000.0,,0.78,,,,,,,,,,15.0,0.5,10.0,55.0396214582977,27.533653454902844,16.350000381469727,-0.012206091812080655,-0.015815607256617792,-0.03438467486784014,2.0802727985588527,40.0,2106.592595344619,35.55387065524369,100.0,100.0,False,26.436799075975284,25.141427917961632,23.409573301265386,26.87328253465788,0.7807764064044151,21.436799075975284,4.999999999999999,57.27626714893102,0.44114190914003737,0.25222955153301774,0.3066285393269449,-0.28350000381469725,-0.1306046034157612,18.443804249614445,False,False,34.85360033269997,34.732102162265875,0.42085889917110386,24.97718303943922,3.192701630657041,2.3760932748945893,0.04003654048661093,0.3132143606523624,4.823920765110724,1.518727130426143,0.12149817043409143,0.25,0.25,False,0.25,41.016998291015625,2023-09-21,95.00199890136719,,0.0,0,0.0,-0.03438467486784014,-0.008596168716960034,0.0,0.0,-0.008596168716960034,6.856027390737925,-0.06101877136650649
2024-04-05,87.96312713623047,88.00800323486328,88.48100280761719,85.9260025024414,86.86599731445312,399678000,NVDA,35082000000.0,,0.78,,,,,,,,,,15.0,0.5,10.0,55.0396214582977,28.20769334450746,16.030000686645508,0.010446888874904303,0.01146438847137965,0.024480583033000824,2.0729902548539574,40.0,2074.6734784257064,32.934521891207034,100.0,100.0,False,26.115395190658354,25.52165325152746,23.789798634831214,27.253507868223707,0.7807764064044153,21.115395190658354,4.999999999999999,56.61558998486949,0.44114190914003737,0.25222955153301774,0.3066285393269449,-0.28350000381469725,-0.1306046034157612,18.443804249614445,False,False,34.038063750586,34.15956192102009,0.42085889917110386,24.699176554829013,3.192701630657041,2.3760932748945893,0.04048717971549084,0.3132143606523624,-0.3214038853169292,-1.518727130426143,-0.12149817043409143,0.25,0.25,False,0.25,41.016998291015625,2023-09-21,95.00199890136719,,0.0,0,0.0,0.024480583033000824,0.006120145758250206,0.0,0.0,0.006120145758250206,6.897987277691797,-0.055272069383008576
2024-04-08,87.08856201171875,87.13300323486328,88.83000183105469,86.73200225830078,88.69999694824219,283220000,NVDA,35082000000.0,,0.78,,,,,,,,,,15.0,0.5,10.0,55.0396214582977,27.927244626558743,15.1899995803833,0.0005593388334788063,-0.0011624617966701223,-0.009942277609286565,2.0782298920334292,40.0,2058.790562431991,27.962179399038778,100.0,100.0,False,24.93428839791935,25.292352941703264,23.560498325007018,27.02420755839951,0.7807764064044151,19.93428839791935,4.999999999999999,55.36141826800132,0.44114190914003737,0.25222955153301774,0.3066285393269449,-0.28350000381469725,-0.1306046034157612,18.443804249614445,False,False,32.6547900569306,32.776288227364695,0.42085889917110386,24.287871700855263,3.192701630657041,2.3760932748945893,0.04117281301205105,0.3132143606523624,-1.1811067927390049,-0.8597029074220757,-0.12149817043409143,0.25,0.25,False,0.25,41.016998291015625,2023-09-21,95.00199890136719,,0.0,0,0.0,-0.009942277609286565,-0.0024855694023216413,0.0,0.0,-0.0024855694023216413,6.880841851576763,-0.057620256220868735
2024-04-09,85.31045532226562,85.35399627685547,87.63500213623047,83.02200317382812,87.44200134277344,501700000,NVDA,35082000000.0,,0.78,,,,,,,,,,15.0,0.5,10.0,55.0396214582977,27.357050088735726,14.979999542236328,0.0011567640634317922,0.005043369634218919,-0.020417142666511512,2.063631385876937,40.0,2030.0961321149045,20.96378830641863,100.0,100.0,False,23.3691315366114,24.541549993009426,22.80969537631318,26.273404609705672,0.7807764064044153,18.3691315366114,4.999999999999999,53.59621722125708,0.44114190914003737,0.25222955153301774,0.3066285393269449,-0.28350000381469725,-0.1306046034157612,18.443804249614445,False,False,30.781991062632436,30.76225703245085,0.42085889917110386,23.82085573896102,3.192701630657041,2.3760932748945893,0.041980019985781436,0.3132143606523624,-1.5651568613079512,-0.3840500685689463,0.019734030181584216,0.25,0.25,False,0.25,41.016998291015625,2023-09-21,95.00199890136719,,0.0,0,0.0,-0.020417142666511512,-0.005104285666627878,0.0,0.0,-0.005104285666627878,6.845720069139427,-0.062430431639561
2024-04-10,86.99461364746094,87.03900146484375,87.4000015258789,83.70899963378906,83.9260025024414,431929000,NVDA,35082000000.0,,0.78,,,,,,,,,,15.0,0.5,10.0,55.0396214582977,27.897115854116585,15.800000190734863,-0.010013117410638928,-0.012255697399917054,0.01974137429397893,1.9959412018774028,40.0,2006.6939720970718,14.992908813596229,100.0,100.0,False,22.508726592996908,23.747959718451135,22.01610510175489,25.47981433514738,0.7807764064044151,17.508726592996908,4.999999999999999,52.090184964524795,0.44114190914003737,0.25222955153301774,0.3066285393269449,-0.28350000381469725,-0.1306046034157612,18.443804249614445,False,False,29.115830132281257,29.02265610115287,0.42085889917110386,23.14872329006436,3.192701630657041,2.3760932748945893,0.04319892667381829,0.3132143606523624,-0.8604049436144905,0.7047519176934607,0.09317403112838861,0.25,0.25,False,0.25,41.016998291015625,2023-09-21,95.00199890136719,,0.0,0,0.0,0.01974137429397893,0.004935343573494733,0.0,0.0,0.004935343573494733,6.879506049688597,-0.05780320369564914
2024-04-11,90.56977844238281,90.61599731445312,90.73899841308594,86.9260025024414,87.41999816894531,431637000,NVDA,35082000000.0,,0.78,,,,,,,,,,15.0,0.5,10.0,55.0396214582977,29.04358888283754,14.90999984741211,0.007546885784763369,0.019979464626794785,0.041096471574920024,1.9817320028745744,40.0,2106.9945970998797,32.06579586313581,100.0,100.0,False,30.087887995363015,26.222992926905633,24.491138310209386,27.95484754360188,0.7807764064044153,25.087887995363015,4.999999999999999,56.39647160840403,0.44114190914003737,0.25222955153301774,0.3066285393269449,-0.28350000381469725,-0.1306046034157612,18.443804249614445,False,False,34.20849124642244,34.086993075988346,0.42085889917110386,20.79706916689213,3.192701630657041,2.3760932748945893,0.04808369833149129,0.3132143606523624,7.579161402366108,1.518727130426143,0.12149817043409143,0.25,0.25,False,0.25,41.016998291015625,2023-09-21,95.00199890136719,,0.0,0,0.0,0.041096471574920024,0.010274117893730006,0.0,0.0,0.010274117893730006,6.950186905893727,-0.04812296273132354
2024-04-12,88.14103698730469,88.18599700927734,90.17500305175781,87.52999877929688,89.6989974975586,426805000,NVDA,35082000000.0,,0.78,,,,,,,,,,15.0,0.5,10.0,55.0396214582977,28.264742631178635,17.309999465942383,-0.013803077020240084,-0.016187762612123402,-0.026816460417505072,1.9812621268928705,40.0,2017.1943372947462,23.043730051593133,100.0,100.0,False,26.683800264555572,26.402886675473187,24.67103205877694,28.134741292169434,0.7807764064044151,21.683800264555572,4.999999999999999,54.12083999485724,0.44114190914003737,0.25222955153301774,0.3066285393269449,-0.28350000381469725,-0.1306046034157612,18.443804249614445,False,False,29.49930294270649,29.62080111314058,0.42085889917110386,18.450037263008216,3.192701630657041,2.3760932748945893,0.054200432538148345,0.3132143606523624,-3.4040877308074435,-1.518727130426143,-0.12149817043409143,0.25,0.25,False,0.25,41.016998291015625,2023-09-21,95.00199890136719,,0.0,0,0.0,-0.026816460417505072,-0.006704115104376268,0.0,0.0,-0.006704115104376268,6.903592052879686,-0.054504455954385446
2024-04-15,85.95713806152344,86.0009994506836,90.61299896240234,85.92900085449219,89.0979995727539,443077000,NVDA,35082000000.0,,0.78,,,,,,,,,,15.0,0.5,10.0,55.0396214582977,27.564422900860126,19.229999542236328,-0.012528127278102708,-0.01898546359287212,-0.024777148670937943,2.0299161524054665,40.0,2007.3203945410105,16.568709808609686,100.0,100.0,False,25.103680377470965,25.89569186320711,24.163837246510862,27.627546479903355,0.7807764064044153,20.103680377470965,4.999999999999999,52.48764854280232,0.44114190914003737,0.25222955153301774,0.3066285393269449,-0.28350000381469725,-0.1306046034157612,18.443804249614445,False,False,25.708402810775308,25.777179043369074,0.42085889917110386,16.25180194669791,3.192701630657041,2.3760932748945893,0.06153163835491996,0.3132143606523624,-1.5801198870846065,1.518727130426143,-0.06877623259376606,0.25,0.25,False,0.25,41.016998291015625,2023-09-21,95.00199890136719,,0.0,0,0.0,-0.024777148670937943,-0.006194287167734486,0.0,0.0,-0.006194287167734486,6.860829221215259,-0.06036112687001739
2024-04-16,87.37042999267578,87.41500091552734,88.11799621582031,86.06400299072266,86.43299865722656,370453000,NVDA,35082000000.0,,0.78,,,,,,,,,,15.0,0.5,10.0,55.0396214582977,28.017628498566456,18.399999618530273,-0.0018237950351298604,0.0011909003041232769,0.01644168642080257,2.0648979216708816,40.0,1952.8470368323558,11.197214223242943,100.0,100.0,False,24.23863693979324,25.248797169048196,23.51694255235195,26.980651785744442,0.7807764064044151,19.23863693979324,4.999999999999999,51.132798620243676,0.44114190914003737,0.25222955153301774,0.3066285393269449,-0.28350000381469725,-0.1306046034157612,18.443804249614445,False,False,22.765795121862602,22.79651912734812,0.42085889917110386,14.831323097942194,3.192701630657041,2.3760932748945893,0.0674248678554341,0.3132143606523624,-0.865043437677727,0.7150764494068795,-0.030724005485515706,0.25,0.25,False,0.25,41.016998291015625,2023-09-21,95.00199890136719,,0.0,0,0.0,0.01644168642080257,0.004110421605200643,0.0,0.0,0.004110421605200643,6.889030121875734,-0.056498814944817524
2024-04-17,83.99214172363281,84.03500366210938,88.7750015258789,83.94999694824219,88.33999633789062,495400000,NVDA,35082000000.0,,0.78,,,,,,,,,,15.0,0.5,10.0,55.0396214582977,26.934296045547875,18.209999084472656,-0.00591823921822443,-0.01442301983816574,-0.03866610098973966,2.100749006840538,40.0,2013.4145799114171,9.259533778885524,100.0,100.0,False,24.571113074763407,24.984237293141643,23.252382676445396,26.71609190983789,0.7807764064044153,19.571113074763407,4.999999999999999,50.644058350749106,0.44114190914003737,0.25222955153301774,0.3066285393269449,-0.28350000381469725,-0.1306046034157612,18.443804249614445,False,False,21.906232555912354,21.849852402496875,0.42085889917110386,14.14062770542928,3.192701630657041,2.3760932748945893,0.07071821851416475,0.3132143606523624,0.33247613497016815,1.197519572647895,0.05638015341547686,0.25,0.25,False,0.25,41.016998291015625,2023-09-21,95.00199890136719,,0.0,0,0.0,-0.03866610098973966,-0.009666525247434915,0.0,0.0,-0.009666525247434915,6.822437138272282,-0.06561919297113829
2024-04-18,84.62781524658203,84.6709976196289,86.19000244140625,82.4020004272461,84.97000122070312,447260000,NVDA,35082000000.0,,0.78,,,,,,,,,,15.0,0.5,10.0,55.0396214582977,27.138140262701572,18.0,-0.00205773410131993,-0.011415661065050431,0.007568202889319364,2.071936692614351,40.0,1989.9017931803103,6.926673637594241,100.0,100.0,False,24.77304901641563,24.901791881253203,23.169937264556957,26.63364649794945,0.7807764064044151,19.77304901641563,4.999999999999999,50.05564208352196,0.44114190914003737,0.25222955153301774,0.3066285393269449,-0.28350000381469725,-0.1306046034157612,18.443804249614445,False,False,21.784308193860415,21.662810023426324,0.42085889917110386,14.177694926583627,3.192701630657041,2.3760932748945893,0.07053332753866556,0.3132143606523624,0.2019359416522235,-0.13054019331794464,0.12149817043409143,0.25,0.25,False,0.25,41.016998291015625,2023-09-21,95.00199890136719,,0.0,0,0.0,0.007568202889319364,0.001892050722329841,0.0,0.0,0.001892050722329841,6.835345535387801,-0.06385129709026811
2024-04-19,76.16114807128906,76.19999694824219,84.3239974975586,75.60600280761719,83.1500015258789,875198000,NVDA,35082000000.0,,0.78,,,,,,,,,,15.0,0.5,10.0,55.0396214582977,24.423075944949417,18.709999084472656,-0.00872835011101658,-0.020602314650696174,-0.10004607137666377,2.2236114504308495,40.0,2314.2202347636735,37.94310536796886,100.0,100.0,False,40.455099667184584,30.973619761653858,29.24176514495761,32.705474378350104,0.7807764064044153,35.455099667184584,4.999999999999999,57.87890274902881,0.44114190914003737,0.25222955153301774,0.3066285393269449,-0.28350000381469725,-0.1306046034157612,18.443804249614445,False,False,36.36934099924405,36.49083916967815,0.42085889917110386,13.746096876872604,3.192701630657041,2.3760932748945893,0.07274792320738478,0.3132143606523624,15.682050650768954,1.518727130426143,-0.12149817043409143,0.25,0.25,False,0.25,76.19999694824219,2024-04-19,76.19999694824219,Trailing_Stop,0.1822753376933064,211,0.15,-0.10004607137666377,-0.025011517844165942,0.0,0.0,-0.025011517844165942,6.664383168558409,-0.08726579707788767
2024-04-22,79.47744750976562,79.51799774169922,80.072998046875,76.4000015258789,78.10399627685547,596341000,NVDA,35082000000.0,,0.78,,,,,,,,,,15.0,0.5,10.0,55.0396214582977,25.486537737724106,16.940000534057617,0.00920913952029423,0.00893367907135767,0.043543319243316114,2.250863218722461,40.0,2281.328675294256,58.596240526432005,100.0,100.0,False,55.70489965414969,40.628419681776194,38.89656506507995,42.36027429847244,0.7807764064044151,50.70489965414969,4.999999999999999,63.08823376779877,0.44114190914003737,0.25222955153301774,0.3066285393269449,-0.28350000381469725,-0.1306046034157612,18.443804249614445,False,False,50.814675299397344,50.69317712896325,0.42085889917110386,14.694080379782534,3.192701630657041,2.3760932748945893,0.06805461615521662,0.3132143606523624,15.249799986965108,-0.43225066380384547,0.12149817043409143,0.25,0.25,False,0.25,76.19999694824219,2024-04-19,79.51799774169922,,0.0,0,0.0,0.043543319243316114,0.010885829810829029,0.0,0.0,0.010885829810829029,6.7369305095254886,-0.07732992788235497
2024-04-23,82.38097381591797,82.4229965209961,82.76899719238281,80.26399993896484,80.76899719238281,438559000,NVDA,35082000000.0,,0.78,,,,,,,,,,15.0,0.5,10.0,55.0396214582977,26.41762709006285,15.6899995803833,0.011866630635747333,0.01482627996299879,0.036532594655278805,2.25779279951441,40.0,2279.150184978927,72.34544299181096,100.0,100.0,False,65.85575585460774,50.476874121865954,48.74501950516971,52.2087287385622,0.7807764064044153,60.855755854607736,4.999999999999999,66.55618893957796,0.44114190914003737,0.25222955153301774,0.3066285393269449,-0.28350000381469725,-0.1306046034157612,18.443804249614445,False,False,58.41283032381159,58.35562420785904,0.42085889917110386,17.197700132537772,3.192701630657041,2.3760932748945893,0.05814730994803288,0.3132143606523624,10.150856200458044,-1.518727130426143,0.05720611595255037,0.25,0.25,False,0.25,76.19999694824219,2024-04-19,82.4229965209961,,0.0,0,0.0,0.036532594655278805,0.009133148663819701,0.0,0.0,0.009133148663819701,6.798459897406808,-0.06890304494604724
2024-04-24,79.6363754272461,79.677001953125,84.08200073242188,79.18299865722656,83.94999694824219,512208000,NVDA,35082000000.0,,0.78,,,,,,,,,,15.0,0.5,10.0,55.0396214582977,25.537500626001602,15.970000267028809,-0.00047461729906428385,0.004565484067325931,-0.0333158788660588,2.232164871440094,40.0,2186.9326007626687,80.0102692966624,100.0,100.0,False,70.70752619302696,58.37468203353552,56.642827416839275,60.10653665023177,0.7807764064044151,65.70752619302696,4.999999999999999,68.48948464102912,0.44114190914003737,0.25222955153301774,0.3066285393269449,-0.28350000381469725,-0.1306046034157612,18.443804249614445,False,False,60.71308102643359,60.61727946062176,0.42085889917110386,20.215449483220787,3.192701630657041,2.3760932748945893,0.04946711676285107,0.3132143606523624,4.851770338419229,-1.518727130426143,0.09580156581183161,0.25,0.25,False,0.25,76.19999694824219,2024-04-19,82.4229965209961,,0.0,0,0.0,-0.0333158788660588,-0.0083289697165147,0.0,0.0,-0.0083289697165147,6.741835730802366,-0.07665812328783074
2024-04-25,82.58985900878906,82.63200378417969,83.322998046875,78.2229995727539,78.86799621582031,424641000,NVDA,35082000000.0,,0.78,,,,,,,,,,15.0,0.5,10.0,55.0396214582977,26.48461659749349,15.369999885559082,-0.003798922486342393,-0.0021713512014938097,0.03708726180225952,2.241010811726224,40.0,2219.815724920839,86.07550460945845,100.0,100.0,False,73.87622602867543,64.42630194065816,62.69444732396192,66.1581565573544,0.7807764064044153,68.87622602867543,4.999999999999999,70.01931622391788,0.44114190914003737,0.25222955153301774,0.3066285393269449,-0.28350000381469725,-0.1306046034157612,18.443804249614445,False,False,61.50714638780744,61.517589603272874,0.42085889917110386,23.091004506857285,3.192701630657041,2.3760932748945893,0.04330690766194395,0.3132143606523624,3.168699835648468,-1.518727130426143,-0.01044321546543557,0.25,0.25,False,0.25,76.19999694824219,2024-04-19,82.63200378417969,,0.0,0,0.0,0.03708726180225952,0.00927181545056488,0.0,0.0,0.00927181545056488,6.80434478749639,-0.06809706780917724
2024-04-26,87.69026947021484,87.73500061035156,88.33100128173828,83.38700103759766,83.81800079345703,551011000,NVDA,35082000000.0,,0.78,,,,,,,,,,15.0,0.5,10.0,55.0396214582977,28.120192503317806,15.029999732971191,0.009473911346339792,0.01128540313086246,0.06175569503917644,2.3401717853696935,40.0,2311.3047587533997,90.6793483202312,100.0,100.0,False,75.79696575147315,68.86527495497859,67.13342033828235,70.59712957167483,0.7807764064044151,70.79696575147315,4.999999999999999,71.1805416584142,0.44114190914003737,0.25222955153301774,0.3066285393269449,-0.28350000381469725,-0.1306046034157612,18.443804249614445,False,False,61.659739544487074,61.53824137405298,0.42085889917110386,26.00684076753158,3.192701630657041,2.3760932748945893,0.03845142164474114,0.3132143606523624,1.9207397227977197,-1.2479601128507483,0.12149817043409143,0.25,0.25,False,0.25,76.19999694824219,2024-04-19,87.73500061035156,,0.0,0,0.0,0.06175569503917644,0.01543892375979411,0.0,0.0,0.01543892375979411,6.909396547905899,-0.05370948948755455
2024-04-29,87.7122573852539,87.75700378417969,87.99199676513672,85.26599884033203,87.59500122070312,388971000,NVDA,35082000000.0,,0.78,,,,,,,,,,15.0,0.5,10.0,55.0396214582977,28.127244802621693,14.670000076293945,0.0035414704253415863,0.004303661124312352,0.0002507912882550034,2.349415115522087,40.0,2287.7661322820736,93.67588137113933,100.0,100.0,False,76.68163920969074,71.91669135194962,70.18483673525338,73.64854596864586,0.7807764064044153,71.68163920969074,4.999999999999999,71.93635584599863,0.44114190914003737,0.25222955153301774,0.3066285393269449,-0.28350000381469725,-0.1306046034157612,18.443804249614445,False,False,60.94394641965386,60.97852647275817,0.42085889917110386,28.8426901518926,3.192701630657041,2.3760932748945893,0.03467082975734086,0.3132143606523624,0.8846734582175912,-1.0360662645801284,-0.03458005310430764,0.25,0.25,False,0.25,76.19999694824219,2024-04-19,87.75700378417969,,0.0,0,0.0,0.0002507912882550034,6.269782206375085e-05,0.0,0.0,6.269782206375085e-05,6.909829752021228,-0.05365015913350585
2024-04-30,86.35794830322266,86.4020004272461,88.81900024414062,86.30000305175781,87.23999786376953,363709000,NVDA,35082000000.0,,0.78,,,,,,,,,,15.0,0.5,10.0,55.0396214582977,27.692948854886566,15.649999618530273,-0.015841247325688257,-0.02202400774914426,-0.015440401318462804,2.2438573426131763,40.0,2248.100771659902,95.0,100.0,100.0,False,76.67060803021506,73.77256434215067,72.04070972545443,75.50441895884691,0.7807764064044151,71.67060803021506,4.999999999999999,72.27033769393267,0.44114190914003737,0.25222955153301774,0.3066285393269449,-0.28350000381469725,-0.1306046034157612,18.443804249614445,False,False,59.95102774678935,60.072525917223444,0.42085889917110386,31.24314031994811,3.192701630657041,2.3760932748945893,0.03200702585461681,0.3132143606523624,-0.011031179475679664,-0.8957046376932709,-0.12149817043409143,1.2,0.25,True,1.2,76.19999694824219,2024-04-19,87.75700378417969,,0.0,0,0.0,-0.015440401318462804,-0.003860100329615701,0.95,0.000475,-0.004335100329615701,6.879874946785652,-0.057752680640578015
2024-05-01,82.99864196777344,83.04100036621094,86.0,81.25499725341797,85.0770034790039,559863000,NVDA,35082000000.0,,0.78,,,,,,,,,,15.0,0.5,10.0,55.0396214582977,26.61570524558043,15.390000343322754,-0.0032471509764099293,-0.010241044081472195,-0.03889956302418307,2.256418744689792,40.0,2293.6289720674977,95.0,100.0,100.0,False,76.0468938154435,74.66043573871929,72.92858112202305,76.39229035541553,0.7807764064044153,71.0468938154435,4.999999999999999,72.27033769393267,0.44114190914003737,0.25222955153301774,0.3066285393269449,-0.28350000381469725,-0.1306046034157612,18.443804249614445,False,False,59.15751670130387,59.279014871737964,0.42085889917110386,32.92626148238005,3.192701630657041,2.3760932748945893,0.030370894082072865,0.3132143606523624,-0.6237142147715673,-0.6126830352958876,-0.12149817043409143,1.2,1.2,False,1.2,76.19999694824219,2024-04-19,87.75700378417969,,0.0,0,0.0,-0.03889956302418307,-0.04667947562901968,0.0,0.0,-0.04667947562901968,6.558725991876468,-0.10173629142112525
2024-05-02,85.77323913574219,85.81700134277344,86.23699951171875,83.19999694824219,84.4489974975586,377898000,NVDA,35082000000.0,,0.78,,,,,,,,,,15.0,0.5,10.0,55.0396214582977,27.505449148324818,14.680000305175781,0.009353437830903255,0.014413688515054979,0.03342928149131552,2.2437296641516338,40.0,2244.7137082387844,95.0,100.0,100.0,False,75.58701893830091,75.0221628891213,73.29030827242507,76.75401750581754,0.7807764064044151,70.58701893830091,4.999999999999999,72.27033769393267,0.44114190914003737,0.25222955153301774,0.3066285393269449,-0.28350000381469725,-0.1306046034157612,18.443804249614445,False,False,58.59400142394476,58.715499594378855,0.42085889917110386,34.48127250743626,3.192701630657041,2.3760932748945893,0.02900124987511233,0.3132143606523624,-0.4598748771425818,0.1638393376289855,-0.12149817043409143,1.2,1.2,False,1.2,76.19999694824219,2024-04-19,87.75700378417969,,0.0,0,0.0,0.03342928149131552,0.04011513778957863,0.0,0.0,0.04011513778957863,6.821830188764682,-0.06570231898010591
2024-05-03,88.74372100830078,88.78900146484375,89.28099822998047,87.04000091552734,87.78900146484375,398341000,NVDA,35082000000.0,,0.78,,,,,,,,,,15.0,0.5,10.0,55.0396214582977,28.458013290014023,13.489999771118164,0.012395322615995186,0.027859563387702124,0.034631833734197315,2.1529384716664786,40.0,2245.877250098431,95.0,100.0,100.0,False,75.28175868536104,75.12350602557419,73.39165140887795,76.85536064227043,0.7807764064044153,70.28175868536104,4.999999999999999,72.27033769393267,0.44114190914003737,0.25222955153301774,0.3066285393269449,-0.28350000381469725,-0.1306046034157612,18.443804249614445,False,False,58.298396829452116,58.39823363848018,0.42085889917110386,35.63696584857815,3.192701630657041,2.3760932748945893,0.028060750296448098,0.3132143606523624,-0.305260252939874,0.15461462420270777,-0.09983680902805986,1.2,1.2,False,1.2,76.19999694824219,2024-04-19,88.78900146484375,,0.0,0,0.0,0.034631833734197315,0.041558200481036776,0.0,0.0,0.041558200481036776,7.105333175396955,-0.026874588643313317
2024-05-06,92.093017578125,92.13999938964844,92.22000122070312,89.05500030517578,89.38999938964844,376203000,NVDA,35082000000.0,,0.78,,,,,,,,,,15.0,0.5,10.0,55.0396214582977,29.53205108642578,13.489999771118164,0.010326817835387025,0.011750133735694224,0.0377411376355159,2.168651605978455,40.0,2331.4792833589345,95.0,100.0,100.0,False,75.09589514032832,75.11272706169423,73.38087244499799,76.84458167839047,0.7807764064044151,70.09589514032832,4.999999999999999,72.27033769393267,0.44114190914003737,0.25222955153301774,0.3066285393269449,-0.28350000381469725,-0.1306046034157612,18.443804249614445,False,False,58.21599810573909,58.2988834069055,0.42085889917110386,36.29326189721262,3.192701630657041,2.3760932748945893,0.027553323887837194,0.3132143606523624,-0.18586354503271707,0.11939670790715695,-0.08288530116641027,1.2,1.2,False,1.2,76.19999694824219,2024-04-19,92.13999938964844,,0.0,0,0.0,0.0377411376355159,0.045289365162619076,0.0,0.0,0.045289365162619076,7.42712920417958,0.0
2024-05-07,90.50782775878906,90.55400085449219,91.78099822998047,89.01100158691406,91.0979995727539,437342000,NVDA,35082000000.0,,0.78,,,,,,,,,,15.0,0.5,10.0,55.0396214582977,29.023718222593647,13.229999542236328,0.0011034464179817682,-0.003269400248334109,-0.017212921051250052,2.17171701402448,40.0,2286.729935362774,95.0,100.0,100.0,False,74.9946409666771,75.06662764323733,73.33477302654109,76.79848225993356,0.7807764064044153,69.9946409666771,4.999999999999999,72.27033769393267,0.44114190914003737,0.25222955153301774,0.3066285393269449,-0.28350000381469725,-0.1306046034157612,18.443804249614445,False,False,58.354530525318744,58.42618689633421,0.42085889917110386,36.25714567497189,3.192701630657041,2.3760932748945893,0.02758077011810377,0.3132143606523624,-0.10125417365122757,0.0846093713814895,-0.07165637101546167,1.2,1.2,False,1.2,76.19999694824219,2024-04-19,92.13999938964844,,0.0,0,0.0,-0.017212921051250052,-0.020655505261500062,0.0,0.0,-0.020655505261500062,7.2737180978248075,-0.02065550526150009
2024-05-08,90.36591339111328,90.41200256347656,91.19400024414062,89.41999816894531,89.48300170898438,325721000,NVDA,35082000000.0,,0.78,,,,,,,,,,15.0,0.5,10.0,55.0396214582977,28.97820594983223,13.0,9.666200942248793e-05,0.002839527301736311,-0.0015681062092860465,2.178735689955363,40.0,2262.528304110797,95.0,100.0,100.0,False,74.9445564744366,75.01897249898641,73.28711788229018,76.75082711568265,0.7807764064044151,69.9445564744366,4.999999999999999,72.27033769393267,0.44114190914003737,0.25222955153301774,0.3066285393269449,-0.28350000381469725,-0.1306046034157612,18.443804249614445,False,False,58.73803961527992,58.78705425810359,0.42085889917110386,35.414308275493134,3.192701630657041,2.3760932748945893,0.02823717442737699,0.3132143606523624,-0.05008449224050082,0.05116968141072675,-0.04901464282367101,1.2,1.2,False,1.2,76.19999694824219,2024-04-19,92.13999938964844,,0.0,0,0.0,-0.0015681062092860465,-0.0018817274511432557,0.0,0.0,-0.0018817274511432557,7.260030942808253,-0.022498364681375522
2024-05-09,88.7017593383789,88.74700164794922,91.0719985961914,88.23100280761719,90.52899932861328,378013000,NVDA,35082000000.0,,0.78,,,,,,,,,,15.0,0.5,10.0,55.0396214582977,28.44455181024013,12.6899995803833,0.005761867891264316,-0.0002928996273500184,-0.018415706635392604,2.240942227887054,40.0,2270.9617101382064,95.0,100.0,100.0,False,74.92274043153473,74.98140463508352,73.24955001838728,76.71325925177976,0.7807764064044153,69.92274043153473,4.999999999999999,72.27033769393267,0.44114190914003737,0.25222955153301774,0.3066285393269449,-0.28350000381469725,-0.1306046034157612,18.443804249614445,False,False,59.00766986431988,58.99456271730956,0.42085889917110386,35.2070145818861,3.192701630657041,2.3760932748945893,0.02840343073321806,0.3132143606523624,-0.02181604290186101,0.02826844933863981,0.01310714701031884,1.2,1.2,False,1.2,76.19999694824219,2024-04-19,92.13999938964844,,0.0,0,0.0,-0.018415706635392604,-0.022098847962471125,0.0,0.0,-0.022098847962471125,7.099592622800298,-0.04410002470334868
2024-05-10,89.83216094970703,89.87799835205078,91.4010009765625,89.22699737548828,90.30500030517578,335325000,NVDA,35082000000.0,,0.78,,,,,,,,,,15.0,0.5,10.0,55.0396214582977,28.80705075386243,12.550000190734863,0.0012881249732326072,0.0037112731290471768,0.012744055383280717,2.244234027762594,40.0,2241.145624945389,95.0,100.0,100.0,False,74.88467165713435,74.94364122163155,73.21178660493531,76.67549583832779,0.7807764064044151,69.88467165713435,4.999999999999999,72.27033769393267,0.44114190914003737,0.25222955153301774,0.3066285393269449,-0.28350000381469725,-0.1306046034157612,18.443804249614445,False,False,59.44955536270406,59.43718619276785,0.42085889917110386,34.10403315285947,3.192701630657041,2.3760932748945893,0.02932204515277849,0.3132143606523624,-0.038068774400386474,-0.016252731498525463,0.012369169936216623,1.2,1.2,False,1.2,76.19999694824219,2024-04-19,92.13999938964844,,0.0,0,0.0,0.012744055383280717,0.01529286645993686,0.0,0.0,0.01529286645993686,7.208165744700735,-0.029481574032080144
2024-05-13,90.35291290283203,90.39900207519531,90.99800109863281,88.52899932861328,90.47799682617188,289680000,NVDA,35082000000.0,,0.78,,,,,,,,,,15.0,0.5,10.0,55.0396214582977,28.974039126665165,13.600000381469727,0.0001342951490974631,0.004719282146481207,0.005796788231795746,2.235591285314263,40.0,2216.5412902386915,91.62566496950477,100.0,100.0,False,73.04983471102852,74.2043215007446,72.47246688404834,75.93617611744085,0.7807764064044153,68.04983471102852,4.999999999999999,71.41923068246871,0.44114190914003737,0.25222955153301774,0.3066285393269449,-0.28350000381469725,-0.1306046034157612,18.443804249614445,False,False,59.280759579997905,59.27120784336533,0.42085889917110386,31.865273314535408,3.192701630657041,2.3760932748945893,0.03138212530390719,0.3132143606523624,-1.834836946105824,-1.518727130426143,0.009551736632572557,1.2,1.2,False,1.2,76.19999694824219,2024-04-19,92.13999938964844,,0.0,0,0.0,0.005796788231795746,0.0069561458781548955,0.0,0.0,0.0069561458781548955,7.258306797134792,-0.022730506283610053
2024-05-14,91.30941772460938,91.35600280761719,91.6510009765625,88.93399810791016,89.5989990234375,296507000,NVDA,35082000000.0,,0.78,,,,,,,,,,15.0,0.5,10.0,55.0396214582977,29.280770130646534,13.420000076293945,0.004588152985457228,0.00886156544347827,0.010586408151119109,2.241302889615084,40.0,2205.730716354024,85.9540248681567,100.0,100.0,False,69.86345938460147,72.50970013887495,70.77784552217871,74.24155475557119,0.7807764064044151,64.86345938460147,4.999999999999999,69.98867544324901,0.44114190914003737,0.25222955153301774,0.3066285393269449,-0.28350000381469725,-0.1306046034157612,18.443804249614445,False,False,58.78840712483709,58.781638375126576,0.42085889917110386,28.202379233334764,3.192701630657041,2.3760932748945893,0.03545800131706675,0.3132143606523624,-3.1863753264270542,-1.3515383803212302,0.00676874971051916,1.2,1.2,False,1.2,76.19999694824219,2024-04-19,92.13999938964844,,0.0,0,0.0,0.010586408151119109,0.01270368978134293,0.0,0.0,0.01270368978134293,7.350514075023405,-0.010315577802667036
2024-05-15,94.58174133300781,94.62999725341797,94.86199951171875,91.5989990234375,92.47200012207031,417735000,NVDA,35082000000.0,,0.78,,,,,,,,,,15.0,0.5,10.0,55.0396214582977,30.33012732481345,12.449999809265137,0.012383033929039389,0.022511291753120277,0.035837759371930344,2.1683722070997713,40.0,2255.004366346434,88.88907753920114,100.0,100.0,False,71.76020044950565,72.21710430184146,70.48524968514522,73.9489589185377,0.7807764064044153,66.76020044950565,4.999999999999999,70.72898246219233,0.44114190914003737,0.25222955153301774,0.3066285393269449,-0.28350000381469725,-0.1306046034157612,18.443804249614445,False,False,61.93953206281663,61.935438488303774,0.42085889917110386,23.083319380901223,3.192701630657041,2.3760932748945893,0.043321325824022705,0.3132143606523624,1.8967410649041767,1.518727130426143,0.0040935745128581405,1.2,1.2,False,1.2,76.19999694824219,2024-04-19,94.62999725341797,,0.0,0,0.0,0.035837759371930344,0.04300531124631641,0.0,0.0,0.04300531124631641,7.666625220640216,0.0
2024-05-16,94.31088256835938,94.35900115966797,95.81900024414062,94.10299682617188,94.91000366210938,323952000,NVDA,35082000000.0,,0.78,,,,,,,,,,15.0,0.5,10.0,55.0396214582977,30.24326960245768,12.420000076293945,-0.002057508390634233,-0.003473714957538565,-0.0028637440728680463,2.1525200588918625,40.0,2226.3370319635037,87.61594708146568,100.0,100.0,False,71.15118589785457,71.80098233134885,70.06912771465261,73.53283694804509,0.7807764064044151,66.15118589785457,4.999999999999999,70.40786133779469,0.44114190914003737,0.25222955153301774,0.3066285393269449,-0.28350000381469725,-0.1306046034157612,18.443804249614445,False,False,67.2411912956968,67.2389298197497,0.42085889917110386,14.74636004173298,3.192701630657041,2.3760932748945893,0.06781334493189824,0.3132143606523624,-0.6090145516510717,-1.518727130426143,0.002261475947091185,1.2,1.2,False,1.2,76.19999694824219,2024-04-19,94.62999725341797,,0.0,0,0.0,-0.0028637440728680463,-0.0034364928874416555,0.0,0.0,-0.0034364928874416555,7.640278917598805,-0.003436492887441645
2024-05-17,92.43183898925781,92.47899627685547,94.73999786376953,91.80599975585938,94.36900329589844,359691000,NVDA,35082000000.0,,0.78,,,,,,,,,,15.0,0.5,10.0,55.0396214582977,29.640703934889572,11.989999771118164,0.0014375338328991294,-0.0022138865550793696,-0.019923959131691982,1.7947265678238937,40.0,2213.8076137397597,84.02441387354514,100.0,100.0,False,69.14882145980458,70.76561001410349,69.03375539740725,72.49746463079973,0.7807764064044153,64.14882145980458,4.999999999999999,69.50197052744495,0.44114190914003737,0.25222955153301774,0.3066285393269449,-0.28350000381469725,-0.1306046034157612,18.443804249614445,False,False,72.13602796042873,72.13732817894862,0.42085889917110386,9.406476793899309,3.192701630657041,2.3760932748945893,0.10630972912712258,0.3132143606523624,-2.0023644380499945,-1.3933498863989229,-0.001300218519882037,1.2,1.2,False,1.2,76.19999694824219,2024-04-19,94.62999725341797,,0.0,0,0.0,-0.019923959131691982,-0.023908750958030377,0.0,0.0,-0.023908750958030377,7.457609391708046,-0.02726308159285706
2024-05-20,94.73168182373047,94.77999877929688,95.19999694824219,93.44000244140625,93.75,318764000,NVDA,35082000000.0,,0.78,,,,,,,,,,15.0,0.5,10.0,55.0396214582977,30.378204736954125,12.149999618530273,0.0011521113183465825,0.011755217393434103,0.02488135247005574,1.7990480342926978,40.0,2167.9305912590507,67.69496647543791,100.0,100.0,False,58.37277186710421,65.92759219732066,64.19573758062442,67.6594468140169,0.7807764064044151,53.37277186710421,4.999999999999999,65.38320133343836,0.44114190914003737,0.25222955153301774,0.3066285393269449,-0.28350000381469725,-0.1306046034157612,18.443804249614445,False,False,59.71002581252723,59.83152398296132,0.42085889917110386,7.985323961534287,3.192701630657041,2.3760932748945893,0.12522973455016365,0.3132143606523624,-10.776049592700367,-1.518727130426143,-0.12149817043409143,1.2,1.2,False,1.2,76.19999694824219,2024-04-19,94.77999877929688,,0.0,0,0.0,0.02488135247005574,0.029857622964066886,0.0,0.0,0.029857622964066886,7.680275881138948,0.0
2024-05-21,95.33736419677734,95.38600158691406,95.4000015258789,93.18000030517578,93.5989990234375,328946000,NVDA,35082000000.0,,0.78,,,,,,,,,,15.0,0.5,10.0,55.0396214582977,30.5724364060622,11.859999656677246,0.0024525295229904653,0.0016331767416493115,0.006393783661343022,1.7991955580048469,40.0,2142.676356309527,50.67381057374046,100.0,100.0,False,46.59487055970771,58.380325734204504,56.64847111750826,60.11218035090075,0.7807764064044153,41.59487055970771,4.999999999999999,61.089962813779636,0.44114190914003737,0.25222955153301774,0.3066285393269449,-0.28350000381469725,-0.1306046034157612,18.443804249614445,False,False,42.93549497915343,43.04361804957913,0.42085889917110386,11.209402562113118,3.192701630657041,2.3760932748945893,0.0892108205106238,0.3132143606523624,-11.777901307396505,-1.0018517146961372,-0.10812307042569842,1.2,1.2,False,1.2,76.19999694824219,2024-04-19,95.38600158691406,,0.0,0,0.0,0.006393783661343022,0.007672540393611626,0.0,0.0,0.007672540393611626,7.7392031080710675,0.0
2024-05-22,94.90158081054688,94.94999694824219,96.0199966430664,93.2490005493164,95.45899963378906,548648000,NVDA,35082000000.0,,0.78,,,,,,,,,,15.0,0.5,10.0,55.0396214582977,30.432691329564804,12.289999961853027,-0.0028793441431358424,0.0022360743471085964,-0.004570949944626812,1.7973629779025189,40.0,2113.6888874884676,35.78834970687645,100.0,100.0,False,37.49716600480802,50.227786530260715,48.49593191356447,51.95964114695696,0.7807764064044151,32.49716600480802,4.999999999999999,57.33540969496824,0.44114190914003737,0.25222955153301774,0.3066285393269449,-0.28350000381469725,-0.1306046034157612,18.443804249614445,False,False,37.29857039169755,37.17707222126346,0.42085889917110386,16.157597064465516,3.192701630657041,2.3760932748945893,0.06189039100369962,0.3132143606523624,-9.097704554899686,1.518727130426143,0.12149817043409143,1.2,1.2,False,1.2,76.19999694824219,2024-04-19,95.38600158691406,,0.0,0,0.0,-0.004570949944626812,-0.005485139933552174,0.0,0.0,-0.005485139933552174,7.696752496049116,-0.005485139933552196
2024-05-23,103.74608612060547,103.79900360107422,106.31999969482422,101.5199966430664,102.02799987792969,835065000,NVDA,35082000000.0,,0.78,,,,,,,,,,15.0,0.5,10.0,55.0396214582977,33.26891141060071,12.770000457763672,-0.007304220207159928,-0.008134238193570398,0.0931964922300701,1.676544640434319,40.0,2412.1432110239834,57.18273379454746,100.0,100.0,False,52.679618021922025,51.18495262084496,49.453098004148714,52.91680723754121,0.7807764064044153,47.679618021922025,4.999999999999999,62.73170559872663,0.44114190914003737,0.25222955153301774,0.3066285393269449,-0.28350000381469725,-0.1306046034157612,18.443804249614445,False,False,49.81761917028093,49.93911734071502,0.42085889917110386,17.38469744468134,3.192701630657041,2.3760932748945893,0.05752185237517258,0.3132143606523624,15.182452017114002,1.518727130426143,-0.12149817043409143,1.2,1.2,False,1.2,76.19999694824219,2024-04-19,103.79900360107422,,0.0,0,0.0,0.0931964922300701,0.11183579067608411,0.0,0.0,0.11183579067608411,8.557524897082892,0.0
2024-05-24,106.41471099853516,106.46900177001953,106.4749984741211,103.0,104.4489974975586,429494000,NVDA,35082000000.0,,0.78,,,,,,,,,,15.0,0.5,10.0,55.0396214582977,34.12468005449344,11.930000305175781,0.006616435324681147,0.008435273709669122,0.02572277263090883,1.689055178222464,40.0,2493.7837193159958,71.44714547260433,100.0,100.0,False,63.68502843318255,56.06483475711481,54.33298014041856,57.796689373811056,0.7807764064044151,58.68502843318255,4.999999999999999,66.32961175916526,0.44114190914003737,0.25222955153301774,0.3066285393269449,-0.28350000381469725,-0.1306046034157612,18.443804249614445,False,False,57.79443442463069,57.9059024155426,0.42085889917110386,17.552515838351702,3.192701630657041,2.3760932748945893,0.05697188991079165,0.3132143606523624,11.005410411260527,-1.518727130426143,-0.11146799091191384,1.2,1.2,False,1.2,76.19999694824219,2024-04-19,106.46900177001953,,0.0,0,0.0,0.02572277263090883,0.030867327157090594,0.0,0.0,0.030867327157090594,8.821672817736097,0.0
2024-05-28,113.84291076660156,113.9010009765625,114.93900299072266,109.88300323486328,110.24400329589844,652728000,NVDA,35082000000.0,,0.78,,,,,,,,,,15.0,0.5,10.0,55.0396214582977,36.50673108223157,12.920000076293945,0.0006988423909817243,0.0042288380119199775,0.0698043475846295,1.7060263024103353,40.0,2894.4713598181456,80.95675325797559,100.0,100.0,False,70.36559818010181,61.647684094234556,59.91582947753831,63.3795387109308,0.7807764064044153,65.36559818010181,4.999999999999999,68.72821586612434,0.44114190914003737,0.25222955153301774,0.3066285393269449,-0.28350000381469725,-0.1306046034157612,18.443804249614445,False,False,62.83981494890979,62.961313119343885,0.42085889917110386,17.39330150175584,3.192701630657041,2.3760932748945893,0.05749339766800747,0.3132143606523624,6.680569746919261,-1.518727130426143,-0.12149817043409143,1.2,1.2,False,1.2,76.19999694824219,2024-04-19,113.9010009765625,,0.0,0,0.0,0.0698043475846295,0.08376521710155539,0.0,0.0,0.08376521710155539,9.560622156512652,0.0
2024-05-29,114.76644134521484,114.82499694824219,115.49199676513672,110.9010009765625,113.05000305175781,557442000,NVDA,35082000000.0,,0.78,,,,,,,,,,15.0,0.5,10.0,55.0396214582977,36.80288363725711,14.279999732971191,-0.007002551838871107,-0.006339705401582907,0.008112272620587557,1.6956370940001333,40.0,2879.6576848275868,87.29649178155643,100.0,100.0,False,74.07632411863204,66.49967854160613,64.76782392490989,68.23153315830237,0.7807764064044151,69.07632411863204,4.999999999999999,70.32728527076372,0.44114190914003737,0.25222955153301774,0.3066285393269449,-0.28350000381469725,-0.1306046034157612,18.443804249614445,False,False,66.09259961646327,66.17274775363897,0.42085889917110386,17.194062721520957,3.192701630657041,2.3760932748945893,0.05815961103528775,0.3132143606523624,3.7107259385302314,-1.518727130426143,-0.08014813717569098,1.2,1.2,False,1.2,76.19999694824219,2024-04-19,114.82499694824219,,0.0,0,0.0,0.008112272620587557,0.009734727144705068,0.0,0.0,0.009734727144705068,9.653692204539924,0.0
2024-05-30,110.44364166259766,110.5,115.81900024414062,109.66300201416016,114.6500015258789,484553000,NVDA,35082000000.0,,0.78,,,,,,,,,,15.0,0.5,10.0,55.0396214582977,35.416666666666664,14.470000267028809,-0.0066337015706721125,-0.022819326568151,-0.03766598792240072,1.854222640561964,40.0,2965.97677987038,91.52298413061033,100.0,100.0,False,75.99687396499027,70.20727159840129,68.47541698170505,71.93912621509753,0.7807764064044153,70.99687396499027,4.999999999999999,71.39333154052332,0.44114190914003737,0.25222955153301774,0.3066285393269449,-0.28350000381469725,-0.1306046034157612,18.443804249614445,False,False,68.16880457426898,68.04730640383488,0.42085889917110386,17.077754171157725,3.192701630657041,2.3760932748945893,0.05855570878803724,0.3132143606523624,1.9205498463582273,-1.518727130426143,0.12149817043409143,1.2,1.2,False,1.2,76.19999694824219,2024-04-19,114.82499694824219,,0.0,0,0.0,-0.03766598792240072,-0.045199185506880867,0.0,0.0,-0.045199185506880867,9.217353179760595,-0.0451991855068808
2024-05-31,109.57709503173828,109.63300323486328,112.71700286865234,106.94000244140625,112.5199966430664,613263000,NVDA,35082000000.0,,0.78,,,,,,,,,,15.0,0.5,10.0,55.0396214582977,35.138783088097206,12.920000076293945,0.009108149287317735,0.001572710423557,-0.007846124571373014,1.8386640888074346,40.0,2972.3017945769116,94.34064569664626,100.0,100.0,False,76.87374006387847,72.80978224434311,71.07792762764687,74.54163686103935,0.7807764064044151,71.87374006387847,4.999999999999999,72.1040290536964,0.44114190914003737,0.25222955153301774,0.3066285393269449,-0.28350000381469725,-0.1306046034157612,18.443804249614445,False,False,69.09661158121558,68.97511341078149,0.42085889917110386,17.05253164043816,3.192701630657041,2.3760932748945893,0.05864231898732341,0.3132143606523624,0.8768660988882004,-1.043683747470027,0.12149817043409143,1.2,1.2,False,1.2,76.19999694824219,2024-04-19,114.82499694824219,,0.0,0,0.0,-0.007846124571373014,-0.009415349485647618,0.0,0.0,-0.009415349485647618,9.130568578240505,-0.054188968864514415
2024-06-03,114.94136047363281,115.0,115.0,112.00299835205078,113.62100219726562,438392000,NVDA,35082000000.0,,0.78,,,,,,,,,,15.0,0.5,10.0,55.0396214582977,36.85897435897436,13.109999656677246,0.0008153529396106585,0.002521882232877193,0.048954207280440754,1.82626160256307,40.0,2780.2432372618323,95.0,100.0,100.0,False,76.54670068425496,74.26863111961349,72.53677650291723,76.00048573630974,0.7807764064044153,71.54670068425496,4.999999999999999,72.27033769393267,0.44114190914003737,0.25222955153301774,0.3066285393269449,-0.28350000381469725,-0.1306046034157612,18.443804249614445,False,False,68.70198317618853,68.82348134662263,0.42085889917110386,17.05253164043816,3.192701630657041,2.3760932748945893,0.05864231898732341,0.3132143606523624,-0.32703937962351404,-1.2039054785117145,-0.12149817043409143,1.2,1.2,False,1.2,76.19999694824219,2024-04-19,115.0,,0.0,0,0.0,0.048954207280440754,0.0587450487365289,0.0,0.0,0.0587450487365289,9.666944274361462,0.0
2024-06-04,116.37763214111328,116.43699645996094,116.5999984741211,114.04499816894531,115.71600341796875,403324000,NVDA,35082000000.0,,0.78,,,,,,,,,,15.0,0.5,10.0,55.0396214582977,37.31955014742338,13.15999984741211,0.0011178985773303562,0.0020883878509072584,0.012495621390964606,1.7588702930225435,40.0,2767.516766506835,95.0,100.0,100.0,False,75.89410298251622,74.90319615952782,73.17134154283158,76.63505077622406,0.7807764064044151,70.89410298251622,4.999999999999999,72.27033769393267,0.44114190914003737,0.25222955153301774,0.3066285393269449,-0.28350000381469725,-0.1306046034157612,18.443804249614445,False,False,68.27320020868069,68.39469837911479,0.42085889917110386,17.05253164043816,3.192701630657041,2.3760932748945893,0.05864231898732341,0.3132143606523624,-0.6525977017387419,-0.32555832211522784,-0.12149817043409143,1.2,1.2,False,1.2,76.19999694824219,2024-04-19,116.43699645996094,,0.0,0,0.0,0.012495621390964606,0.014994745669157527,0.0,0.0,0.014994745669157527,9.811897645153431,0.0
2024-06-05,122.37757110595703,122.44000244140625,122.4489974975586,117.46800231933594,118.37100219726562,528402000,NVDA,35082000000.0,,0.78,,,,,,,,,,15.0,0.5,10.0,55.0396214582977,39.243590526091744,12.630000114440918,0.011885100186643571,0.022213812972767366,0.05155582988186724,1.7716879084024872,40.0,2924.809605066925,95.0,100.0,100.0,False,75.24201054147193,75.03546529731405,73.3036106806178,76.7673199140103,0.7807764064044153,70.24201054147193,4.999999999999999,72.27033769393267,0.44114190914003737,0.25222955153301774,0.3066285393269449,-0.28350000381469725,-0.1306046034157612,18.443804249614445,False,False,67.8251591290923,67.9466572995264,0.42085889917110386,17.05253164043816,3.192701630657041,2.3760932748945893,0.05864231898732341,0.3132143606523624,-0.6520924410442888,0.0005052606944531135,-0.12149817043409143,1.2,1.2,False,1.2,76.19999694824219,2024-04-19,122.44000244140625,,0.0,0,0.0,0.05155582988186724,0.06186699585824069,0.0,0.0,0.06186699585824069,10.41893027612762,0.0
2024-06-06,120.93629455566406,120.99800109863281,125.58699798583984,118.31999969482422,124.0479965209961,664696000,NVDA,35082000000.0,,0.78,,,,,,,,,,15.0,0.5,10.0,55.0396214582977,38.781410608536156,12.579999923706055,-1.8721390661391446e-05,-0.0033361189707564742,-0.011777207726400563,1.6937667484990904,40.0,2887.6759700618613,95.0,100.0,100.0,False,74.59216475933405,74.86240599681346,73.13055138011723,76.5942606135097,0.7807764064044151,69.59216475933405,4.999999999999999,72.27033769393267,0.44114190914003737,0.25222955153301774,0.3066285393269449,-0.28350000381469725,-0.1306046034157612,18.443804249614445,False,False,67.3562595166063,67.4777576870404,0.42085889917110386,17.05253164043816,3.192701630657041,2.3760932748945893,0.05864231898732341,0.3132143606523624,-0.6498457821378736,0.0022466589064151776,-0.12149817043409143,1.2,1.2,False,1.2,76.19999694824219,2024-04-19,122.44000244140625,,0.0,0,0.0,-0.011777207726400563,-0.014132649271680675,0.0,0.0,-0.014132649271680675,10.271683188749012,-0.014132649271680757
2024-06-07,120.82635498046875,120.88800048828125,121.69200134277344,118.02200317382812,119.7699966430664,412386000,NVDA,35082000000.0,,0.78,,,,,,,,,,15.0,0.5,10.0,55.0396214582977,38.746154002654244,12.220000267028809,-0.0012156574487586225,0.002324500166491772,-0.0009091109716919954,1.6958404328377763,40.0,2855.8545650289243,95.0,100.0,100.0,False,73.99468478772785,74.52365787311808,72.79180325642184,76.25551248981432,0.7807764064044153,68.99468478772785,4.999999999999999,72.27033769393267,0.44114190914003737,0.25222955153301774,0.3066285393269449,-0.28350000381469725,-0.1306046034157612,18.443804249614445,False,False,66.99897843080558,67.08247313060318,0.42085889917110386,17.05253164043816,3.192701630657041,2.3760932748945893,0.05864231898732341,0.3132143606523624,-0.5974799716062051,0.052365810531668444,-0.08349469979760216,1.2,1.2,False,1.2,76.19999694824219,2024-04-19,122.44000244140625,,0.0,0,0.0,-0.0009091109716919954,-0.0010909331660303944,0.0,0.0,-0.0010909331660303944,10.26047746888745,-0.015208164661896758
2024-06-10,121.72789764404297,121.79000091552734,123.0999984741211,117.01000213623047,120.37000274658203,313434100,NVDA,35082000000.0,,0.78,,,,,,,,,,15.0,0.5,10.0,55.0396214582977,39.03525670369466,12.739999771118164,0.003089761144422054,0.002550963717063537,0.0074614554265337585,1.6932341376094175,40.0,2815.7897214519644,95.0,100.0,100.0,False,73.4045366549845,74.08676615160545,72.3549115349092,75.81862076830168,0.7807764064044151,68.4045366549845,4.999999999999999,72.27033769393267,0.44114190914003737,0.25222955153301774,0.3066285393269449,-0.28350000381469725,-0.1306046034157612,18.443804249614445,False,False,66.58396723927066,66.6802796775516,0.42085889917110386,17.05253164043816,3.192701630657041,2.3760932748945893,0.05864231898732341,0.3132143606523624,-0.5901481327433515,0.007331838862853601,-0.09631243828093716,1.2,1.2,False,1.2,76.19999694824219,2024-04-19,122.44000244140625,,0.0,0,0.0,0.0074614554265337585,0.00895374651184051,0.0,0.0,0.00895374651184051,10.352347183234318,-0.006390588201349241
2024-06-11,120.8582763671875,120.91000366210938,122.87000274658203,118.73999786376953,121.7699966430664,222551200,NVDA,35082000000.0,,0.78,,,,,,,,,,15.0,0.5,10.0,55.0396214582977,38.75320630195813,12.850000381469727,0.0024083170801936227,0.018598215988782973,-0.007225529573879674,1.6320396103034496,40.0,2791.1004232674177,95.0,100.0,100.0,False,72.79191161556281,73.58127021587153,71.84941559917527,75.31312483256778,0.7807764064044153,67.79191161556281,4.999999999999999,72.27033769393267,0.44114190914003737,0.25222955153301774,0.3066285393269449,-0.28350000381469725,-0.1306046034157612,18.443804249614445,False,False,66.08879201863566,66.11483668440488,0.42085889917110386,17.166481387625467,3.192701630657041,2.3760932748945893,0.05825305590701041,0.3132143606523624,-0.6126250394216868,-0.02247690667833524,-0.02604466576921823,1.2,1.2,False,1.2,76.19999694824219,2024-04-19,122.44000244140625,,0.0,0,0.0,-0.007225529573879674,-0.008670635488655608,0.0,0.0,-0.008670635488655608,10.262585754356483,-0.015005813229152872
2024-06-12,125.14643859863281,125.19999694824219,126.87999725341797,122.56999969482422,123.05999755859375,299595000,NVDA,35082000000.0,,0.78,,,,,,,,,,15.0,0.5,10.0,55.0396214582977,40.12820415007762,12.039999961853027,0.008213005017738695,0.02211924947853494,0.03548087963111368,1.6204152137570018,40.0,2783.844425552006,95.0,100.0,100.0,False,72.17046172642047,73.03050722461231,71.29865260791607,74.76236184130855,0.7807764064044151,67.17046172642047,4.999999999999999,72.27033769393267,0.44114190914003737,0.25222955153301774,0.3066285393269449,-0.28350000381469725,-0.1306046034157612,18.443804249614445,False,False,65.3893904687958,65.38935004794024,0.42085889917110386,17.382327102831734,3.192701630657041,2.3760932748945893,0.057529696345266175,0.3132143606523624,-0.6214498891423403,-0.00882484972065356,4.042085555624908e-05,1.2,1.2,False,1.2,76.19999694824219,2024-04-19,125.19999694824219,,0.0,0,0.0,0.03548087963111368,0.042577055557336416,0.0,0.0,0.042577055557336416,10.699536438181648,0.0
2024-06-13,129.55455017089844,129.61000061035156,129.8000030517578,127.16000366210938,129.38999938964844,260704500,NVDA,35082000000.0,,0.78,,,,,,,,,,15.0,0.5,10.0,55.0396214582977,41.54166686229217,11.9399995803833,0.002013497275312748,0.007909767557727765,0.035223672281178064,1.6365719458313537,40.0,2805.2943030647402,95.0,100.0,100.0,False,71.5649203270633,72.45835938904145,70.72650477234521,74.19021400573769,0.7807764064044153,66.5649203270633,4.999999999999999,72.27033769393267,0.44114190914003737,0.25222955153301774,0.3066285393269449,-0.28350000381469725,-0.1306046034157612,18.443804249614445,False,False,64.65869414690415,64.65851441419164,0.42085889917110386,17.54660064600997,3.192701630657041,2.3760932748945893,0.05699109589226311,0.3132143606523624,-0.6055413993571648,0.01590848978517556,0.00017973271251321422,1.2,1.2,False,1.2,76.19999694824219,2024-04-19,129.61000061035156,,0.0,0,0.0,0.035223672281178064,0.04226840673741367,0.0,0.0,0.04226840673741367,11.151788796252488,0.0
2024-06-14,131.82359313964844,131.8800048828125,132.83999633789062,128.32000732421875,129.9600067138672,309320400,NVDA,35082000000.0,,0.78,,,,,,,,,,15.0,0.5,10.0,55.0396214582977,42.26923233423477,12.65999984741211,0.0006083824913212244,0.003747424465565752,0.017514113585149094,1.6536975782562722,40.0,2827.79171390564,95.0,98.34109613919918,98.34109613919918,False,69.73660381940203,71.39581812265432,69.66396350595808,73.12767273935056,0.7807764064044151,64.73660381940203,4.999999999999999,71.7616704262115,0.44114190914003737,0.25222955153301774,0.3066285393269449,-0.28350000381469725,-0.1306046034157612,18.443804249614445,False,False,59.47979320803578,59.47560394319325,0.42085889917110386,17.72172384408255,3.192701630657041,2.3760932748945893,0.05642791913462241,0.3132143606523624,-1.8283165076612704,-1.2227751083041056,0.004189264842533476,1.2,1.2,False,1.2,76.19999694824219,2024-04-19,131.8800048828125,,0.0,0,0.0,0.017514113585149094,0.02101693630217891,0.0,0.0,0.02101693630217891,11.386165231038678,0.0
2024-06-17,130.92396545410156,130.97999572753906,133.72999572753906,129.5800018310547,132.99000549316406,288504400,NVDA,35082000000.0,,0.78,,,,,,,,,,15.0,0.5,10.0,55.0396214582977,41.980767861390724,12.75,0.007958926371441244,0.015153498379185004,-0.00682445497384665,1.5912689506400401,40.0,2793.183168792483,95.0,90.60686118060282,90.60686118060282,False,62.8620049144834,68.0643181178532,66.33246350115695,69.79617273454946,0.7807764064044153,57.8620049144834,4.999999999999999,69.3901332580457,0.44114190914003737,0.25222955153301774,0.3066285393269449,-0.28350000381469725,-0.1306046034157612,18.443804249614445,False,False,36.46563956994972,36.46505302284069,0.42085889917110386,17.906281434983754,3.192701630657041,2.3760932748945893,0.05584632429859423,0.3132143606523624,-6.874598904918635,-1.518727130426143,0.0005865471090282881,1.2,1.2,False,1.2,76.19999694824219,2024-04-19,131.8800048828125,,0.0,0,0.0,-0.00682445497384665,-0.00818934596861598,0.0,0.0,-0.00818934596861598,11.292919984705875,-0.008189345968616032
2024-06-18,135.52200317382812,135.5800018310547,136.3300018310547,130.69000244140625,131.13999938964844,294335100,NVDA,35082000000.0,,0.78,,,,,,,,,,15.0,0.5,10.0,55.0396214582977,43.45512879200471,12.300000190734863,0.0025406958699802917,0.001254796430636862,0.03511991337275977,1.5943234599340639,40.0,2775.34211865113,95.0,82.58391381763572,82.58391381763572,False,55.024975734939275,62.973912674049046,61.2420580573528,64.70576729074529,0.7807764064044151,50.024975734939275,4.999999999999999,66.93006862704213,0.44114190914003737,0.25222955153301774,0.3066285393269449,-0.28350000381469725,-0.1306046034157612,18.443804249614445,False,False,14.393161558955658,14.394959711489925,0.42085889917110386,17.628822791949585,4.315098088564239,2.3760932748945893,0.05672528516519334,0.23174444229904623,-7.837029179544125,-0.9624302746254898,-0.0017981525342668193,1.2,1.2,False,1.2,76.19999694824219,2024-04-19,135.5800018310547,,0.0,0,0.0,0.03511991337275977,0.042143896047311724,0.0,0.0,0.042143896047311724,11.768847630611928,0.0
2024-06-20,130.7240447998047,130.77999877929688,140.75999450683594,129.52000427246094,139.8000030517578,517768400,NVDA,35082000000.0,,0.78,,,,,,,,,,15.0,0.5,10.0,55.0396214582977,41.916666275415665,13.279999732971191,-0.002716531314889248,-0.011235495710513854,-0.03540347386732645,1.644277947804119,40.0,2906.0916703888684,95.0,77.59008762667814,77.59008762667814,False,49.528921963175264,57.72514690836066,55.99329229166441,59.4570015250569,0.7807764064044153,44.528921963175264,4.999999999999999,65.39881899645616,0.44114190914003737,0.25222955153301774,0.3066285393269449,-0.28350000381469725,-0.1306046034157612,18.443804249614445,False,False,11.99449294081238,11.995198928790032,0.42085889917110386,15.706828929036265,6.353939910718504,2.3760932748945893,0.06366657487122436,0.15738266556677588,-5.496053771764011,1.518727130426143,-0.0007059879776522848,1.2,1.2,False,1.2,76.19999694824219,2024-04-19,135.5800018310547,,0.0,0,0.0,-0.03540347386732645,-0.04248416864079174,0.0,0.0,-0.04248416864079174,11.268857923165228,-0.04248416864079176
2024-06-21,126.51585388183594,126.56999969482422,130.6300048828125,124.30000305175781,127.12000274658203,649445800,NVDA,35082000000.0,,0.78,,,,,,,,,,15.0,0.5,10.0,55.0396214582977,40.56730759449494,13.199999809265137,-0.004552084523537503,-0.0017481486856008033,-0.032191459885065554,1.64208528008066,40.0,3071.134667645811,95.0,73.02476238632259,73.02476238632259,False,44.13987617191516,52.42161747554417,50.68976285884792,54.15347209224041,0.7807764064044151,39.13987617191516,4.999999999999999,63.998959986453514,0.44114190914003737,0.25222955153301774,0.3066285393269449,-0.28350000381469725,-0.1306046034157612,18.443804249614445,False,False,12.418689618043404,12.41741693886059,0.42085889917110386,9.929507697864127,8.338604080844343,2.3760932748945893,0.10070992746348378,0.11992414921068455,-5.389045791260102,0.10700798050390858,0.001272679182814045,1.2,1.2,False,1.2,76.19999694824219,2024-04-19,135.5800018310547,,0.0,0,0.0,-0.032191459885065554,-0.03862975186207866,0.0,0.0,-0.03862975186207866,10.833544737824337,-0.07947276761020992
2024-06-24,118.05946350097656,118.11000061035156,124.45999908447266,118.04000091552734,123.23999786376953,476060900,NVDA,35082000000.0,,0.78,,,,,,,,,,15.0,0.5,10.0,55.0396214582977,37.85576942639473,13.329999923706055,-0.003250664817000981,-0.0262247948738058,-0.06684047645469504,1.744509220926409,40.0,3731.3300130260577,95.0,70.61928067373326,70.61928067373326,False,41.239214787725544,48.05613938276312,46.324284766066874,49.78799399945937,0.7807764064044153,36.239214787725544,4.999999999999999,63.26137064254456,0.44114190914003737,0.25222955153301774,0.3066285393269449,-0.28350000381469725,-0.1306046034157612,18.443804249614445,False,False,15.567898619586282,15.665720628250611,0.42085889917110386,6.0767995278020805,10.032685644526765,2.3760932748945893,0.1645603076792119,0.09967420842549177,-2.9006613841896183,1.518727130426143,-0.09782200866432846,1.2,1.2,False,1.2,76.19999694824219,2024-04-19,135.5800018310547,,0.0,0,0.0,-0.06684047645469504,-0.08020857174563405,0.0,0.0,-0.08020857174563405,9.964601587461017,-0.15330694217315638
2024-06-25,126.03604888916016,126.08999633789062,126.5,119.31999969482422,121.19999694824219,414192600,NVDA,35082000000.0,,0.78,,,,,,,,,,15.0,0.5,10.0,55.0396214582977,40.413460364708534,12.84000015258789,0.0038508805193555595,0.018343682513456416,0.06756409860554746,1.8072038535251544,40.0,3504.3388063768775,95.0,64.32756753593807,64.32756753593807,False,34.9433054931166,42.937043721695,41.20518910499875,44.668898338391244,0.7807764064044151,29.943305493116597,4.999999999999999,61.33215183323828,0.44114190914003737,0.25222955153301774,0.3066285393269449,-0.28350000381469725,-0.1306046034157612,18.443804249614445,False,False,27.5095909130567,27.631089083490792,0.42085889917110386,3.787933511293966,12.006155008832211,2.3760932748945893,0.2639961860519558,0.0832906121288922,-6.295909294608947,-1.518727130426143,-0.12149817043409143,1.2,1.2,False,1.2,76.19999694824219,2024-04-19,135.5800018310547,,0.0,0,0.0,0.06756409860554746,0.08107691832665695,0.0,0.0,0.08107691832665695,10.77250077652527,-0.08465967827598195
2024-06-26,126.34593200683594,126.4000015258789,128.1199951171875,122.5999984741211,126.12999725341797,362975900,NVDA,35082000000.0,,0.78,,,,,,,,,,15.0,0.5,10.0,55.0396214582977,40.51282100188426,12.550000190734863,0.0012480822540090752,-0.001147878617377196,0.0024586025615984664,1.8082177535671353,40.0,3466.309238474956,95.0,58.00928024143965,58.00928024143965,False,29.292576717908542,37.610404764434996,35.87855014773875,39.34225938113124,0.7807764064044153,24.292576717908542,4.999999999999999,59.39478462907823,0.44114190914003737,0.25222955153301774,0.3066285393269449,-0.28350000381469725,-0.1306046034157612,18.443804249614445,False,False,24.86775144352802,24.94474586549806,0.42085889917110386,3.787933511293966,14.167777625944971,2.3760932748945893,0.2639961860519558,0.07058270015254431,-5.650728775208055,0.6451805194008919,-0.07699442197003918,1.2,1.2,False,1.2,76.19999694824219,2024-04-19,135.5800018310547,,0.0,0,0.0,0.0024586025615984664,0.0029503230739181597,0.0,0.0,0.0029503230739181597,10.804283134130053,-0.08195912860431198
2024-06-27,123.93695831298828,123.98999786376953,126.41000366210938,122.91999816894531,124.0999984741211,252571700,NVDA,35082000000.0,,0.78,,,,,,,,,,15.0,0.5,10.0,55.0396214582977,39.74038393069536,12.239999771118164,0.0015764795075565718,0.00048621202121967855,-0.019066484438419518,1.8158717680712144,40.0,3386.742042245068,95.0,52.71962117462858,52.71962117462858,False,25.077379143940284,32.71765941176283,30.985804795066585,34.44951402845908,0.7807764064044151,20.077379143940284,4.999999999999999,57.772824195884425,0.44114190914003737,0.25222955153301774,0.3066285393269449,-0.28350000381469725,-0.1306046034157612,18.443804249614445,False,False,23.607433571397518,23.485935400963427,0.42085889917110386,3.787933511293966,16.324431663559697,2.3760932748945893,0.2639961860519558,0.06125787534963655,-4.215197573968258,1.4355312012397974,0.12149817043409143,1.2,1.2,False,1.2,76.19999694824219,2024-04-19,135.5800018310547,,0.0,0,0.0,-0.019066484438419518,-0.02287978132610342,0.0,0.0,-0.02287978132610342,10.55708349863585,-0.10296370299027079
2024-06-28,123.48714447021484,123.54000091552734,127.70999908447266,122.75,124.58000183105469,315516700,NVDA,35082000000.0,,0.78,,,,,,,,,,15.0,0.5,10.0,55.0396214582977,39.596154139592095,12.4399995803833,-0.003935107039692687,-0.0005301982449326115,-0.003629300395154522,1.8189982546151204,40.0,3354.7833770191887,95.0,47.86887080381088,47.86887080381088,False,21.940358378356287,28.510328225961956,26.77847360926571,30.242182842658202,0.7807764064044153,16.940358378356287,4.999999999999999,56.285445695040956,0.44114190914003737,0.25222955153301774,0.3066285393269449,-0.28350000381469725,-0.1306046034157612,18.443804249614445,False,False,22.584202192787185,22.575641554346873,0.42085889917110386,3.787933511293966,18.40288669588602,2.3760932748945893,0.2639961860519558,0.05433930103061226,-3.1370207655839977,1.07817680838426,0.008560638440312686,1.2,1.2,False,1.2,76.19999694824219,2024-04-19,135.5800018310547,,0.0,0,0.0,-0.003629300395154522,-0.0043551604741854264,0.0,0.0,-0.0043551604741854264,10.511105705859915,-0.10687044001491725
2024-07-01,124.24681854248047,124.30000305175781,124.83999633789062,118.83000183105469,123.47000122070312,284885500,NVDA,35082000000.0,,0.78,,,,,,,,,,15.0,0.5,10.0,55.0396214582977,39.839744567871094,12.220000267028809,0.00205809454382333,0.007558709040186962,0.006151870896861533,1.7930321136125924,40.0,3313.740265002583,95.0,41.792865685000535,41.792865685000535,False,19.36404197606172,24.939725970890347,23.2078713541941,26.671580587586593,0.7807764064044151,14.36404197606172,4.999999999999999,54.4223691205171,0.44114190914003737,0.25222955153301774,0.3066285393269449,-0.28350000381469725,-0.1306046034157612,18.443804249614445,False,False,21.826373365863528,21.704875195429437,0.42085889917110386,3.787933511293966,20.517574328570443,2.3760932748945893,0.2639961860519558,0.04873870487738473,-2.576316402294566,0.5607043632894317,0.12149817043409143,0.25,1.2,True,0.25,76.19999694824219,2024-04-19,135.5800018310547,,0.0,0,0.0,0.006151870896861533,0.0073822450762338395,0.95,0.000475,0.00690724507623384,10.583708488992489,-0.10070137525927143
2024-07-02,122.61751556396484,122.66999816894531,123.41000366210938,121.02999877929688,121.12999725341797,218374000,NVDA,35082000000.0,,0.78,,,,,,,,,,15.0,0.5,10.0,55.0396214582977,39.31730710543119,12.029999732971191,0.006729714910746587,0.005001313404572327,-0.013113474197854802,1.7826477852733917,40.0,3287.60217073797,95.0,38.897654103643006,38.897654103643006,False,19.167805485856057,22.686436303711798,20.95458168701555,24.418290920408044,0.7807764064044153,14.167805485856057,4.999999999999999,53.53461462228299,0.44114190914003737,0.25222955153301774,0.3066285393269449,-0.28350000381469725,-0.1306046034157612,18.443804249614445,False,False,21.921449509142,22.04294767957609,0.42085889917110386,3.787933511293966,22.304609231360388,2.3760932748945893,0.2639961860519558,0.044833782543654485,-0.19623649020566347,1.518727130426143,-0.12149817043409143,0.25,0.25,False,0.25,76.19999694824219,2024-04-19,135.5800018310547,,0.0,0,0.0,-0.013113474197854802,-0.0032783685494637005,0.0,0.0,-0.0032783685494637005,10.549011191945484,-0.10364960758719742
2024-07-03,128.22511291503906,128.27999877929688,128.27999877929688,121.36000061035156,121.66000366210938,215749000,NVDA,35082000000.0,,0.78,,,,,,,,,,15.0,0.5,10.0,55.0396214582977,41.115384224133614,12.09000015258789,0.004462600250361826,0.013488721464955722,0.0457324585806651,1.8038400438151687,40.0,3353.6904998473847,95.0,33.973248609458466,33.973248609458466,False,19.043834746908665,21.26440762696986,19.532553010273613,22.996262243666106,0.7807764064044151,14.043834746908665,4.999999999999999,52.0246513585476,0.44114190914003737,0.25222955153301774,0.3066285393269449,-0.28350000381469725,-0.1306046034157612,18.443804249614445,False,False,22.291345863332584,22.23973142178051,0.42085889917110386,3.787933511293966,23.983560291568125,2.3760932748945893,0.2639961860519558,0.04169522739088779,-0.12397073894739208,0.0722657512582714,0.05161444155207136,0.25,0.25,False,0.25,76.19999694824219,2024-04-19,135.5800018310547,,0.0,0,0.0,0.0457324585806651,0.011433114645166276,0.0,0.0,0.011433114645166276,10.669619246296138,-0.0934015307885021
2024-07-05,125.77617645263672,125.83000183105469,128.85000610351562,125.68000030517578,127.37999725341797,214176700,NVDA,35082000000.0,,0.78,,,,,,,,,,15.0,0.5,10.0,55.0396214582977,40.33012879200471,12.479999542236328,0.005766497205737409,0.00305813291754653,-0.019098822665701398,1.812122194062952,40.0,3307.944124691719,95.0,30.632633460109332,30.632633460109332,False,19.37501362184016,20.526810496166252,18.794955879470006,22.2586651128625,0.7807764064044153,14.37501362184016,4.999999999999999,51.000323414849206,0.44114190914003737,0.25222955153301774,0.3066285393269449,-0.28350000381469725,-0.1306046034157612,18.443804249614445,False,False,22.868743869629427,22.753901373530244,0.42085889917110386,3.787933511293966,25.383841899086246,2.3760932748945893,0.2639961860519558,0.03939513978914269,0.33117887493149567,0.45514961387888775,0.11484249609918379,0.25,0.25,False,0.25,76.19999694824219,2024-04-19,135.5800018310547,,0.0,0,0.0,-0.019098822665701398,-0.0047747056664253495,0.0,0.0,-0.0047747056664253495,10.618674954822247,-0.09773027163661882
2024-07-08,128.1451416015625,128.1999969482422,130.77000427246094,127.04000091552734,127.48999786376953,237677300,NVDA,35082000000.0,,0.78,,,,,,,,,,15.0,0.5,10.0,55.0396214582977,41.08974261161608,12.369999885559082,0.0011539280101222626,0.006827534801413071,0.01883489694587759,1.881417126019201,40.0,3321.140547835902,95.0,28.351683016430357,28.351683016430357,False,19.922214125372967,20.290783205309687,18.55892858861344,22.022637822005933,0.7807764064044151,14.922214125372967,4.999999999999999,50.30091891202677,0.44114190914003737,0.25222955153301774,0.3066285393269449,-0.28350000381469725,-0.1306046034157612,18.443804249614445,False,False,23.474588353937353,23.388334209266613,0.42085889917110386,3.787933511293966,26.415031924854546,2.3760932748945893,0.2639961860519558,0.037857232307907066,0.5472005035328067,0.21602162860131102,0.0862541446707408,0.25,0.25,False,0.25,76.19999694824219,2024-04-19,135.5800018310547,,0.0,0,0.0,0.01883489694587759,0.004708724236469397,0.0,0.0,0.004708724236469397,10.668675366941208,-0.09348173229884152
2024-07-09,131.3238067626953,131.3800048828125,133.82000732421875,128.64999389648438,130.35000610351562,285366600,NVDA,35082000000.0,,0.78,,,,,,,,,,15.0,0.5,10.0,55.0396214582977,42.10897592397836,12.510000228881836,0.000972442729531453,-0.0008103486178063779,0.024805054682287997,1.871257491071594,40.0,3311.605964793794,95.0,27.423153102625008,27.423153102625008,False,20.72894871601281,20.461837851738256,18.72998323504201,22.193692468434502,0.7807764064044153,15.728948716012809,4.999999999999999,50.01620514083527,0.44114190914003737,0.25222955153301774,0.3066285393269449,-0.28350000381469725,-0.1306046034157612,18.443804249614445,False,False,24.18817507943909,24.14331873037594,0.42085889917110386,3.787933511293966,26.978911057645746,2.3760932748945893,0.2639961860519558,0.03706598824034459,0.8067345906398415,0.25953408710703485,0.04485634906315454,0.25,0.25,False,0.25,76.19999694824219,2024-04-19,135.5800018310547,,0.0,0,0.0,0.024805054682287997,0.006201263670571999,0.0,0.0,0.006201263670571999,10.734834635907347,-0.08786017349863647
2024-07-10,134.85227966308594,134.91000366210938,135.10000610351562,132.4199981689453,134.02999877929688,248978600,NVDA,35082000000.0,,0.78,,,,,,,,,,15.0,0.5,10.0,55.0396214582977,43.24038578913762,12.850000381469727,0.009895289711641775,0.014512523109953213,0.026868615071566904,1.8670653126796075,40.0,3383.2757660301836,95.0,25.220134319628357,25.220134319628357,False,21.226825961008203,20.760480185187205,19.02862556849096,22.49233480188345,0.7807764064044151,16.226825961008203,4.999999999999999,49.34069670929518,0.44114190914003737,0.25222955153301774,0.3066285393269449,-0.28350000381469725,-0.1306046034157612,18.443804249614445,False,False,24.739622387599873,24.618124217165782,0.42085889917110386,3.787933511293966,27.17638084230627,2.3760932748945893,0.2639961860519558,0.03679665831159058,0.49787724499539365,-0.3088573456444479,0.12149817043409143,0.25,0.25,False,0.25,76.19999694824219,2024-04-19,135.5800018310547,,0.0,0,0.0,0.026868615071566904,0.006717153767891726,0.0,0.0,0.006717153767891726,10.806942170829629,-0.08173319002620856
2024-07-11,127.34549713134766,127.4000015258789,136.14999389648438,127.05000305175781,135.75,374782700,NVDA,35082000000.0,,0.78,,,,,,,,,,15.0,0.5,10.0,55.0396214582977,40.83333382239709,12.920000076293945,-0.008622580332635743,-0.025033646632422135,-0.055666755113577326,1.9276666590438125,40.0,3447.397508711094,95.0,25.204154647097553,25.204154647097553,False,22.208371528947225,21.32571988530971,19.593865268613463,23.057574502005956,0.7807764064044153,17.208371528947225,4.999999999999999,49.335796885648136,0.44114190914003737,0.25222955153301774,0.3066285393269449,-0.28350000381469725,-0.1306046034157612,18.443804249614445,False,False,25.326604350105562,25.3208230900049,0.42085889917110386,3.787933511293966,26.830462876540324,2.3760932748945893,0.2639961860519558,0.037271067763589245,0.9815455679390226,0.48366832294362894,0.0057812601006617115,0.25,0.25,False,0.25,76.19999694824219,2024-04-19,135.5800018310547,,0.0,0,0.0,-0.055666755113577326,-0.013916688778394332,0.0,0.0,-0.013916688778394332,10.656545319992087,-0.09451242343614281
2024-07-12,129.18470764160156,129.24000549316406,131.9199981689453,127.22000122070312,128.25999450683594,252680500,NVDA,35082000000.0,,0.78,,,,,,,,,,15.0,0.5,10.0,55.0396214582977,41.42307868370643,12.460000038146973,0.006307522083127459,0.008932841506857025,0.014442731124389985,1.9253858925694607,40.0,3378.408780340231,95.0,25.71351867157196,25.71351867157196,False,23.310572004032522,22.100582737560003,20.368728120863757,23.83243735425625,0.7807764064044151,18.310572004032522,4.999999999999999,49.49198243245842,0.44114190914003737,0.25222955153301774,0.3066285393269449,-0.28350000381469725,-0.1306046034157612,18.443804249614445,False,False,26.004511645816702,25.96809967670639,0.42085889917110386,3.787933511293966,25.887898568761738,2.3760932748945893,0.2639961860519558,0.038628087071025316,1.1022004750852972,0.12065490714627458,0.03641196911031102,0.25,0.25,False,0.25,76.19999694824219,2024-04-19,135.5800018310547,,0.0,0,0.0,0.014442731124389985,0.003610682781097496,0.0,0.0,0.003610682781097496,10.695022724684968,-0.09124299503494601
2024-07-15,128.3850555419922,128.44000244140625,131.38999938964844,127.18000030517578,130.55999755859375,208326200,NVDA,35082000000.0,,0.78,,,,,,,,,,15.0,0.5,10.0,55.0396214582977,41.16666744916867,13.119999885559082,0.002750118911688748,0.0017963993304668247,-0.006190057395193516,1.8980477143219736,40.0,3366.6757976469453,95.0,25.71975506876018,25.71975506876018,False,24.249589145062124,22.939529487654788,21.20767487095854,24.671384104351034,0.7807764064044153,19.249589145062124,4.999999999999999,49.49389468981891,0.44114190914003737,0.25222955153301774,0.3066285393269449,-0.28350000381469725,-0.1306046034157612,18.443804249614445,False,False,26.372770214000116,26.355488483712012,0.42085889917110386,3.787933511293966,24.319367914982642,2.3760932748945893,0.2639961860519558,0.04111948976206414,0.939017141029602,-0.16318333405569518,0.017281730288104882,0.25,0.25,False,0.25,76.19999694824219,2024-04-19,135.5800018310547,,0.0,0,0.0,-0.006190057395193516,-0.001547514348798379,0.0,0.0,-0.001547514348798379,10.678472023557793,-0.09264930953970046
2024-07-16,126.30593872070312,126.36000061035156,129.0399932861328,124.58000183105469,128.44000244140625,214769500,NVDA,35082000000.0,,0.78,,,,,,,,,,15.0,0.5,10.0,55.0396214582977,40.500000195625496,13.1899995803833,0.005930147776526118,-0.0033301971447002865,-0.01619434593209057,1.958144284893584,40.0,3342.731551779599,95.0,26.81284994403147,26.81284994403147,False,25.513624155232616,23.94442567980288,22.212571063106633,25.676280296499126,0.7807764064044151,20.513624155232616,4.999999999999999,49.82906877476911,0.44114190914003737,0.25222955153301774,0.3066285393269449,-0.28350000381469725,-0.1306046034157612,18.443804249614445,False,False,26.754841775852828,26.734079048884265,0.42085889917110386,3.787933511293966,22.142309967808156,2.3760932748945893,0.2639961860519558,0.04516240633673095,1.2640350101704918,0.3250178691408898,0.020762726968562788,0.25,0.25,False,0.25,76.19999694824219,2024-04-19,135.5800018310547,,0.0,0,0.0,-0.01619434593209057,-0.004048586483022643,0.0,0.0,-0.004048586483022643,10.635239306063882,-0.09632279728045925
2024-07-17,117.93950653076172,117.98999786376953,121.8499984741211,116.72000122070312,121.3499984741211,390086200,NVDA,35082000000.0,,0.78,,,,,,,,,,15.0,0.5,10.0,55.0396214582977,37.81730700761844,14.479999542236328,-0.014021143496696697,-0.03889651189210286,-0.0662393376555298,1.758734815567053,40.0,3613.6421895869494,95.0,27.624159354755434,27.624159354755434,False,26.673383852946753,25.009778757630496,23.27792414093425,26.741633374326742,0.7807764064044153,21.673383852946753,4.999999999999999,50.07783939432161,0.44114190914003737,0.25222955153301774,0.3066285393269449,-0.28350000381469725,-0.1306046034157612,18.443804249614445,False,False,26.966968846554938,26.991677434206494,0.42085889917110386,3.787933511293966,20.046717047504053,2.3760932748945893,0.2639961860519558,0.04988347955579622,1.1597596977141365,-0.10427531245635535,-0.02470858765155583,0.25,0.25,False,0.25,76.19999694824219,2024-04-19,135.5800018310547,,0.0,0,0.0,-0.0662393376555298,-0.01655983441388245,0.0,0.0,-0.01655983441388245,10.45912150420345,-0.11128754212109533
2024-07-18,121.03819274902344,121.08999633789062,122.4000015258789,116.55999755859375,121.8499984741211,320979500,NVDA,35082000000.0,,0.78,,,,,,,,,,15.0,0.5,10.0,55.0396214582977,38.81089626214443,15.930000305175781,-0.007684901925006371,8.916149227355952e-05,0.026273400544513326,1.7345941629715937,40.0,3514.370682796914,95.0,29.078381416861163,29.078381416861163,False,28.06778813491968,26.203589543805922,24.471734927109676,27.93544416050217,0.7807764064044151,23.06778813491968,4.999999999999999,50.5237453810821,0.44114190914003737,0.25222955153301774,0.3066285393269449,-0.28350000381469725,-0.1306046034157612,18.443804249614445,False,False,27.40680223355086,27.36810876771537,0.42085889917110386,3.787933511293966,18.134478765198278,2.3760932748945893,0.2639961860519558,0.055143575558349735,1.3944042819729283,0.23464458425879187,0.03869346583549032,0.25,0.25,False,0.25,76.19999694824219,2024-04-19,135.5800018310547,,0.0,0,0.0,0.026273400544513326,0.006568350136128331,0.0,0.0,0.006568350136128331,10.527820676359367,-0.10545016752740755
2024-07-19,117.87954711914062,117.93000030517578,121.5999984741211,117.37000274658203,120.3499984741211,217223800,NVDA,35082000000.0,,0.78,,,,,,,,,,15.0,0.5,10.0,55.0396214582977,37.79807702088967,16.520000457763672,-0.0066405802636198,-0.015643148628409098,-0.02609626004031884,1.7281359394239368,40.0,3544.393892622348,95.0,32.08602256423694,32.08602256423694,False,30.136244096680468,27.738851488517597,26.00699687182135,29.470706105213843,0.7807764064044153,25.136244096680468,4.999999999999999,51.44597399292155,0.44114190914003737,0.25222955153301774,0.3066285393269449,-0.28350000381469725,-0.1306046034157612,18.443804249614445,False,False,28.05231209739283,28.042659704821126,0.42085889917110386,3.787933511293966,16.1141839086569,2.3760932748945893,0.2639961860519558,0.062057129648543825,2.0684559617607867,0.6740516797878584,0.009652392571701966,0.25,0.25,False,0.25,76.19999694824219,2024-04-19,135.5800018310547,,0.0,0,0.0,-0.02609626004031884,-0.00652406501007971,0.0,0.0,-0.00652406501007971,10.459136489852337,-0.11128626878921463
2024-07-22,123.48714447021484,123.54000091552734,124.06999969482422,119.86000061035156,120.3499984741211,258068900,NVDA,35082000000.0,,0.78,,,,,,,,,,15.0,0.5,10.0,55.0396214582977,39.596154139592095,14.90999984741211,0.01030990415193389,0.02367913751052164,0.04757059777693695,1.7467972846874678,40.0,3670.172283256871,95.0,33.11415315131518,33.11415315131518,False,31.355451974524556,29.150729653950084,27.418875037253837,30.88258427064633,0.7807764064044151,26.355451974524556,4.999999999999999,51.761228173074706,0.44114190914003737,0.25222955153301774,0.3066285393269449,-0.28350000381469725,-0.1306046034157612,18.443804249614445,False,False,28.0181569846964,28.031211651420858,0.42085889917110386,3.787933511293966,14.0512974498104,2.3760932748945893,0.2639961860519558,0.07116780522025697,1.219207877844088,-0.8492480839166987,-0.013054666724455615,0.25,0.25,False,0.25,76.19999694824219,2024-04-19,135.5800018310547,,0.0,0,0.0,0.04757059777693695,0.011892649444234238,0.0,0.0,0.011892649444234238,10.583523333615549,-0.10071710792764742
2024-07-23,122.53755187988281,122.58999633789062,124.69000244140625,122.0999984741211,122.77999877929688,173911000,NVDA,35082000000.0,,0.78,,,,,,,,,,15.0,0.5,10.0,55.0396214582977,39.29166549291366,14.720000267028809,-0.0015685478750434578,-0.003980579968942521,-0.007689854060194623,1.7671213695443722,40.0,3620.440413551472,95.0,35.58658931085989,35.58658931085989,False,33.292708449316706,30.767709313574905,29.03585469687866,32.49956393027115,0.7807764064044153,28.292708449316706,4.999999999999999,52.519347661255026,0.44114190914003737,0.25222955153301774,0.3066285393269449,-0.28350000381469725,-0.1306046034157612,18.443804249614445,False,False,28.13333619733288,28.10733476780161,0.42085889917110386,3.787933511293966,11.652638923852058,2.3760932748945893,0.2639961860519558,0.08581747074931471,1.9372564747921501,0.7180485969480621,0.026001429531271186,0.25,0.25,False,0.25,76.19999694824219,2024-04-19,135.5800018310547,,0.0,0,0.0,-0.007689854060194623,-0.0019224635150486558,0.0,0.0,-0.0019224635150486558,10.563176896146008,-0.1024459464773639
2024-07-24,114.20111846923828,114.25,119.94999694824219,113.44000244140625,119.16999816894531,327776900,NVDA,35082000000.0,,0.78,,,,,,,,,,15.0,0.5,10.0,55.0396214582977,36.618589743589745,18.040000915527344,-0.022662516096977336,-0.04138540049612749,-0.06803162237564131,1.7255683108805122,40.0,3612.625157930048,95.0,39.99851552617548,39.99851552617548,False,36.38010927097498,32.958724048596466,31.22686943190022,34.69057866529271,0.7807764064044151,31.380109270974977,4.999999999999999,53.8721701522755,0.44114190914003737,0.25222955153301774,0.3066285393269449,-0.28350000381469725,-0.1306046034157612,18.443804249614445,False,False,29.080920789419363,29.08926281441587,0.42085889917110386,3.787933511293966,9.569383720501627,2.3760932748945893,0.2639961860519558,0.10449993742622958,3.087400821658271,1.1501443468661208,-0.008342024996508428,0.25,0.25,False,0.25,114.25,2024-07-24,114.25,Trailing_Stop,0.10611057706459734,96,0.15,-0.06803162237564131,-0.017007905593910327,0.0,0.0,-0.017007905593910327,10.383519380724582,-0.11771146108510837
2024-07-25,112.2319564819336,112.27999877929688,116.62999725341797,106.30000305175781,113.04000091552734,460067000,NVDA,35082000000.0,,0.78,,,,,,,,,,15.0,0.5,10.0,55.0396214582977,35.98717909592848,18.459999084472656,-0.005210367913795921,-0.010700377553945817,-0.01724289908711707,1.72967290832317,40.0,3634.0150402263575,95.0,44.70879640740543,44.70879640740543,False,39.87690215738493,35.65949916991924,33.927644553223,37.39135378661549,0.7807764064044153,34.87690215738493,4.999999999999999,55.31647669870667,0.44114190914003737,0.25222955153301774,0.3066285393269449,-0.28350000381469725,-0.1306046034157612,18.443804249614445,False,False,31.112821508803975,31.094049942063272,0.42085889917110386,3.787933511293966,8.198289767022937,2.3760932748945893,0.2639961860519558,0.12197665957385796,3.4967928864099562,0.4093920647516853,0.01877156674070335,0.25,0.25,False,0.25,114.25,2024-07-24,114.25,,0.0,0,0.0,-0.01724289908711707,-0.004310724771779267,0.0,0.0,-0.004310724771779267,10.338758886511842,-0.12151476414566578
2024-07-26,113.0116195678711,113.05999755859375,116.19999694824219,111.58000183105469,116.19000244140625,293399100,NVDA,35082000000.0,,0.78,,,,,,,,,,15.0,0.5,10.0,55.0396214582977,36.23717870467748,16.389999389648438,0.011199698366761712,0.012689007642183059,0.006946907621811382,1.7551281868512012,40.0,3578.760003792874,95.0,49.71229751837557,49.71229751837557,False,43.78516939252437,38.83166496793574,37.09981035123949,40.56351958463198,0.7807764064044151,38.78516939252437,4.999999999999999,56.8506929358842,0.44114190914003737,0.25222955153301774,0.3066285393269449,-0.28350000381469725,-0.1306046034157612,18.443804249614445,False,False,34.74395500276268,34.69003086837965,0.42085889917110386,3.787933511293966,7.849839349816915,2.3760932748945893,0.2639961860519558,0.1273911420904841,3.9082672351394336,0.4114743487294774,0.05392413438302868,0.25,0.25,False,0.25,114.25,2024-07-24,114.25,,0.0,0,0.0,0.006946907621811382,0.0017367269054528456,0.0,0.0,0.0017367269054528456,10.356714487239037,-0.11998907520051447
2024-07-29,111.54225158691406,111.58999633789062,116.27999877929688,111.30000305175781,113.69000244140625,248152100,NVDA,35082000000.0,,0.78,,,,,,,,,,15.0,0.5,10.0,55.0396214582977,35.766024467272636,16.600000381469727,0.0005877733502015481,-0.00443865110272057,-0.01300195694716244,1.733839730031794,40.0,3547.8525148253093,95.0,54.96408884226071,54.96408884226071,False,48.10921868126107,42.45351249219278,40.72165787549653,44.185367108889025,0.7807764064044153,43.10921868126107,4.999999999999999,58.461042038377016,0.44114190914003737,0.25222955153301774,0.3066285393269449,-0.28350000381469725,-0.1306046034157612,18.443804249614445,False,False,39.219755680911746,39.28769552762508,0.42085889917110386,3.787933511293966,8.653706551147474,2.3760932748945893,0.2639961860519558,0.1155574197125278,4.324049288736703,0.41578205359726894,-0.0679398467133359,0.25,0.25,False,0.25,114.25,2024-07-24,114.25,,0.0,0,0.0,-0.01300195694716244,-0.00325048923679061,0.0,0.0,-0.00325048923679061,10.323050098269754,-0.12284954123983331
2024-07-30,103.68561553955078,103.7300033569336,111.98999786376953,102.54000091552734,111.5199966430664,486833300,NVDA,35082000000.0,,0.78,,,,,,,,,,15.0,0.5,10.0,55.0396214582977,33.24679594773512,17.690000534057617,-0.005066469116946526,-0.025125410914384916,-0.07043635844522522,1.7939944219842339,40.0,3624.6779787339224,95.0,60.68703941378526,60.68703941378526,False,52.962828630832036,46.556225536440124,44.82437091974388,48.28808015313637,0.7807764064044151,47.962828630832036,4.999999999999999,60.21586201276389,0.44114190914003737,0.25222955153301774,0.3066285393269449,-0.28350000381469725,-0.1306046034157612,18.443804249614445,False,False,43.69992264095315,43.6424787531973,0.42085889917110386,3.787933511293966,10.419774372802085,2.3760932748945893,0.2639961860519558,0.095971367922344,4.853609949570966,0.5295606608342638,0.05744388775584497,0.25,0.25,False,0.25,114.25,2024-07-24,114.25,,0.0,0,0.0,-0.07043635844522522,-0.017609089611306306,0.0,0.0,-0.017609089611306306,10.141270584027316,-0.13829536227073963
2024-07-31,116.96992492675781,117.0199966430664,118.33999633789062,110.87999725341797,112.9000015258789,473174200,NVDA,35082000000.0,,0.78,,,,,,,,,,15.0,0.5,10.0,55.0396214582977,37.50640918047,16.360000610351562,0.01625460804168588,0.04235148032277025,0.12812101471164627,1.9972361677317256,40.0,3928.1019486350015,95.0,65.72274460298522,65.72274460298522,False,57.319383352020914,50.75803537684651,49.02618076015026,52.489889993542754,0.7807764064044153,52.319383352020914,4.999999999999999,61.759952939409395,0.44114190914003737,0.25222955153301774,0.3066285393269449,-0.28350000381469725,-0.1306046034157612,18.443804249614445,False,False,46.75832577543642,46.66631422768713,0.42085889917110386,3.787933511293966,12.49763330092836,2.3760932748945893,0.2639961860519558,0.08001514974244901,4.356554721188878,-0.49705522838208793,0.09201154774928966,1.0,0.25,True,1.0,114.25,2024-07-24,117.0199966430664,,0.0,0,0.0,0.12812101471164627,0.03203025367791157,0.75,0.000375,0.03165525367791157,10.462295076981043,-0.11101788336798699
2024-08-01,109.16327667236328,109.20999908447266,120.16000366210938,106.80999755859375,117.52999877929688,523462300,NVDA,35082000000.0,,0.78,,,,,,,,,,15.0,0.5,10.0,55.0396214582977,35.003204834766876,18.59000015258789,-0.014160940846283387,-0.037294348941024014,-0.06674070913209607,1.9732474774513475,40.0,3790.2595915460374,95.0,70.58224289286716,70.58224289286716,False,61.23599693099648,54.84850796119292,53.116653344496676,56.58036257788917,0.7807764064044151,56.23599693099648,4.999999999999999,63.25001380189768,0.44114190914003737,0.25222955153301774,0.3066285393269449,-0.28350000381469725,-0.1306046034157612,18.443804249614445,False,False,48.84498748289882,48.81223611771869,0.42085889917110386,3.787933511293966,14.660894208744317,2.3760932748945893,0.2639961860519558,0.06820866352091688,3.9166135789755643,-0.43994114221331415,0.03275136518013483,1.0,1.0,False,1.0,114.25,2024-07-24,117.0199966430664,,0.0,0,0.0,-0.06674070913209607,-0.06674070913209607,0.0,0.0,-0.06674070913209607,9.76403408439409,-0.17034918023775927
2024-08-02,107.22410583496094,107.2699966430664,108.72000122070312,101.37000274658203,103.76000213623047,482027500,NVDA,35082000000.0,,0.78,,,,,,,,,,15.0,0.5,10.0,55.0396214582977,34.38140918047,23.389999389648438,-0.01861841433811906,-0.02810481478398752,-0.01776396353511256,1.901542543763033,40.0,3710.46239470597,95.0,76.4349375656853,76.4349375656853,False,65.44609880730721,58.985682409879644,57.2538277931834,60.71753702657589,0.7807764064044153,60.44609880730721,4.999999999999999,65.0446170205505,0.44114190914003737,0.25222955153301774,0.3066285393269449,-0.28350000381469725,-0.1306046034157612,18.443804249614445,False,False,50.73095361407657,50.698035666178214,0.42085889917110386,3.787933511293966,16.869171578007176,2.3760932748945893,0.2639961860519558,0.05927973376616364,4.2101018763107305,0.29348829733516624,0.032917947898358196,1.0,1.0,False,1.0,114.25,2024-07-24,117.0199966430664,,0.0,0,0.0,-0.01776396353511256,-0.01776396353511256,0.0,0.0,-0.01776396353511256,9.590586138963317,-0.185087067146892
2024-08-05,100.40702056884766,100.44999694824219,103.41000366210938,90.69000244140625,92.05999755859375,552842400,NVDA,35082000000.0,,0.78,,,,,,,,,,15.0,0.5,10.0,55.0396214582977,32.195511842385315,38.56999969482422,-0.0291236982927795,-0.033313830029076064,-0.0635778867181035,1.9109805356797767,40.0,3827.4065654999363,95.0,79.87604977922445,79.87604977922445,False,67.50524900379236,62.31162070453878,60.579766087842536,64.04347532123502,0.7807764064044151,62.50524900379236,4.999999999999999,66.09976023224812,0.44114190914003737,0.25222955153301774,0.3066285393269449,-0.28350000381469725,-0.1306046034157612,18.443804249614445,False,False,51.36057850729988,51.327315943012096,0.42085889917110386,3.787933511293966,18.784145963409813,2.3760932748945893,0.2639961860519558,0.05323638359433158,2.059150196485149,-1.518727130426143,0.033262564287781515,1.0,1.0,False,1.0,114.25,2024-07-24,117.0199966430664,,0.0,0,0.0,-0.0635778867181035,-0.0635778867181035,0.0,0.0,-0.0635778867181035,8.980836939860094,-0.2368975092769444
2024-08-06,104.20540618896484,104.25,107.70999908447266,100.55000305175781,103.83999633789062,409012100,NVDA,35082000000.0,,0.78,,,,,,,,,,15.0,0.5,10.0,55.0396214582977,33.41346153846154,27.709999084472656,0.00921956682947278,0.013592736353561063,0.037829797582928704,1.918289230329002,40.0,3780.1636890816044,95.0,85.80795000867556,85.80795000867556,False,71.25195519053467,65.80182182055344,64.0699672038572,67.53367643724968,0.7807764064044153,66.25195519053467,4.999999999999999,67.91865013503788,0.44114190914003737,0.25222955153301774,0.3066285393269449,-0.28350000381469725,-0.1306046034157612,18.443804249614445,False,False,52.938161237411805,52.895796384545065,0.42085889917110386,3.787933511293966,20.70502330173026,2.3760932748945893,0.2639961860519558,0.048297458323383426,3.7467061867423155,1.518727130426143,0.042364852866741104,1.0,1.0,False,1.0,114.25,2024-07-24,117.0199966430664,,0.0,0,0.0,0.037829797582928704,0.037829797582928704,0.0,0.0,0.037829797582928704,9.32058018342029,-0.20802949651786246
2024-08-07,98.86769104003906,98.91000366210938,108.80000305175781,98.69000244140625,107.80999755859375,411440400,NVDA,35082000000.0,,0.78,,,,,,,,,,15.0,0.5,10.0,55.0396214582977,31.70192425067608,27.850000381469727,-0.0066840009697359815,-0.016202203795474546,-0.05122298645458634,1.9412212468985628,40.0,3773.8238605472206,95.0,89.7710253812274,89.7710253812274,False,73.57079496218938,68.83473728604291,67.10288266934667,70.56659190273915,0.7807764064044151,68.57079496218938,4.999999999999999,69.13384214776605,0.44114190914003737,0.25222955153301774,0.3066285393269449,-0.28350000381469725,-0.1306046034157612,18.443804249614445,False,False,53.86053730060426,53.90030171887482,0.42085889917110386,3.787933511293966,22.308279350355374,2.3760932748945893,0.2639961860519558,0.04482640656837883,2.3188397716547087,-1.4278664150876068,-0.03976441827056704,1.0,1.0,False,1.0,98.91000366210938,2024-08-07,98.91000366210938,Trailing_Stop,-0.1342669263710339,14,0.0,-0.05122298645458634,-0.05122298645458634,0.0,0.0,-0.05122298645458634,8.843152230936067,-0.24859659089015992
2024-08-08,104.92508697509766,104.97000122070312,105.5,97.5199966430664,102.0,391910000,NVDA,35082000000.0,,0.78,,,,,,,,,,15.0,0.5,10.0,55.0396214582977,33.64423116048177,23.790000915527344,0.023117363765007726,0.037346764531998033,0.061267792278074884,1.9116654022995871,40.0,3817.9510806393464,95.0,94.9460872713454,94.9460872713454,False,76.43445732312793,71.80157833616035,70.0697237194641,73.5334329528566,0.7807764064044153,71.43445732312793,4.999999999999999,70.72066381605947,0.44114190914003737,0.25222955153301774,0.3066285393269449,-0.28350000381469725,-0.1306046034157612,18.443804249614445,False,False,55.31266538843835,55.34786067981541,0.42085889917110386,3.787933511293966,23.80034678126686,2.3760932748945893,0.2639961860519558,0.042016194519783015,2.863662360938548,0.5448225892838394,-0.03519529137706513,1.0,1.0,False,1.0,98.91000366210938,2024-08-07,104.97000122070312,,0.0,0,0.0,0.061267792278074884,0.061267792278074884,0.0,0.0,0.061267792278074884,9.384952644904452,-0.20255976290378094
2024-08-09,104.70519256591797,104.75,106.5999984741211,103.43000030517578,105.63999938964844,290844200,NVDA,35082000000.0,,0.78,,,,,,,,,,15.0,0.5,10.0,55.0396214582977,33.57371794871795,20.3700008392334,0.004409621620005133,0.004494153381721322,-0.0020958485104765057,1.9129529446917763,40.0,3778.2084501855984,95.0,100.0,100.0,False,78.92564629292295,74.58273042529132,72.85087580859508,76.31458504198756,0.7807764064044151,73.92564629292295,4.999999999999999,72.27033769393267,0.44114190914003737,0.25222955153301774,0.3066285393269449,-0.28350000381469725,-0.1306046034157612,18.443804249614445,False,False,56.830734402633446,56.80725533884663,0.42085889917110386,3.787933511293966,25.16608497853754,2.3760932748945893,0.2639961860519558,0.03973601777363593,2.4911889697950187,-0.3724733911435294,0.0234790637868133,1.0,1.0,False,1.0,98.91000366210938,2024-08-07,104.97000122070312,,0.0,0,0.0,-0.0020958485104765057,-0.0020958485104765057,0.0,0.0,-0.0020958485104765057,9.365283205882736,-0.20423107683689307
2024-08-12,108.97335052490234,109.0199966430664,111.06999969482422,106.26000213623047,106.31999969482422,325559900,NVDA,35082000000.0,,0.78,,,,,,,,,,15.0,0.5,10.0,55.0396214582977,34.94230661636744,20.709999084472656,0.000525393163109511,0.008169978290564428,0.04076369110325917,1.938007118366754,40.0,3823.9130438005495,95.0,100.0,100.0,False,78.8545756888173,76.25040842207709,74.51855380538083,77.98226303877334,0.7807764064044153,73.8545756888173,4.999999999999999,72.27033769393267,0.44114190914003737,0.25222955153301774,0.3066285393269449,-0.28350000381469725,-0.1306046034157612,18.443804249614445,False,False,57.034247152363356,57.15574532279745,0.42085889917110386,3.787933511293966,25.907237312724355,2.3760932748945893,0.2639961860519558,0.038599252708001,-0.07107060410564259,-1.518727130426143,-0.12149817043409143,1.0,1.0,False,1.0,98.91000366210938,2024-08-07,109.0199966430664,,0.0,0,0.0,0.04076369110325917,0.04076369110325917,0.0,0.0,0.04076369110325917,9.747046717581881,-0.171792598263499
2024-08-13,116.0903091430664,116.13999938964844,116.2300033569336,111.58000183105469,112.44000244140625,312646700,NVDA,35082000000.0,,0.78,,,,,,,,,,15.0,0.5,10.0,55.0396214582977,37.224358778733475,18.1200008392334,0.016445624495827982,0.030726907492182542,0.06530914479747296,1.9414058934950071,40.0,3919.022546617416,95.0,100.0,100.0,False,78.84085705959734,77.26168901116623,75.52983439446999,78.99354362786246,0.7807764064044151,73.84085705959734,4.999999999999999,72.27033769393267,0.44114190914003737,0.25222955153301774,0.3066285393269449,-0.28350000381469725,-0.1306046034157612,18.443804249614445,False,False,57.94001435844056,57.81851618800646,0.42085889917110386,3.787933511293966,26.15893116450953,2.3760932748945893,0.2639961860519558,0.03822786159385307,-0.013718629219965806,0.05735197488567678,0.12149817043409143,1.0,1.0,False,1.0,98.91000366210938,2024-08-07,116.13999938964844,,0.0,0,0.0,0.06530914479747296,0.06530914479747296,0.0,0.0,0.06530914479747296,10.38361800300817,-0.11770308114115097
2024-08-14,118.02948760986328,118.08000183105469,118.5999984741211,114.06999969482422,118.52999877929688,339246400,NVDA,35082000000.0,,0.78,,,,,,,,,,15.0,0.5,10.0,55.0396214582977,37.84615443303035,16.190000534057617,0.0031547893918812964,0.0054755403773794065,0.016703999066657094,1.939226049869105,40.0,3921.3473110411537,95.0,100.0,100.0,False,78.84085705959734,77.87817758814758,76.14632297145133,79.61003220484383,0.7807764064044153,73.84085705959734,4.999999999999999,72.27033769393267,0.44114190914003737,0.25222955153301774,0.3066285393269449,-0.28350000381469725,-0.1306046034157612,18.443804249614445,False,False,58.652302608164405,58.76653192137141,0.42085889917110386,3.787933511293966,25.934827958528924,2.3760932748945893,0.2639961860519558,0.03855818907297359,0.0,0.013718629219965806,-0.11422931320700855,1.0,1.0,False,1.0,98.91000366210938,2024-08-07,118.08000183105469,,0.0,0,0.0,0.016703999066657094,0.016703999066657094,0.0,0.0,0.016703999066657094,10.557065948438943,-0.10296519423201825
2024-08-15,122.80743408203125,122.86000061035156,123.23999786376953,117.47000122070312,118.76000213623047,318086700,NVDA,35082000000.0,,0.78,,,,,,,,,,15.0,0.5,10.0,55.0396214582977,39.37820532383063,15.229999542236328,0.017140243354885065,0.02876421922373007,0.04048101884463007,1.9110077429285706,40.0,3975.300755744498,95.0,100.0,100.0,False,78.84085705959734,78.2539962972665,76.52214168057026,79.98585091396274,0.7807764064044151,73.84085705959734,4.999999999999999,72.27033769393267,0.44114190914003737,0.25222955153301774,0.3066285393269449,-0.28350000381469725,-0.1306046034157612,18.443804249614445,False,False,60.033236400964554,59.98965059382185,0.42085889917110386,3.787933511293966,25.295439303988164,2.3760932748945893,0.2639961860519558,0.03953281806979081,0.0,0.0,0.043585807142707156,1.0,1.0,False,1.0,98.91000366210938,2024-08-07,122.86000061035156,,0.0,0,0.0,0.04048101884463007,0.04048101884463007,0.0,0.0,0.04048101884463007,10.984426734041703,-0.06665231135543545
2024-08-16,124.52670288085938,124.58000183105469,125.0,121.18000030517578,121.94000244140625,302589900,NVDA,35082000000.0,,0.78,,,,,,,,,,15.0,0.5,10.0,55.0396214582977,39.92948776636368,14.800000190734863,0.0022420131591913695,0.0016739588256386995,0.01399968429235221,1.9114131935667686,40.0,3952.9724197338173,95.0,100.0,100.0,False,78.84085705959734,78.48309981580272,76.75124519910648,80.21495443249896,0.7807764064044153,73.84085705959734,4.999999999999999,72.27033769393267,0.44114190914003737,0.25222955153301774,0.3066285393269449,-0.28350000381469725,-0.1306046034157612,18.443804249614445,False,False,61.42956137604515,61.459359247336636,0.42085889917110386,3.787933511293966,24.380936239008527,2.3760932748945893,0.2639961860519558,0.0410156521553114,0.0,0.0,-0.029797871291482352,1.0,1.0,False,1.0,98.91000366210938,2024-08-07,124.58000183105469,,0.0,0,0.0,0.01399968429235221,0.01399968429235221,0.0,0.0,0.01399968429235221,11.13820524045076,-0.05358573837941487
2024-08-19,129.94439697265625,130.0,130.0,123.41999816894531,124.27999877929688,318333600,NVDA,35082000000.0,,0.78,,,,,,,,,,15.0,0.5,10.0,55.0396214582977,41.666666666666664,14.649999618530273,0.009561414761256382,0.016486039999531243,0.04350616543011032,1.9189220980947075,40.0,3986.977700527055,95.0,100.0,100.0,False,78.84085705959734,78.62276402339027,76.89090940669404,80.35461864008651,0.7807764064044151,73.84085705959734,4.999999999999999,72.27033769393267,0.44114190914003737,0.25222955153301774,0.3066285393269449,-0.28350000381469725,-0.1306046034157612,18.443804249614445,False,False,63.21663946228101,63.3381376327151,0.42085889917110386,3.787933511293966,23.012628857287815,2.3760932748945893,0.2639961860519558,0.043454400894459844,0.0,0.0,-0.12149817043409143,1.0,1.0,False,1.0,98.91000366210938,2024-08-07,130.0,,0.0,0,0.0,0.04350616543011032,0.04350616543011032,0.0,0.0,0.04350616543011032,11.622785840236332,-0.01241088294793405
2024-08-20,127.19556427001953,127.25,129.8800048828125,125.88999938964844,128.39999389648438,300087400,NVDA,35082000000.0,,0.78,,,,,,,,,,15.0,0.5,10.0,55.0396214582977,40.78525641025641,15.880000114440918,-0.0016260845380726696,-0.0035103689589384146,-0.02115384615384619,1.9742312696427782,40.0,3945.376709674825,95.0,100.0,100.0,False,78.84085705959734,78.70790497192607,76.97605035522983,80.43975958862231,0.7807764064044153,73.84085705959734,4.999999999999999,72.27033769393267,0.44114190914003737,0.25222955153301774,0.3066285393269449,-0.28350000381469725,-0.1306046034157612,18.443804249614445,False,False,65.67374318459699,65.66915502660613,0.42085889917110386,3.787933511293966,21.289783102003693,2.3760932748945893,0.2639961860519558,0.04697088717197334,0.0,0.0,0.0045881579908541425,1.0,1.0,False,1.0,98.91000366210938,2024-08-07,130.0,,0.0,0,0.0,-0.02115384615384619,-0.02115384615384619,0.0,0.0,-0.02115384615384619,11.37691921669287,-0.03330219119326628
2024-08-21,128.4450225830078,128.5,129.35000610351562,126.66000366210938,127.31999969482422,257883600,NVDA,35082000000.0,,0.78,,,,,,,,,,15.0,0.5,10.0,55.0396214582977,41.18589743589744,16.270000457763672,0.003436518468241667,0.005886057953053747,0.00982318271119853,1.9704330776663195,40.0,3904.642064805448,95.0,100.0,100.0,False,78.84085705959734,78.75980789854404,77.0279532818478,80.49166251524028,0.7807764064044151,73.84085705959734,4.999999999999999,72.27033769393267,0.44114190914003737,0.25222955153301774,0.3066285393269449,-0.28350000381469725,-0.1306046034157612,18.443804249614445,False,False,68.27527072423106,68.27417323389346,0.42085889917110386,3.787933511293966,19.402173164365657,2.3760932748945893,0.2639961860519558,0.05154061823531274,0.0,0.0,0.0010974903375972644,1.0,1.0,False,1.0,98.91000366210938,2024-08-07,130.0,,0.0,0,0.0,0.00982318271119853,0.00982318271119853,0.0,0.0,0.00982318271119853,11.48867677284899,-0.02380614199084251
2024-08-22,123.68705749511719,123.73999786376953,130.75,123.0999984741211,130.02000427246094,376189100,NVDA,35082000000.0,,0.78,,,,,,,,,,15.0,0.5,10.0,55.0396214582977,39.660255725567154,17.549999237060547,-0.007848497114596786,-0.02300736944444759,-0.03704281818078181,1.9513274614110294,40.0,3957.5838931523617,95.0,100.0,100.0,False,78.84085705959734,78.79144853489868,77.05959391820244,80.52330315159492,0.7807764064044153,73.84085705959734,4.999999999999999,72.27033769393267,0.44114190914003737,0.25222955153301774,0.3066285393269449,-0.28350000381469725,-0.1306046034157612,18.443804249614445,False,False,70.60072956912823,70.60072956912823,0.42085889917110386,3.787933511293966,17.39526903479502,2.3760932748945893,0.2639961860519558,0.05748689474130824,0.0,0.0,0.0,1.0,1.0,False,1.0,98.91000366210938,2024-08-07,130.0,,0.0,0,0.0,-0.03704281818078181,-0.03704281818078181,0.0,0.0,-0.03704281818078181,11.063103808014574,-0.05996711358227163
2024-08-23,129.31463623046875,129.3699951171875,129.60000610351562,125.22000122070312,125.86000061035156,323230300,NVDA,35082000000.0,,0.78,,,,,,,,,,15.0,0.5,10.0,55.0396214582977,41.46474202473958,15.859999656677246,0.010625354160183287,0.016198590381167888,0.045498604740694004,1.9684645270226473,40.0,3901.7895634672595,95.0,100.0,100.0,False,78.84085705959734,78.81073704007866,77.07888242338242,80.5425916567749,0.7807764064044151,73.84085705959734,4.999999999999999,72.27033769393267,0.44114190914003737,0.25222955153301774,0.3066285393269449,-0.28350000381469725,-0.1306046034157612,18.443804249614445,False,False,73.20043111640753,73.20043111640753,0.42085889917110386,3.787933511293966,15.319930803617675,2.3760932748945893,0.2639961860519558,0.06527444626341643,0.0,0.0,0.0,1.0,1.0,False,1.0,98.91000366210938,2024-08-07,130.0,,0.0,0,0.0,0.045498604740694004,0.045498604740694004,0.0,0.0,0.045498604740694004,11.566459595380696,-0.017196928839897718
2024-08-26,126.40589141845703,126.45999908447266,131.25999450683594,124.37000274658203,129.57000732421875,331964700,NVDA,35082000000.0,,0.78,,,,,,,,,,15.0,0.5,10.0,55.0396214582977,40.53205098861303,16.149999618530273,-0.002383837980234005,-0.012546940226577652,-0.02249359312473398,1.975384836020528,40.0,3896.3922853705117,95.0,100.0,100.0,False,78.84085705959734,78.82249554037898,77.09064092368274,80.55435015707522,0.7807764064044153,73.84085705959734,4.999999999999999,72.27033769393267,0.44114190914003737,0.25222955153301774,0.3066285393269449,-0.28350000381469725,-0.1306046034157612,18.443804249614445,False,False,76.06519415957935,76.06519415957935,0.42085889917110386,3.787933511293966,13.230526892596105,2.3760932748945893,0.2639961860519558,0.07558277974247624,0.0,0.0,0.0,1.0,1.0,False,1.0,98.91000366210938,2024-08-07,130.0,,0.0,0,0.0,-0.02249359312473398,-0.02249359312473398,0.0,0.0,-0.02249359312473398,11.306288359348528,-0.03930370124431196
2024-08-27,128.2451171875,128.3000030517578,129.1999969482422,123.87999725341797,125.05000305175781,303134600,NVDA,35082000000.0,,0.78,,,,,,,,,,15.0,0.5,10.0,55.0396214582977,41.12179584992237,15.430000305175781,0.0013730978823098816,0.006059288418099218,0.014550086830667164,1.9760868357031864,40.0,3865.1384902202003,95.0,100.0,100.0,False,78.79936435284375,78.81346539763916,77.08161078094292,80.5453200143354,0.7807764064044151,73.79936435284375,4.999999999999999,72.27033769393267,0.44114190914003737,0.25222955153301774,0.3066285393269449,-0.28350000381469725,-0.1306046034157612,18.443804249614445,False,False,79.01495036369258,79.01495036369258,0.42085889917110386,3.787933511293966,11.228932715284206,2.3760932748945893,0.2639961860519558,0.0890556587483025,-0.04149270675358707,-0.04149270675358707,0.0,1.0,1.0,False,1.0,98.91000366210938,2024-08-07,130.0,,0.0,0,0.0,0.014550086830667164,0.014550086830667164,0.0,0.0,0.014550086830667164,11.47079583670961,-0.025325486679516125
2024-08-28,125.55626678466797,125.61000061035156,128.3300018310547,122.63999938964844,128.1199951171875,448101100,NVDA,35082000000.0,,0.78,,,,,,,,,,15.0,0.5,10.0,55.0396214582977,40.25961558024088,17.110000610351562,-0.005805274200081922,-0.013798405539223513,-0.020966503331422914,1.968503759933524,40.0,3858.541496105664,95.0,100.0,100.0,False,78.58168039752451,78.72297926791518,76.99112465121894,80.45483388461142,0.7807764064044153,73.58168039752451,4.999999999999999,72.27033769393267,0.44114190914003737,0.25222955153301774,0.3066285393269449,-0.28350000381469725,-0.1306046034157612,18.443804249614445,False,False,81.94242820696425,81.94242820696425,0.42085889917110386,3.787933511293966,9.265464683506535,2.3760932748945893,0.2639961860519558,0.10792766840718752,-0.21768395531924511,-0.17619124856565804,0.0,1.0,1.0,False,1.0,98.91000366210938,2024-08-07,130.0,,0.0,0,0.0,-0.020966503331422914,-0.020966503331422914,0.0,0.0,-0.020966503331422914,11.230293357585166,-0.045761003110103074
2024-08-29,117.53968811035156,117.58999633789062,124.43000030517578,116.70999908447266,121.36000061035156,453023300,NVDA,35082000000.0,,0.78,,,,,,,,,,15.0,0.5,10.0,55.0396214582977,37.689101390349556,15.649999618530273,8.953572284031708e-05,-0.009023770595488423,-0.06384845341526102,1.9911990702369189,40.0,4007.4644055580306,95.0,100.0,100.0,False,78.21352978739559,78.52409620059284,76.7922415838966,80.25595081728908,0.7807764064044151,73.21352978739559,4.999999999999999,72.27033769393267,0.44114190914003737,0.25222955153301774,0.3066285393269449,-0.28350000381469725,-0.1306046034157612,18.443804249614445,False,False,84.72099106723016,84.72099106723016,0.42085889917110386,3.787933511293966,7.342112128575731,2.3760932748945893,0.2639961860519558,0.136200589488135,-0.3681506101289216,-0.15046665480967647,0.0,1.0,1.0,False,1.0,98.91000366210938,2024-08-07,130.0,,0.0,0,0.0,-0.06384845341526102,-0.06384845341526102,0.0,0.0,-0.06384845341526102,10.513256495303676,-0.10668768725005298
2024-08-30,119.31893157958984,119.37000274658203,121.75,117.22000122070312,119.52999877929688,333751600,NVDA,35082000000.0,,0.78,,,,,,,,,,15.0,0.5,10.0,55.0396214582977,38.25961626493014,15.0,0.009546014727143781,0.01329101985467096,0.015137396582415308,1.975138065488825,40.0,3925.8876672484694,95.0,100.0,100.0,False,77.77199272508369,78.23048387616669,76.49862925947045,79.96233849286293,0.7807764064044153,72.77199272508369,4.999999999999999,72.27033769393267,0.44114190914003737,0.25222955153301774,0.3066285393269449,-0.28350000381469725,-0.1306046034157612,18.443804249614445,False,False,86.90858212260642,86.90858212260642,0.42085889917110386,3.787933511293966,5.682656572542654,2.3760932748945893,0.2639961860519558,0.17597403384040133,-0.4415370623118946,-0.07338645218297302,0.0,1.0,1.0,False,1.0,98.91000366210938,2024-08-07,130.0,,0.0,0,0.0,0.015137396582415308,0.015137396582415308,0.0,0.0,0.015137396582415308,10.67239982824574,-0.09316526450000244
2024-09-03,107.95378875732422,108.0,116.20999908447266,107.29000091552734,116.01000213623047,477155100,NVDA,35082000000.0,,0.78,,,,,,,,,,15.0,0.5,10.0,55.0396214582977,34.61538461538461,20.719999313354492,-0.020579008899841544,-0.04593108080191155,-0.0952500836472302,1.9828607567829672,40.0,4298.910464370593,95.0,100.0,100.0,False,77.27638868113208,77.85801636729326,76.12616175059702,79.5898709839895,0.7807764064044151,72.27638868113208,4.999999999999999,72.27033769393267,0.44114190914003737,0.25222955153301774,0.3066285393269449,-0.28350000381469725,-0.1306046034157612,18.443804249614445,False,False,88.1160639635217,88.1160639635217,0.42085889917110386,3.787933511293966,3.894325440003359,2.3760932748945893,0.2639961860519558,0.2567838809072766,-0.49560404395161584,-0.054066981639721234,0.0,1.2,1.0,True,1.2,108.0,2024-09-03,108.0,Trailing_Stop,0.07811643515454555,27,0.15,-0.0952500836472302,-0.0952500836472302,0.19999999999999996,9.999999999999998e-05,-0.0953500836472302,9.654785611905824,-0.17963203238414108
2024-09-04,106.16455841064453,106.20999908447266,113.2699966430664,104.12000274658203,105.41000366210938,372470300,NVDA,35082000000.0,,0.78,,,,,,,,,,15.0,0.5,10.0,55.0396214582977,34.041666373228416,21.31999969482422,-0.0020468135919301522,-0.0025689002791238202,-0.016574082551179092,1.9846314407913979,40.0,4286.597237079456,95.0,68.45118749732993,68.45118749732993,False,56.926177334326965,69.68647333749571,67.95461872079946,71.41832795419197,0.7807764064044153,51.926177334326965,4.999999999999999,62.59657139873929,0.44114190914003737,0.25222955153301774,0.3066285393269449,-0.28350000381469725,-0.1306046034157612,18.443804249614445,False,False,55.86317944820537,55.86649886474566,0.42085889917110386,3.787933511293966,7.311998504284655,2.3760932748945893,0.2639961860519558,0.13676151594041275,-20.35021134680511,-1.518727130426143,-0.0033194165402869657,1.2,1.2,False,1.2,108.0,2024-09-03,108.0,,0.0,0,0.0,-0.016574082551179092,-0.01988889906141491,0.0,0.0,-0.01988889906141491,9.462762555411029,-0.19594824808527095
2024-09-05,107.16413116455078,107.20999908447266,109.6500015258789,104.76000213623047,104.98999786376953,306850700,NVDA,35082000000.0,,0.78,,,,,,,,,,15.0,0.5,10.0,55.0396214582977,34.362179193741234,19.899999618530273,-0.0024322113182296823,-0.0015261700206238293,0.009415309374070091,1.9834766537168929,40.0,4222.852302312599,95.0,34.89029210525159,34.89029210525159,False,34.87609856466601,56.09691367713527,54.36505906043902,57.828768293831516,0.7807764064044151,29.87609856466601,4.999999999999999,52.30584306616192,0.44114190914003737,0.25222955153301774,0.3066285393269449,-0.28350000381469725,-0.1306046034157612,18.443804249614445,False,False,31.5344029853043,31.548498285189552,0.42085889917110386,3.787933511293966,15.799521501274926,2.3760932748945893,0.2639961860519558,0.06329305605358403,-22.050078769660956,-1.518727130426143,-0.014095299885252644,1.2,1.2,False,1.2,108.0,2024-09-03,108.0,,0.0,0,0.0,0.009415309374070091,0.01129837124888411,0.0,0.0,0.01129837124888411,9.569676359802102,-0.18686377288882264
2024-09-06,102.78600311279297,102.83000183105469,108.1500015258789,100.94999694824219,108.04000091552734,413638100,NVDA,35082000000.0,,0.78,,,,,,,,,,15.0,0.5,10.0,55.0396214582977,32.95833392020983,22.3799991607666,-0.01683011634892906,-0.02593746250900697,-0.040854372640810266,2.0105426974672684,40.0,4206.559358456201,95.0,16.5289438494022,16.5289438494022,False,27.338113974924966,44.86981753513721,43.13796291844096,46.601672151833455,0.7807764064044153,22.338113974924966,4.999999999999999,46.67572967039747,0.44114190914003737,0.25222955153301774,0.3066285393269449,-0.28350000381469725,-0.1306046034157612,18.443804249614445,False,False,29.740815684661214,29.75285301704599,0.42085889917110386,3.787933511293966,23.59715151185575,2.3760932748945893,0.2639961860519558,0.04237799632288571,-7.537984589741043,1.518727130426143,-0.012037332384774118,1.2,1.2,False,1.2,108.0,2024-09-03,108.0,,0.0,0,0.0,-0.040854372640810266,-0.049025247168972316,0.0,0.0,-0.049025247168972316,9.100520610935734,-0.22672797740499367
2024-09-09,106.42444610595703,106.47000122070312,106.55000305175781,103.69000244140625,104.87999725341797,273912000,NVDA,35082000000.0,,0.78,,,,,,,,,,15.0,0.5,10.0,55.0396214582977,34.125000391251,19.450000762939453,0.011196217256969065,0.01637895433445169,0.03539822352263311,2.0225602633095034,40.0,4202.255320425009,95.0,14.468208497403621,14.468208497403621,False,27.28740246447105,38.00585010774443,36.27399549104818,39.737704724440675,0.7807764064044151,22.28740246447105,4.999999999999999,46.04384939947475,0.44114190914003737,0.25222955153301774,0.3066285393269449,-0.28350000381469725,-0.1306046034157612,18.443804249614445,False,False,31.734942314507688,31.740813230682324,0.42085889917110386,3.787933511293966,29.008989606020506,2.3760932748945893,0.2639961860519558,0.03447207274645859,-0.05071151045391531,1.518727130426143,-0.005870916174637842,1.2,1.2,False,1.2,108.0,2024-09-03,108.0,,0.0,0,0.0,0.03539822352263311,0.04247786822715973,0.0,0.0,0.04247786822715973,9.487091326245613,-0.19388103032545367
2024-09-10,108.05374908447266,108.0999984741211,109.4000015258789,104.94999694824219,107.80999755859375,268283700,NVDA,35082000000.0,,0.78,,,,,,,,,,15.0,0.5,10.0,55.0396214582977,34.64743540837215,19.079999923706055,0.0043557127427886755,0.014957088611779357,0.015309450875642616,2.003108374684122,40.0,4180.518312934519,95.0,14.355952836792829,14.355952836792829,False,27.863235910251085,34.046293175411805,32.31443855871556,35.77814779210805,0.7807764064044153,22.863235910251085,4.999999999999999,46.00942861023048,0.44114190914003737,0.25222955153301774,0.3066285393269449,-0.28350000381469725,-0.1306046034157612,18.443804249614445,False,False,33.17614395038475,33.180469308915924,0.42085889917110386,3.787933511293966,32.992690005015554,2.3760932748945893,0.2639961860519558,0.03030974436603926,0.5758334457800345,0.6265449562339498,-0.004325358531177699,1.2,1.2,False,1.2,108.0,2024-09-03,108.0999984741211,,0.0,0,0.0,0.015309450875642616,0.01837134105077114,0.0,0.0,0.01837134105077114,9.661381916579884,-0.17907154380606632
2024-09-11,116.85997772216797,116.91000366210938,117.19000244140625,107.41999816894531,109.38999938964844,441422400,NVDA,35082000000.0,,0.78,,,,,,,,,,15.0,0.5,10.0,55.0396214582977,37.47115501990685,17.690000534057617,0.010258942597767273,0.03413192933518139,0.08149866153881002,2.0213435776784157,40.0,4514.979581197852,95.0,14.154002773809987,14.154002773809987,False,28.313040653658085,31.808099024939843,30.076244408243596,33.53995364163609,0.7807764064044151,23.313040653658085,4.999999999999999,45.947504957401065,0.44114190914003737,0.25222955153301774,0.3066285393269449,-0.28350000381469725,-0.1306046034157612,18.443804249614445,False,False,33.93390067581183,34.05539884624592,0.42085889917110386,3.787933511293966,36.03147482946862,2.3760932748945893,0.2639961860519558,0.027753512858767086,0.4498047434070003,-0.1260287023730342,-0.12149817043409143,1.2,1.2,False,1.2,108.0,2024-09-03,116.91000366210938,,0.0,0,0.0,0.08149866153881002,0.09779839384657203,0.0,0.0,0.09779839384657203,10.606249550359713,-0.0987860593273536
2024-09-12,119.09921264648438,119.13999938964844,120.79000091552734,115.37999725341797,116.83999633789062,366052700,NVDA,35082000000.0,,0.78,,,,,,,,,,15.0,0.5,10.0,55.0396214582977,38.185897240271935,17.06999969482422,0.008423296578884854,0.00827435463505899,0.019074464611122055,2.0487327201313414,40.0,4545.235772614508,95.0,14.16125818832,14.16125818832,False,28.78507914892993,30.627947727299773,28.896093110603527,32.35980234399602,0.7807764064044153,23.78507914892993,4.999999999999999,45.94972967455448,0.44114190914003737,0.25222955153301774,0.3066285393269449,-0.28350000381469725,-0.1306046034157612,18.443804249614445,False,False,34.54696516286199,34.66846333329608,0.42085889917110386,3.787933511293966,38.329937991946444,2.3760932748945893,0.2639961860519558,0.02608926735571843,0.47203849527184616,0.022233751864845885,-0.12149817043409143,1.2,1.2,False,1.2,108.0,2024-09-03,119.13999938964844,,0.0,0,0.0,0.019074464611122055,0.022889357533346467,0.0,0.0,0.022889357533346467,10.849019788405792,-0.07815785122526127
2024-09-13,119.0592269897461,119.0999984741211,119.95999908447266,117.5999984741211,119.08000183105469,238358300,NVDA,35082000000.0,,0.78,,,,,,,,,,15.0,0.5,10.0,55.0396214582977,38.17307643401317,16.559999465942383,0.005222741901835137,0.005015073045871121,-0.0003357471523608435,2.043229406103731,40.0,4497.753622685148,95.0,14.211100919275935,14.211100919275935,False,29.186468694170856,30.06521131760292,28.333356700906673,31.797065934299166,0.7807764064044151,24.186468694170856,4.999999999999999,45.96501287834357,0.44114190914003737,0.25222955153301774,0.3066285393269449,-0.28350000381469725,-0.1306046034157612,18.443804249614445,False,False,35.185845873766624,35.06434770333253,0.42085889917110386,3.787933511293966,40.01287442268144,2.3760932748945893,0.2639961860519558,0.02499195607484641,0.4013895452409244,-0.07064895003092175,0.12149817043409143,1.2,1.2,False,1.2,108.0,2024-09-03,119.13999938964844,,0.0,0,0.0,-0.0003357471523608435,-0.0004028965828330122,0.0,0.0,-0.0004028965828330122,10.844648755405956,-0.07852925827691407
2024-09-16,116.74002075195312,116.77999877929688,118.18000030517578,114.36000061035156,116.79000091552734,248772300,NVDA,35082000000.0,,0.78,,,,,,,,,,15.0,0.5,10.0,55.0396214582977,37.429486788236176,17.139999389648438,0.0014768724318450221,-0.0038105440418596537,-0.019479426738433836,2.038978181013879,40.0,4459.9693307551925,95.0,14.267634950936301,14.267634950936301,False,29.5277162570182,29.855379586671187,28.12352496997494,31.587234203367434,0.7807764064044153,24.5277162570182,4.999999999999999,45.982347825893854,0.44114190914003737,0.25222955153301774,0.3066285393269449,-0.28350000381469725,-0.1306046034157612,18.443804249614445,False,False,35.42623896483629,35.30474079440219,0.42085889917110386,3.787933511293966,41.156250381832116,2.3760932748945893,0.2639961860519558,0.02429764594010335,0.34124756284734303,-0.06014198239358137,0.12149817043409143,1.2,1.2,False,1.2,108.0,2024-09-03,119.13999938964844,,0.0,0,0.0,-0.019479426738433836,-0.023375312086120602,0.0,0.0,-0.023375312086120602,10.591151706283982,-0.10006892444292022
2024-09-17,115.55043029785156,115.58999633789062,118.80000305175781,114.83000183105469,118.16999816894531,231925900,NVDA,35082000000.0,,0.78,,,,,,,,,,15.0,0.5,10.0,55.0396214582977,37.048075749323914,17.610000610351562,0.00040860716682655784,-0.0019581417241291144,-0.010190122057247453,2.037785810785843,40.0,4429.558933875744,95.0,14.360633575819284,14.360633575819284,False,29.837313664999687,29.84832686397066,28.116472247274412,31.580181480666905,0.7807764064044151,24.837313664999687,4.999999999999999,46.01086385840114,0.44114190914003737,0.25222955153301774,0.3066285393269449,-0.28350000381469725,-0.1306046034157612,18.443804249614445,False,False,35.48197253167313,35.431848935174415,0.42085889917110386,3.787933511293966,41.80313902048413,2.3760932748945893,0.2639961860519558,0.02392164855155939,0.3095974079814887,-0.03165015486585432,0.050123596498715985,1.2,1.2,False,1.2,108.0,2024-09-03,119.13999938964844,,0.0,0,0.0,-0.010190122057247453,-0.012228146468696943,0.0,0.0,-0.012228146468696943,10.461641551947352,-0.1110734134465642
2024-09-18,113.33119201660156,113.37000274658203,117.69999694824219,113.22000122070312,115.88999938964844,310318900,NVDA,35082000000.0,,0.78,,,,,,,,,,15.0,0.5,10.0,55.0396214582977,36.33653934185321,18.229999542236328,-0.0029658530705484187,-0.009125336573020948,-0.019205758816871588,2.021710445158017,40.0,4428.997175430411,95.0,14.686307979044772,14.686307979044772,False,30.210389517348037,29.98967185266928,28.257817235973032,31.721526469365525,0.7807764064044153,25.210389517348037,4.999999999999999,46.11072492495834,0.44114190914003737,0.25222955153301774,0.3066285393269449,-0.28350000381469725,-0.1306046034157612,18.443804249614445,False,False,35.49235438447558,35.502436680665426,0.42085889917110386,3.787933511293966,41.965710672558544,2.3760932748945893,0.2639961860519558,0.023828978086481014,0.37307585234835017,0.06347844436686145,-0.010082296189842736,1.2,1.2,False,1.2,108.0,2024-09-03,119.13999938964844,,0.0,0,0.0,-0.019205758816871588,-0.023046910580245904,0.0,0.0,-0.023046910580245904,10.220533034577036,-0.13156042499926449
2024-09-19,117.82965087890625,117.87000274658203,119.66000366210938,117.25,117.3499984741211,293506400,NVDA,35082000000.0,,0.78,,,,,,,,,,15.0,0.5,10.0,55.0396214582977,37.778847034160904,16.329999923706055,0.01706440263283948,0.02970022103709047,0.03969303952526948,1.9692143965334787,40.0,4400.181277606471,95.0,14.958661667363897,14.958661667363897,False,30.516781796058922,30.19544935635918,28.463594739662934,31.927303973055427,0.7807764064044151,25.516781796058922,4.999999999999999,46.19423633858794,0.44114190914003737,0.25222955153301774,0.3066285393269449,-0.28350000381469725,-0.1306046034157612,18.443804249614445,False,False,35.45922228785486,35.45744358770567,0.42085889917110386,3.787933511293966,41.65756303233834,2.3760932748945893,0.2639961860519558,0.024005244839303497,0.30639227871088437,-0.0666835736374658,0.001778700149187671,1.2,1.2,False,1.2,108.0,2024-09-03,119.13999938964844,,0.0,0,0.0,0.03969303952526948,0.04763164743032337,0.0,0.0,0.04763164743032337,10.707353860629983,-0.09019521734828954
2024-09-20,115.96028900146484,116.0,118.62000274658203,115.38999938964844,117.05999755859375,382462400,NVDA,35082000000.0,,0.78,,,,,,,,,,15.0,0.5,10.0,55.0396214582977,37.179487179487175,16.149999618530273,-0.004781219240837187,-0.004874324128839258,-0.015864958878490043,1.970741530099912,40.0,4353.997290541466,95.0,15.086146629526384,15.086146629526384,False,30.762422624727694,30.41678903186125,28.684934415165003,32.148643648557496,0.7807764064044153,25.762422624727694,4.999999999999999,46.233326866321974,0.44114190914003737,0.25222955153301774,0.3066285393269449,-0.28350000381469725,-0.1306046034157612,18.443804249614445,False,False,35.28828846229276,35.29394037829523,0.42085889917110386,3.787933511293966,40.878788622721196,2.3760932748945893,0.2639961860519558,0.024462564417678984,0.24564082866877257,-0.0607514500421118,-0.005651916002473741,1.2,1.2,False,1.2,108.0,2024-09-03,119.13999938964844,,0.0,0,0.0,-0.015864958878490043,-0.019037950654188052,0.0,0.0,-0.019037950654188052,10.50350778619438,-0.10751603590535705
2024-09-23,116.22020721435547,116.26000213623047,116.98999786376953,114.86000061035156,116.55000305175781,206228500,NVDA,35082000000.0,,0.78,,,,,,,,,,15.0,0.5,10.0,55.0396214582977,37.262821197509766,15.890000343322754,0.0024988700574681832,-0.001977272474811942,0.0022413977261246387,1.9707401720909048,40.0,4312.242334062187,95.0,15.349378699608529,15.349378699608529,False,31.063668151995838,30.669323009259617,28.93746839256337,32.40117762595586,0.7807764064044151,26.063668151995838,4.999999999999999,46.314041331475266,0.44114190914003737,0.25222955153301774,0.3066285393269449,-0.28350000381469725,-0.1306046034157612,18.443804249614445,False,False,35.04571933392693,35.05053069251842,0.42085889917110386,3.787933511293966,39.59863188984918,2.3760932748945893,0.2639961860519558,0.025253397712872567,0.3012455272681436,0.055604698599371005,-0.00481135859148651,1.2,1.2,False,1.2,108.0,2024-09-03,119.13999938964844,,0.0,0,0.0,0.0022413977261246387,0.002689677271349566,0.0,0.0,0.002689677271349566,10.531758832356351,-0.10511554207208765
2024-09-24,120.82862091064453,120.87000274658203,121.80000305175781,115.37999725341797,116.5199966430664,354966800,NVDA,35082000000.0,,0.78,,,,,,,,,,15.0,0.5,10.0,55.0396214582977,38.74038549569937,15.390000343322754,0.0028613143253319873,0.006844091573347422,0.03965250753177929,1.9786761919435372,40.0,4312.325403933924,95.0,15.80659357727176,15.80659357727176,False,31.43229410957042,30.967177926205164,29.235323309508917,32.699032542901406,0.7807764064044153,26.43229410957042,4.999999999999999,46.454236461571696,0.44114190914003737,0.25222955153301774,0.3066285393269449,-0.28350000381469725,-0.1306046034157612,18.443804249614445,False,False,34.69956728330438,34.70209929569365,0.42085889917110386,3.787933511293966,37.76438811955853,2.3760932748945893,0.2639961860519558,0.02647997358871785,0.36862595757458294,0.06738043030643937,-0.0025320123892683456,1.2,1.2,False,1.2,108.0,2024-09-03,120.87000274658203,,0.0,0,0.0,0.03965250753177929,0.04758300903813515,0.0,0.0,0.04758300903813515,11.032891608063823,-0.06253424682241714
2024-09-25,123.46772003173828,123.51000213623047,124.94000244140625,121.61000061035156,122.0199966430664,284692900,NVDA,35082000000.0,,0.78,,,,,,,,,,15.0,0.5,10.0,55.0396214582977,39.586539146227715,15.40999984741211,-0.0022055133774685487,0.002862123285638063,0.021841642505655345,1.9839265219176825,40.0,4332.375252885297,95.0,16.479046450652618,16.479046450652618,False,31.89404421351911,31.329015590718356,29.59716097402211,33.0608702074146,0.7807764064044151,26.89404421351911,4.999999999999999,46.66042970390267,0.44114190914003737,0.25222955153301774,0.3066285393269449,-0.28350000381469725,-0.1306046034157612,18.443804249614445,False,False,34.21533463171181,34.21025635616246,0.42085889917110386,3.787933511293966,35.29251312058092,2.3760932748945893,0.2639961860519558,0.028334621470094388,0.4617501039486882,0.09312414637410527,0.005078275549348916,1.2,1.2,False,1.2,108.0,2024-09-03,123.51000213623047,,0.0,0,0.0,0.021841642505655345,0.026209971006786414,0.0,0.0,0.026209971006786414,11.322063377232194,-0.037963296611777386
2024-09-26,123.9975357055664,124.04000091552734,127.66999816894531,121.80000305175781,126.80000305175781,302582900,NVDA,35082000000.0,,0.78,,,,,,,,,,15.0,0.5,10.0,55.0396214582977,39.7564105498485,15.369999885559082,0.003964651345061521,0.01324415260068279,0.004291140556473172,1.9757669267667723,40.0,4301.081495121027,95.0,17.461249454423747,17.461249454423747,False,32.48065893756665,31.778603567624238,30.04674895092799,33.510458184320484,0.7807764064044153,27.480658937566655,4.999999999999999,46.96160117627155,0.44114190914003737,0.25222955153301774,0.3066285393269449,-0.28350000381469725,-0.1306046034157612,18.443804249614445,False,False,33.49957866183394,33.50491334772494,0.42085889917110386,3.787933511293966,32.04311868229093,2.3760932748945893,0.2639961860519558,0.03120794857438966,0.5866147240475428,0.12486462009885457,-0.005334685890997264,1.2,1.2,False,1.2,108.0,2024-09-03,124.04000091552734,,0.0,0,0.0,0.004291140556473172,0.005149368667767806,0.0,0.0,0.005149368667767806,11.380364855641394,-0.03300941495410748
2024-09-27,121.35844421386719,121.4000015258789,124.02999877929688,119.26000213623047,123.97000122070312,271009200,NVDA,35082000000.0,,0.78,,,,,,,,,,15.0,0.5,10.0,55.0396214582977,38.91025689932016,16.959999084472656,-0.0014503182029491635,-0.009330143058701501,-0.02128345187167735,1.9660933661055362,40.0,4273.082241494566,95.0,17.747292677927614,17.747292677927614,False,32.80051753151177,32.177546723813535,30.44569210711729,33.90940134050978,0.7807764064044151,27.800517531511776,4.999999999999999,47.04931019207891,0.44114190914003737,0.25222955153301774,0.3066285393269449,-0.28350000381469725,-0.1306046034157612,18.443804249614445,False,False,32.15349060902781,32.158350725031184,0.42085889917110386,3.787933511293966,27.781496258671567,2.3760932748945893,0.2639961860519558,0.03599518149379249,0.3198585939451206,-0.26675613010242216,-0.004860116003368944,1.2,1.2,False,1.2,108.0,2024-09-03,124.04000091552734,,0.0,0,0.0,-0.02128345187167735,-0.02554014224601282,0.0,0.0,-0.02554014224601282,11.089708718416787,-0.05770649204673479
2024-09-30,121.39842224121094,121.44000244140625,121.5,118.1500015258789,118.30999755859375,226553700,NVDA,35082000000.0,,0.78,,,,,,,,,,15.0,0.5,10.0,55.0396214582977,38.923077705578926,16.729999542236328,0.0040072780371684935,0.0029319786113946034,0.00032949682886806997,1.9691039531349344,40.0,4228.838728651765,94.69445866124413,18.225186080464848,18.225186080464848,False,33.13710519133086,32.55214702981509,30.820292413118842,34.284001646511335,0.7807764064044153,28.13710519133086,4.999999999999999,47.118779393203695,0.44114190914003737,0.25222955153301774,0.3066285393269449,-0.28350000381469725,-0.1306046034157612,18.443804249614445,False,False,29.25643198046806,29.25198360458011,0.42085889917110386,3.787933511293966,21.931435314551255,2.3760932748945893,0.2639961860519558,0.04559665091032649,0.336587659819088,0.016729065873967386,0.004448375887949681,0.25,1.2,True,0.25,108.0,2024-09-03,124.04000091552734,,0.0,0,0.0,0.00032949682886806997,0.00039539619464168396,0.95,0.000475,-7.960380535831604e-05,11.088825935402486,-0.0577815021957323
2024-10-01,116.95994567871094,117.0,122.44000244140625,115.79000091552734,121.7699966430664,302094500,NVDA,35082000000.0,,0.78,,,,,,,,,,15.0,0.5,10.0,55.0396214582977,37.5,19.260000228881836,-0.0089584749040581,-0.02436215509313122,-0.03656128419091986,1.9568041715348594,40.0,4357.627234590621,95.0,17.869741109726906,17.869741109726906,False,33.34963303703861,32.863476159253985,31.13162154255774,34.59533077595023,0.7807764064044151,28.349633037038608,4.999999999999999,47.08685637586441,0.44114190914003737,0.25222955153301774,0.3066285393269449,-0.28350000381469725,-0.1306046034157612,18.443804249614445,False,False,22.58434252137687,22.578952086952352,0.42085889917110386,3.787933511293966,12.450355852911159,2.3760932748945893,0.2639961860519558,0.08031898941797544,0.21252784570774708,-0.12405981411134093,0.005390434424515149,0.25,0.25,False,0.25,108.0,2024-09-03,124.04000091552734,,0.0,0,0.0,-0.03656128419091986,-0.009140321047729966,0.0,0.0,-0.009140321047729966,10.987470506310512,-0.06639368176277324
2024-10-02,118.80931854248047,118.8499984741211,119.37999725341797,115.13999938964844,116.44000244140625,221845900,NVDA,35082000000.0,,0.78,,,,,,,,,,15.0,0.5,10.0,55.0396214582977,38.092948228884964,18.899999618530273,0.00042205732551758857,0.007400367399727381,0.015811952770265814,1.9570337816500294,40.0,4286.100505420294,94.94967468933038,17.606985308969126,17.606985308969126,False,33.515629096220266,33.118068972529294,31.386214355833047,34.84992358922554,0.7807764064044153,28.515629096220266,4.999999999999999,46.9935944179374,0.44114190914003737,0.25222955153301774,0.3066285393269449,-0.28350000381469725,-0.1306046034157612,18.443804249614445,False,False,12.727966231599687,12.72051629988976,0.42085889917110386,3.787933511293966,4.53275165503827,2.3760932748945893,0.2639961860519558,0.22061654290909016,0.1659960591816585,-0.04653178652608858,0.0074499317099284215,0.25,0.25,False,0.25,108.0,2024-09-03,124.04000091552734,,0.0,0,0.0,0.015811952770265814,0.003952988192566453,0.0,0.0,0.003952988192566453,11.030903847488128,-0.06270314701027617
2024-10-03,122.80794525146484,122.8499984741211,124.36000061035156,120.33999633789062,120.91999816894531,277118000,NVDA,35082000000.0,,0.78,,,,,,,,,,15.0,0.5,10.0,55.0396214582977,39.37499951093625,20.489999771118164,-0.0018281792604923908,0.004146190326179466,0.03365586917420926,1.9639757175978143,40.0,4255.650877397039,93.32659169863224,17.44902740402018,17.44902740402018,False,33.26964973080745,33.17724431239353,31.445389695697287,34.90909892908978,0.7807764064044151,28.269649730807455,4.999999999999999,46.5357705214231,0.44114190914003737,0.25222955153301774,0.3066285393269449,-0.28350000381469725,-0.1306046034157612,18.443804249614445,False,False,11.981758774217358,11.971769604609449,0.42085889917110386,3.787933511293966,3.192701630657041,2.3760932748945893,0.2639961860519558,0.3132143606523624,-0.24597936541281484,-0.41197542459447334,0.009989169607908367,0.25,0.25,False,0.25,108.0,2024-09-03,124.04000091552734,,0.0,0,0.0,0.03365586917420926,0.008413967293552316,0.0,0.0,0.008413967293552316,11.123717511679214,-0.0548167619448711
2024-10-04,124.87723541259766,124.91999816894531,125.04000091552734,121.83000183105469,124.94000244140625,243678100,NVDA,35082000000.0,,0.78,,,,,,,,,,15.0,0.5,10.0,55.0396214582977,40.03846095158504,19.209999084472656,0.009087339434985742,0.011130540616279383,0.01684981457496937,1.9525338344811771,40.0,4291.847810461773,93.10854625354204,18.29405940356684,18.29405940356684,False,33.95466595249724,33.48074054960413,31.748885932907882,35.212595166300375,0.7807764064044153,28.95466595249724,4.999999999999999,46.73988394429971,0.44114190914003737,0.25222955153301774,0.3066285393269449,-0.28350000381469725,-0.1306046034157612,18.443804249614445,False,False,12.623479262067105,12.6448197524753,0.42085889917110386,3.787933511293966,3.192701630657041,2.3760932748945893,0.2639961860519558,0.3132143606523624,0.6850162216897857,0.9309955871026006,-0.021340490408193774,0.25,0.25,False,0.25,108.0,2024-09-03,124.91999816894531,,0.0,0,0.0,0.01684981457496937,0.004212453643742342,0.0,0.0,0.004212453643742342,11.17057565604325,-0.050835221369721406
2024-10-07,127.67628479003906,127.72000122070312,130.63999938964844,124.94999694824219,124.98999786376953,346250200,NVDA,35082000000.0,,0.78,,,,,,,,,,15.0,0.5,10.0,55.0396214582977,40.93589782714844,22.639999389648438,-0.009040442689714157,-0.006879967327266812,0.022414369939159018,1.9443541297513405,40.0,4350.99883472277,94.0631764752755,19.082509756643702,19.082509756643702,False,35.050388063836316,34.093512422346045,32.3616578056498,35.82536703904229,0.7807764064044151,30.050388063836316,4.999999999999999,47.22243127710317,0.44114190914003737,0.25222955153301774,0.3066285393269449,-0.28350000381469725,-0.1306046034157612,18.443804249614445,False,False,13.775533001029151,13.774194675759233,0.42085889917110386,3.787933511293966,3.192701630657041,2.3760932748945893,0.2639961860519558,0.3132143606523624,1.0957221113390787,0.410705889649293,0.001338325269917391,0.25,0.25,False,0.25,108.0,2024-09-03,127.72000122070312,,0.0,0,0.0,0.022414369939159018,0.0056035924847897545,0.0,0.0,0.0056035924847897545,11.233171009840229,-0.04551648874936166
2024-10-08,132.84449768066406,132.88999938964844,133.47999572753906,129.4199981689453,130.25999450683594,285722500,NVDA,35082000000.0,,0.78,,,,,,,,,,15.0,0.5,10.0,55.0396214582977,42.59294852232322,21.420000076293945,0.009457547081078044,0.018682366019290075,0.04047915846799466,1.9474551750473725,40.0,4469.897007536914,95.0,20.29786871838736,20.29786871838736,False,36.35946810217803,34.97811478873149,33.24626017203524,36.709969405427735,0.7807764064044153,31.35946810217803,4.999999999999999,47.83138959780739,0.44114190914003737,0.25222955153301774,0.3066285393269449,-0.28350000381469725,-0.1306046034157612,18.443804249614445,False,False,15.27142234439223,15.281347129521137,0.42085889917110386,3.787933511293966,3.192701630657041,2.3760932748945893,0.2639961860519558,0.3132143606523624,1.3090800383417118,0.21335792700263312,-0.009924785128907274,0.25,0.25,False,0.25,108.0,2024-09-03,132.88999938964844,,0.0,0,0.0,0.04047915846799466,0.010119789616998665,0.0,0.0,0.010119789616998665,11.346848337191581,-0.03585731642261096
2024-10-09,132.60458374023438,132.64999389648438,134.52000427246094,131.3800048828125,134.11000061035156,246191600,NVDA,35082000000.0,,0.78,,,,,,,,,,15.0,0.5,10.0,55.0396214582977,42.51602368477063,20.860000610351562,0.006926447400689373,0.011188149667619829,-0.0018060463109819125,1.9331803479018732,40.0,4417.345273823321,95.0,21.864284895525508,21.864284895525508,False,37.52547708945669,35.97257498021664,34.240720363520396,37.70442959691289,0.7807764064044151,32.52547708945669,4.999999999999999,48.31169750218135,0.44114190914003737,0.25222955153301774,0.3066285393269449,-0.28350000381469725,-0.1306046034157612,18.443804249614445,False,False,16.83479170039274,16.838514243314826,0.42085889917110386,3.787933511293966,3.192701630657041,2.3760932748945893,0.2639961860519558,0.3132143606523624,1.1660089872786656,-0.14307105106304618,-0.0037225429220870865,0.25,0.25,False,0.25,108.0,2024-09-03,132.88999938964844,,0.0,0,0.0,-0.0018060463109819125,-0.0004515115777454781,0.0,0.0,-0.0004515115777454781,11.341725103796417,-0.03629263800684473
2024-10-10,134.76385498046875,134.80999755859375,135.0,131.0,131.91000366210938,242311300,NVDA,35082000000.0,,0.78,,,,,,,,,,15.0,0.5,10.0,55.0396214582977,43.20833255083133,20.93000030517578,-0.0017500255397128184,-0.00026032697650868464,0.016283481051608373,1.9460959540300082,40.0,4413.905612038097,95.0,24.765785706075818,24.765785706075818,False,39.328314650152535,37.28261616037729,35.55076154368104,39.014470777073534,0.7807764064044153,34.328314650152535,4.999999999999999,49.20138045757634,0.44114190914003737,0.25222955153301774,0.3066285393269449,-0.28350000381469725,-0.1306046034157612,18.443804249614445,False,False,19.10198879655969,19.134946830527248,0.42085889917110386,3.787933511293966,3.192701630657041,2.3760932748945893,0.2639961860519558,0.3132143606523624,1.802837560695842,0.6368285734171764,-0.032958033967557865,0.25,0.25,False,0.25,108.0,2024-09-03,134.80999755859375,,0.0,0,0.0,0.016283481051608373,0.004070870262902093,0.0,0.0,0.004070870262902093,11.387895795251474,-0.03236951036476682
2024-10-11,134.7538604736328,134.8000030517578,135.77999877929688,133.66000366210938,134.00999450683594,170209500,NVDA,35082000000.0,,0.78,,,,,,,,,,15.0,0.5,10.0,55.0396214582977,43.20512918325571,20.459999084472656,0.005988252959907792,0.0017360092449412168,-7.41377272972521e-05,1.9464662596851778,40.0,4367.587541050103,95.0,27.241942718297796,27.241942718297796,False,40.97692501805318,38.72483075739938,36.992976140703135,40.45668537409563,0.7807764064044151,35.97692501805318,4.999999999999999,49.96064086537814,0.44114190914003737,0.25222955153301774,0.3066285393269449,-0.28350000381469725,-0.1306046034157612,18.443804249614445,False,False,22.692505153788865,22.618025506820658,0.42085889917110386,3.787933511293966,3.4299486913689035,2.3760932748945893,0.2639961860519558,0.29154955073129585,1.6486103679006447,-0.15422719279519725,0.07447964696820805,0.25,0.25,False,0.25,108.0,2024-09-03,134.80999755859375,,0.0,0,0.0,-7.41377272972521e-05,-1.8534431824313025e-05,0.0,0.0,-1.8534431824313025e-05,11.387684727073234,-0.03238744484610814
2024-10-14,138.0227508544922,138.07000732421875,139.60000610351562,136.3000030517578,136.47000122070312,232347700,NVDA,35082000000.0,,0.78,,,,,,,,,,15.0,0.5,10.0,55.0396214582977,44.253207475711136,19.700000762939453,0.008178318945803564,0.013041071866312315,0.02425819138301799,1.9474974316685278,40.0,4371.177162488728,95.0,30.55911317604339,30.55911317604339,False,43.089075166073194,40.428580290436834,38.69672567374059,42.16043490713308,0.7807764064044153,38.089075166073194,4.999999999999999,50.977779997535166,0.44114190914003737,0.25222955153301774,0.3066285393269449,-0.28350000381469725,-0.1306046034157612,18.443804249614445,False,False,29.855527154318196,29.822670683146253,0.42085889917110386,3.787933511293966,4.327683762526585,2.3760932748945893,0.2639961860519558,0.23107048825032,2.1121501480200138,0.463539780119369,0.032856471171943444,0.25,0.25,False,0.25,108.0,2024-09-03,138.07000732421875,,0.0,0,0.0,0.02425819138301799,0.006064547845754498,0.0,0.0,0.006064547845754498,11.456745885952936,-0.026519312209224728
2024-10-15,131.55496215820312,131.60000610351562,138.57000732421875,128.74000549316406,137.8699951171875,377831000,NVDA,35082000000.0,,0.78,,,,,,,,,,15.0,0.5,10.0,55.0396214582977,42.17948913574219,20.639999389648438,-0.0077696775233381254,-0.021982783711533616,-0.04686029461496399,1.952841708201027,40.0,4605.97128232453,95.0,32.10861412482024,32.10861412482024,False,44.35262593346339,41.96048141830143,40.22862680160518,43.69233603499767,0.7807764064044151,39.35262593346339,4.999999999999999,51.452901210144326,0.44114190914003737,0.25222955153301774,0.3066285393269449,-0.28350000381469725,-0.1306046034157612,18.443804249614445,False,False,34.468268532773784,34.451199898613574,0.42085889917110386,3.787933511293966,5.1244724935302015,2.3760932748945893,0.2639961860519558,0.19514203681696596,1.2635507673901998,-0.848599380629814,0.01706863416021065,0.25,0.25,False,0.25,108.0,2024-09-03,138.07000732421875,,0.0,0,0.0,-0.04686029461496399,-0.011715073653740998,0.0,0.0,-0.011715073653740998,11.322529264066803,-0.03792371016718806
2024-10-16,135.67352294921875,135.72000122070312,136.6199951171875,131.5800018310547,133.97999572753906,264879700,NVDA,35082000000.0,,0.78,,,,,,,,,,15.0,0.5,10.0,55.0396214582977,43.500000391251,19.579999923706055,0.00434640444437151,0.003104804690429619,0.031306952326026094,1.9556214654730282,40.0,4444.92040197085,95.0,34.442687110547986,34.442687110547986,False,46.07042466328746,43.564954776974574,41.83310016027833,45.29680939367082,0.7807764064044153,41.07042466328746,4.999999999999999,52.16859460044051,0.44114190914003737,0.25222955153301774,0.3066285393269449,-0.28350000381469725,-0.1306046034157612,18.443804249614445,False,False,38.884656814247364,38.89610249833241,0.42085889917110386,3.787933511293966,5.954797792630613,2.3760932748945893,0.2639961860519558,0.16793181478597888,1.717798729824068,0.4542479624338682,-0.011445684085043695,0.25,0.25,False,0.25,108.0,2024-09-03,138.07000732421875,,0.0,0,0.0,0.031306952326026094,0.007826738081506524,0.0,0.0,0.007826738081506524,11.411147735036847,-0.03039379103223908
2024-10-17,136.8831329345703,136.92999267578125,140.88999938964844,136.8699951171875,139.33999633789062,306435900,NVDA,35082000000.0,,0.78,,,,,,,,,,15.0,0.5,10.0,55.0396214582977,43.8878181653145,19.110000610351562,8.584543021927793e-05,0.0030515582636763128,0.008915351047709352,1.9808498571045154,40.0,4360.469448438466,94.3130458867819,38.83960685814321,38.83960685814321,False,48.65050015417571,45.55029169908342,43.81843708238717,47.28214631577966,0.7807764064044151,43.65050015417571,4.999999999999999,53.34354555228266,0.44114190914003737,0.25222955153301774,0.3066285393269449,-0.28350000381469725,-0.1306046034157612,18.443804249614445,False,False,43.5410140688013,43.49006778292793,0.42085889917110386,3.787933511293966,7.0502473654024795,2.3760932748945893,0.2639961860519558,0.1418389948850983,2.580075490888248,0.8622767610641802,0.05094628587337411,0.25,0.25,False,0.25,108.0,2024-09-03,138.07000732421875,,0.0,0,0.0,0.008915351047709352,0.002228837761927338,0.0,0.0,0.002228837761927338,11.436581332015628,-0.028232696099492617
2024-10-18,137.9527587890625,138.0,138.89999389648438,137.27999877929688,138.6699981689453,176090200,NVDA,35082000000.0,,0.78,,,,,,,,,,15.0,0.5,10.0,55.0396214582977,44.230769230769226,18.030000686645508,0.0038465722734466468,0.0035638547406231513,0.007814265547740673,1.9824357493815237,40.0,4340.312080541558,91.16860259794196,42.89839940031016,42.89839940031016,False,50.019644571429126,47.29507433639508,45.563219719698836,49.02692895309133,0.7807764064044153,45.019644571429126,4.999999999999999,53.794965660353306,0.44114190914003737,0.25222955153301774,0.3066285393269449,-0.28350000381469725,-0.1306046034157612,18.443804249614445,False,False,43.987015642379205,43.99935381780282,0.42085889917110386,3.787933511293966,8.285050677909634,2.3760932748945893,0.2639961860519558,0.12069932205318817,1.3691444172534162,-1.210931073634832,-0.012338175423615781,0.25,0.25,False,0.25,108.0,2024-09-03,138.07000732421875,,0.0,0,0.0,0.007814265547740673,0.0019535663869351683,0.0,0.0,0.0019535663869351683,11.458923452887305,-0.02633428415866987
2024-10-21,143.6608123779297,143.7100067138672,143.7100067138672,138.0,138.1300048828125,264554500,NVDA,35082000000.0,,0.78,,,,,,,,,,15.0,0.5,10.0,55.0396214582977,46.060899587777946,18.3700008392334,-0.0016422140791901851,0.004677154795922345,0.041376860245414315,1.9995153879542842,40.0,4430.437235163232,92.46108752405867,46.590186803400925,46.590186803400925,False,53.34680881027187,49.6576000839087,47.92574546721245,51.389454700604944,0.7807764064044151,48.34680881027187,4.999999999999999,55.25297593254625,0.44114190914003737,0.25222955153301774,0.3066285393269449,-0.28350000381469725,-0.1306046034157612,18.443804249614445,False,False,48.58178499328794,48.544701810878394,0.42085889917110386,3.787933511293966,9.568731912234503,2.3760932748945893,0.2639961860519558,0.10450705581179552,3.327164238842741,1.518727130426143,0.037083182409549525,0.25,0.25,False,0.25,108.0,2024-09-03,143.7100067138672,,0.0,0,0.0,0.041376860245414315,0.010344215061353579,0.0,0.0,0.010344215061353579,11.577457021455558,-0.016262476596140493
2024-10-22,143.5408477783203,143.58999633789062,144.4199981689453,141.77999877929688,142.91000366210938,226311600,NVDA,35082000000.0,,0.78,,,,,,,,,,15.0,0.5,10.0,55.0396214582977,46.02243472368289,18.200000762939453,-0.0005311542518380286,-0.0010345510042721884,-0.0008350871224681589,1.9977134474095544,40.0,4381.335736415293,91.43586980189441,50.25106620763822,50.25106620763822,False,55.634773710401106,51.99101815618269,50.259163539486444,53.72287277287894,0.7807764064044153,50.634773710401106,4.999999999999999,56.11691583063443,0.44114190914003737,0.25222955153301774,0.3066285393269449,-0.28350000381469725,-0.1306046034157612,18.443804249614445,False,False,49.66145507256434,49.72934302301472,0.42085889917110386,3.787933511293966,10.878467693936738,2.3760932748945893,0.2639961860519558,0.09192471110222293,2.2879649001292393,-1.0391993387135017,-0.06788795045038512,0.25,0.25,False,0.25,108.0,2024-09-03,143.7100067138672,,0.0,0,0.0,-0.0008350871224681589,-0.00020877178061703972,0.0,0.0,-0.00020877178061703972,11.575039975138171,-0.016467853230561328
2024-10-23,139.51222229003906,139.55999755859375,142.42999267578125,137.4600067138672,142.02999877929688,285930000,NVDA,35082000000.0,,0.78,,,,,,,,,,15.0,0.5,10.0,55.0396214582977,44.73076844826723,19.239999771118164,-0.009137380893711078,-0.0143258136967368,-0.028066013525159694,1.9667961083389864,40.0,4398.535271720146,91.28123813580373,54.83602557741479,54.83602557741479,False,58.963134883071376,54.712850277708824,52.98099566101258,56.44470489440507,0.7807764064044151,53.963134883071376,4.999999999999999,57.483792549271556,0.44114190914003737,0.25222955153301774,0.3066285393269449,-0.28350000381469725,-0.1306046034157612,18.443804249614445,False,False,51.88446845015308,51.84812861315837,0.42085889917110386,3.787933511293966,12.305629270962697,2.3760932748945893,0.2639961860519558,0.08126362154917802,3.32836117267027,1.040396272541031,0.03633983699470946,0.25,0.25,False,0.25,108.0,2024-09-03,143.7100067138672,,0.0,0,0.0,-0.028066013525159694,-0.007016503381289924,0.0,0.0,-0.007016503381289924,11.493823668014048,-0.02336880986397643
2024-10-24,140.3619384765625,140.41000366210938,141.35000610351562,138.4600067138672,140.82000732421875,172354900,NVDA,35082000000.0,,0.78,,,,,,,,,,15.0,0.5,10.0,55.0396214582977,45.00320630195813,19.079999923706055,0.0021626672107126765,0.002933123710621155,0.006090614204537825,1.8626272536651987,40.0,4327.073147022965,85.58527720249383,58.70034861214265,58.70034861214265,False,59.15805087182677,56.44820415051991,54.71634953382367,58.18005876721616,0.7807764064044153,54.15805087182677,4.999999999999999,57.23201460513928,0.44114190914003737,0.25222955153301774,0.3066285393269449,-0.28350000381469725,-0.1306046034157612,18.443804249614445,False,False,46.71563976071662,46.64665761983149,0.42085889917110386,3.787933511293966,13.743483445982593,2.3760932748945893,0.2639961860519558,0.07276175679407637,0.1949159887553904,-1.518727130426143,0.06898214088513442,0.25,0.25,False,0.25,108.0,2024-09-03,143.7100067138672,,0.0,0,0.0,0.006090614204537825,0.0015226535511344563,0.0,0.0,0.0015226535511344563,11.511324779438265,-0.021881738914166983
2024-10-25,141.49154663085938,141.5399932861328,144.1300048828125,140.8000030517578,140.92999267578125,205122100,NVDA,35082000000.0,,0.78,,,,,,,,,,15.0,0.5,10.0,55.0396214582977,45.365382463504105,20.329999923706055,-0.00034530110213959464,0.005194182238823286,0.008047785731440493,1.8637437179244865,40.0,4254.349697647804,71.77459819446614,62.59053293271909,62.59053293271909,False,55.193379161693784,55.95833527779885,54.226480661102606,57.6901898944951,0.7807764064044151,50.193379161693784,4.999999999999999,54.94139476850893,0.44114190914003737,0.25222955153301774,0.3066285393269449,-0.28350000381469725,-0.1306046034157612,18.443804249614445,False,False,28.17233708376564,28.269211569656427,0.42085889917110386,5.3762610272268105,15.142976317645058,2.3760932748945893,0.1860028735464545,0.06603721613397556,-3.9646717101329827,-1.518727130426143,-0.09687448589078657,0.25,0.25,False,0.25,108.0,2024-09-03,143.7100067138672,,0.0,0,0.0,0.008047785731440493,0.0020119464328601233,0.0,0.0,0.0020119464328601233,11.53448494826575,-0.01991381736786007
2024-10-28,140.47190856933594,140.52000427246094,143.13999938964844,140.0500030517578,143.0,173586700,NVDA,35082000000.0,,0.78,,,,,,,,,,15.0,0.5,10.0,55.0396214582977,45.03846290784004,19.799999237060547,0.003091391148152267,-0.00030393012058804736,-0.007206366130100728,1.9333907908063894,40.0,4209.745067853474,56.10682251471732,66.36813891374817,66.36813891374817,False,50.04518971466769,53.64991300613497,51.91805838943873,55.38176762283122,0.7807764064044153,45.04518971466769,4.999999999999999,52.14784053940164,0.44114190914003737,0.25222955153301774,0.3066285393269449,-0.28350000381469725,-0.1306046034157612,18.443804249614445,False,False,21.32471553099786,21.20321736056377,0.42085889917110386,9.698847307727673,16.483718658431254,2.3760932748945893,0.10310503591527191,0.060665922582251196,-5.148189447026091,-1.1835177368931085,0.12149817043409143,0.25,0.25,False,0.25,108.0,2024-09-03,143.7100067138672,,0.0,0,0.0,-0.007206366130100728,-0.001801591532525182,0.0,0.0,-0.001801591532525182,11.513704517850915,-0.021679532335635056
2024-10-29,141.20164489746094,141.25,142.25999450683594,138.89999389648438,140.2899932861328,157593600,NVDA,35082000000.0,,0.78,,,,,,,,,,15.0,0.5,10.0,55.0396214582977,45.2724358974359,19.34000015258789,0.0016183778622804734,0.013465407380237826,0.005194959474407845,1.9153735744444809,40.0,4165.343434116372,41.419712100992825,69.92995125964387,69.92995125964387,False,45.248886768078684,50.37025146800558,48.63839685130933,52.10210608470182,0.7807764064044151,40.248886768078684,4.999999999999999,49.53547058341067,0.44114190914003737,0.25222955153301774,0.3066285393269449,-0.28350000381469725,-0.1306046034157612,18.443804249614445,False,False,20.024130885766606,20.107266832863687,0.42085889917110386,14.563992666252753,17.6811780398857,2.3760932748945893,0.0686624899446132,0.05655731749005478,-4.796302946589009,0.35188650043708236,-0.08313594709708014,0.25,0.25,False,0.25,108.0,2024-09-03,143.7100067138672,,0.0,0,0.0,0.005194959474407845,0.0012987398686019613,0.0,0.0,0.0012987398686019613,11.52865782494355,-0.020408948540009988
2024-10-30,139.29229736328125,139.33999633789062,140.3300018310547,136.80999755859375,139.5399932861328,179418100,NVDA,35082000000.0,,0.78,,,,,,,,,,15.0,0.5,10.0,55.0396214582977,44.6602552365034,20.350000381469727,-0.0030252672130528513,-0.015900936899559626,-0.013522149820243357,1.8843589506906577,40.0,4169.967942204994,31.43970203484459,73.61869148081688,73.61869148081688,False,43.00713451700511,47.49577747153679,45.763922854840544,49.22763208823304,0.7807764064044153,38.00713451700511,4.999999999999999,48.14929014610593,0.44114190914003737,0.25222955153301774,0.3066285393269449,-0.28350000381469725,-0.1306046034157612,18.443804249614445,False,False,20.716059752170327,20.632828050367046,0.42085889917110386,19.130769800852182,18.729933659262457,2.3760932748945893,0.05227181187217333,0.05339047207492233,-2.241752251073571,1.518727130426143,0.08323170180328247,0.25,0.25,False,0.25,108.0,2024-09-03,143.7100067138672,,0.0,0,0.0,-0.013522149820243357,-0.003380537455060839,0.0,0.0,-0.003380537455060839,11.48968476535975,-0.02372049278011287
2024-10-31,132.7145538330078,132.75999450683594,137.61000061035156,132.11000061035156,137.60000610351562,270039600,NVDA,35082000000.0,19309000000.0,0.78,26156000000.0,21869000000.0,22855000000.0,0.0,0.0,0.0,16814000000.0,17627000000.0,2024-12-10,15.0,0.5,10.0,55.0396214582977,42.55128029065254,23.15999984741211,-0.01960310154264744,-0.03209788379250256,-0.047222635309237426,1.8274731491606726,40.0,4523.109349054553,53.81334127490113,77.5015187681847,77.5015187681847,False,59.35633246649742,52.12599822500044,50.39414360830419,53.85785284169668,0.7807764064044151,54.35633246649742,4.999999999999999,54.98316879737132,0.44114190914003737,0.25222955153301774,0.3066285393269449,-0.28350000381469725,-0.1306046034157612,18.443804249614445,False,False,24.463827619244707,24.585325789678798,0.42085889917110386,20.19543242388048,19.626071513706137,2.3760932748945893,0.04951614696883295,0.050952632028352506,16.349197949492307,1.518727130426143,-0.12149817043409143,1.0,0.25,True,1.0,108.0,2024-09-03,143.7100067138672,,0.0,0,0.0,-0.047222635309237426,-0.011805658827309357,0.75,0.000375,-0.012180658827309357,11.349732835199568,-0.03561222037765207
2024-11-01,135.35365295410156,135.39999389648438,137.30999755859375,134.57000732421875,134.6999969482422,207127800,NVDA,35082000000.0,19309000000.0,0.78,26156000000.0,21869000000.0,22855000000.0,0.0,0.0,0.0,16814000000.0,17627000000.0,2024-12-10,15.0,0.5,10.0,55.0396214582977,43.397433941180886,21.8799991607666,0.004220532001058652,0.0075143904232699565,0.019885503908427138,1.8528008650713097,40.0,4358.542726970994,60.8232650026603,81.22689973013817,81.22689973013817,False,67.19497941335197,58.00875071520886,56.276896098512616,59.74060533190511,0.7807764064044153,62.19497941335198,4.999999999999999,57.893586838304884,0.44114190914003737,0.25222955153301774,0.3066285393269449,-0.28350000381469725,-0.1306046034157612,18.443804249614445,False,False,26.561779538238515,26.683277708672605,0.42085889917110386,20.601569899102703,20.39544096839565,2.3760932748945893,0.04853999015111731,0.049030565289055486,7.838646946854553,-1.518727130426143,-0.12149817043409143,1.0,1.0,False,1.0,108.0,2024-09-03,143.7100067138672,,0.0,0,0.0,0.019885503908427138,0.019885503908427138,0.0,0.0,0.019885503908427138,11.575427991853532,-0.016434883416732535
2024-11-04,136.00343322753906,136.0500030517578,138.9600067138672,135.57000732421875,137.2100067138672,187528200,NVDA,35082000000.0,19309000000.0,0.78,26156000000.0,21869000000.0,22855000000.0,0.0,0.0,0.0,16814000000.0,17627000000.0,2024-12-10,15.0,0.5,10.0,55.0396214582977,43.605770208896736,21.979999542236328,-0.0021539305759273875,-0.0007592254305969215,0.004800658674847469,1.854788566444862,40.0,4299.622041486973,55.990298379818206,84.9678126427747,84.9678126427747,False,68.27324954219749,62.01588996904812,60.28403535235187,63.747744585744364,0.7807764064044151,63.2732495421975,4.999999999999999,57.82164049660242,0.44114190914003737,0.25222955153301774,0.3066285393269449,-0.28350000381469725,-0.1306046034157612,18.443804249614445,False,False,27.000143139870417,27.094824558821866,0.42085889917110386,21.087588220011735,21.01383688931174,2.3760932748945893,0.0474212598219752,0.047587692112934864,1.0782701288455172,-1.518727130426143,-0.09468141895144867,1.0,1.0,False,1.0,108.0,2024-09-03,143.7100067138672,,0.0,0,0.0,0.004800658674847469,0.004800658674847469,0.0,0.0,0.004800658674847469,11.630997670657695,-0.011713123007529759
2024-11-05,139.8621063232422,139.91000366210938,140.3699951171875,137.3300018310547,137.4499969482422,160537400,NVDA,35082000000.0,19309000000.0,0.78,26156000000.0,21869000000.0,22855000000.0,0.0,0.0,0.0,16814000000.0,17627000000.0,2024-12-10,15.0,0.5,10.0,55.0396214582977,44.84294989170172,20.489999771118164,0.012091775640930225,0.014078813887311803,0.02837192593728277,1.8433491369054915,40.0,4462.030768002738,69.00854812717363,88.69287835010091,88.69287835010091,False,78.63046963942728,68.50202587352736,66.7701712568311,70.23388049022361,0.7807764064044153,73.63046963942728,4.999999999999999,62.247439248857034,0.44114190914003737,0.25222955153301774,0.3066285393269449,-0.28350000381469725,-0.1306046034157612,18.443804249614445,False,False,30.274275772060253,30.246124852025286,0.42085889917110386,20.85776858680057,21.48905869382796,2.3760932748945893,0.04794376713110291,0.04653530963118537,10.357220097229785,1.518727130426143,0.028150920034966588,1.0,1.0,False,1.0,108.0,2024-09-03,143.7100067138672,,0.0,0,0.0,0.02837192593728277,0.02837192593728277,0.0,0.0,0.02837192593728277,11.960991475146304,0.0
2024-11-06,145.56016540527344,145.61000061035156,146.49000549316406,141.9600067138672,142.9600067138672,242043900,NVDA,35082000000.0,19309000000.0,0.78,26156000000.0,21869000000.0,22855000000.0,0.0,0.0,0.0,16814000000.0,17627000000.0,2024-12-10,15.0,0.5,10.0,55.0396214582977,46.66987199049729,16.270000457763672,0.024865554910313614,0.028471976425779477,0.040740453141635324,1.8003581436719123,40.0,4749.325417719449,79.32914602381335,92.1640759685918,92.1640759685918,False,84.97430203902901,74.9326081684281,73.20075355173186,76.66446278512434,0.7807764064044151,79.97430203902901,4.999999999999999,65.9149672833521,0.44114190914003737,0.25222955153301774,0.3066285393269449,-0.28350000381469725,-0.1306046034157612,18.443804249614445,False,False,33.366736075596,33.24523790516191,0.42085889917110386,20.46958848602608,21.8064466845768,2.3760932748945893,0.04885296060947524,0.0458579985297319,6.343832399601737,-1.518727130426143,0.12149817043409143,1.0,1.0,False,1.0,108.0,2024-09-03,145.61000061035156,,0.0,0,0.0,0.040740453141635324,0.040740453141635324,0.0,0.0,0.040740453141635324,12.448287687867001,0.0
2024-11-07,148.8290557861328,148.8800048828125,148.92999267578125,146.1699981689453,146.38999938964844,207323300,NVDA,35082000000.0,19309000000.0,0.78,26156000000.0,21869000000.0,22855000000.0,0.0,0.0,0.0,16814000000.0,17627000000.0,2024-12-10,15.0,0.5,10.0,55.0396214582977,47.71795028295272,15.199999809265137,0.0077321458684938005,0.017441576854402285,0.02245727806300457,1.786741487189556,40.0,4914.358282800575,86.21142029211494,95.52142556773302,95.52142556773302,False,88.29465824154342,80.14899488756951,78.41714027087326,81.88084950426577,0.7807764064044153,83.29465824154342,4.999999999999999,68.68033943916761,0.44114190914003737,0.25222955153301774,0.3066285393269449,-0.28350000381469725,-0.1306046034157612,18.443804249614445,False,False,35.93419582341788,35.812697652983786,0.42085889917110386,20.155841144698893,22.0543679980069,2.3760932748945893,0.049613409473759716,0.04534249179529298,3.3203562025144038,-1.518727130426143,0.12149817043409143,1.0,1.0,False,1.0,108.0,2024-09-03,148.8800048828125,,0.0,0,0.0,0.02245727806300457,0.02245727806300457,0.0,0.0,0.02245727806300457,12.727842345881706,0.0
2024-11-08,147.57945251464844,147.6300048828125,149.77000427246094,146.25999450683594,148.77000427246094,175665800,NVDA,35082000000.0,19309000000.0,0.78,26156000000.0,21869000000.0,22855000000.0,0.0,0.0,0.0,16814000000.0,17627000000.0,2024-12-10,15.0,0.5,10.0,55.0396214582977,47.3173092573117,14.9399995803833,0.004331722357409529,-0.0010950825913617068,-0.008396023367838512,1.814414285656653,40.0,4828.125166181264,90.79845458415969,98.74421665391225,98.74421665391225,False,90.04923009780282,84.01392992257172,82.28207530587548,85.74578453926796,0.7807764064044151,85.04923009780282,4.999999999999999,70.82552476482768,0.44114190914003737,0.25222955153301774,0.3066285393269449,-0.28350000381469725,-0.1306046034157612,18.443804249614445,False,False,37.92504733053963,38.04654550097372,0.42085889917110386,19.975145386088844,22.182489653884172,2.3760932748945893,0.05006221384983878,0.04508060256549693,1.7545718562594033,-1.518727130426143,-0.12149817043409143,1.0,1.0,False,1.0,108.0,2024-09-03,148.8800048828125,,0.0,0,0.0,-0.008396023367838512,-0.008396023367838512,0.0,0.0,-0.008396023367838512,12.620979084123519,-0.008396023367838507
2024-11-11,145.21026611328125,145.25999450683594,148.85000610351562,143.57000732421875,148.67999267578125,182325600,NVDA,35082000000.0,19309000000.0,0.78,26156000000.0,21869000000.0,22855000000.0,0.0,0.0,0.0,16814000000.0,17627000000.0,2024-12-10,15.0,0.5,10.0,55.0396214582977,46.5576905470628,14.970000267028809,0.0009528867448342915,-0.00552368670250214,-0.016053717385282607,1.8178262925228754,40.0,4823.423120872821,93.85026183704576,100.0,100.0,False,90.74961216354917,86.64346080996792,84.91160619327167,88.37531542666417,0.7807764064044153,85.74961216354917,4.999999999999999,71.98033975271034,0.44114190914003737,0.25222955153301774,0.3066285393269449,-0.28350000381469725,-0.1306046034157612,18.443804249614445,False,False,39.568029850002745,39.68952802043684,0.42085889917110386,19.920372043200256,22.102589620411095,2.3760932748945893,0.05019986563661326,0.045243567254966775,0.7003820657463535,-1.0541897905130497,-0.12149817043409143,1.0,1.0,False,1.0,108.0,2024-09-03,148.8800048828125,,0.0,0,0.0,-0.016053717385282607,-0.016053717385282607,0.0,0.0,-0.016053717385282607,12.418365452781437,-0.02431495336681362
2024-11-12,148.2392120361328,148.2899932861328,149.64999389648438,146.00999450683594,146.77999877929688,198634700,NVDA,35082000000.0,19309000000.0,0.78,26156000000.0,21869000000.0,22855000000.0,0.0,0.0,0.0,16814000000.0,17627000000.0,2024-12-10,15.0,0.5,10.0,55.0396214582977,47.528844001965645,14.710000038146973,-0.003106395419244068,0.0012719431214984755,0.020859141497174383,1.8025262847660506,40.0,4714.607105574272,95.0,100.0,100.0,False,90.90080643730923,88.30547831983647,86.57362370314023,90.0373329365327,0.7807764064044151,85.90080643730923,4.999999999999999,72.27033769393267,0.44114190914003737,0.25222955153301774,0.3066285393269449,-0.28350000381469725,-0.1306046034157612,18.443804249614445,False,False,40.87038836691039,40.748890196476296,0.42085889917110386,19.920372043200256,21.588556525364606,2.3760932748945893,0.05019986563661326,0.046320836635144656,0.1511942737600549,-0.5491877919862986,0.12149817043409143,1.0,1.0,False,1.0,108.0,2024-09-03,148.8800048828125,,0.0,0,0.0,0.020859141497174383,0.020859141497174383,0.0,0.0,0.020859141497174383,12.677401894924627,-0.003963000922414829
2024-11-13,146.2199249267578,146.27000427246094,149.3300018310547,145.89999389648438,149.07000732421875,191903300,NVDA,35082000000.0,19309000000.0,0.78,26156000000.0,21869000000.0,22855000000.0,0.0,0.0,0.0,16814000000.0,17627000000.0,2024-12-10,15.0,0.5,10.0,55.0396214582977,46.88141162578876,14.020000457763672,0.000485806693723001,-0.003472335746869115,-0.013621883506152788,1.7998505315205908,40.0,4717.491737659883,95.0,100.0,100.0,False,90.24682417000048,89.06335683807606,87.33150222137982,90.7952114547723,0.7807764064044153,85.24682417000048,4.999999999999999,72.27033769393267,0.44114190914003737,0.25222955153301774,0.3066285393269449,-0.28350000381469725,-0.1306046034157612,18.443804249614445,False,False,41.77103607938447,41.89253424981857,0.42085889917110386,19.920372043200256,20.72221460926072,2.3760932748945893,0.05019986563661326,0.04825739038302893,-0.6539822673087485,-0.8051765410688034,-0.12149817043409143,1.0,1.0,False,1.0,108.0,2024-09-03,148.8800048828125,,0.0,0,0.0,-0.013621883506152788,-0.013621883506152788,0.0,0.0,-0.013621883506152788,12.504711803151283,-0.017530900891667704
2024-11-14,146.7097625732422,146.75999450683594,149.0,145.5500030517578,147.63999938964844,194463300,NVDA,35082000000.0,19309000000.0,0.78,26156000000.0,21869000000.0,22855000000.0,0.0,0.0,0.0,16814000000.0,17627000000.0,2024-12-10,15.0,0.5,10.0,55.0396214582977,47.03845977783203,14.3100004196167,-0.006430159312396544,-0.0033994945206015093,0.003349902372753677,1.7978499901093001,40.0,4667.3170173982835,95.0,100.0,100.0,False,89.26253677197204,89.14111433458365,87.40925971788741,90.87296895127989,0.7807764064044151,84.26253677197204,4.999999999999999,72.27033769393267,0.44114190914003737,0.25222955153301774,0.3066285393269449,-0.28350000381469725,-0.1306046034157612,18.443804249614445,False,False,42.89519600098737,43.01669417142146,0.42085889917110386,19.95355675489652,19.722362970843363,2.3760932748945893,0.05011637836219871,0.050703863501465524,-0.9842873980284423,-0.3303051307196938,-0.12149817043409143,1.0,1.0,False,1.0,108.0,2024-09-03,148.8800048828125,,0.0,0,0.0,0.003349902372753677,0.003349902372753677,0.0,0.0,0.003349902372753677,12.54660136689126,-0.014239725325407581
2024-11-15,141.93138122558594,141.97999572753906,145.24000549316406,140.0800018310547,144.8699951171875,250132900,NVDA,35082000000.0,19309000000.0,0.78,26156000000.0,21869000000.0,22855000000.0,0.0,0.0,0.0,16814000000.0,17627000000.0,2024-12-10,15.0,0.5,10.0,55.0396214582977,45.506408887031746,16.139999389648438,-0.012808588351979733,-0.024815554921426286,-0.032570175512470656,1.7816636717605,40.0,4889.345299017665,95.0,100.0,100.0,False,88.27142182420027,88.80159663811666,87.06974202142041,90.53345125481292,0.7807764064044153,83.27142182420027,4.999999999999999,72.27033769393267,0.44114190914003737,0.25222955153301774,0.3066285393269449,-0.28350000381469725,-0.1306046034157612,18.443804249614445,False,False,44.09512345608636,44.21662162652046,0.42085889917110386,20.120755172041324,18.591498478776362,2.3760932748945893,0.0496999238572091,0.05378802580876294,-0.9911149477717629,-0.00682754974332056,-0.12149817043409143,1.0,1.0,False,1.0,108.0,2024-09-03,148.8800048828125,,0.0,0,0.0,-0.032570175512470656,-0.032570175512470656,0.0,0.0,-0.032570175512470656,12.137956358286607,-0.046346110484780365
2024-11-18,140.1020050048828,140.14999389648438,141.5500030517578,137.14999389648438,139.5,221205300,NVDA,35082000000.0,19309000000.0,0.78,26156000000.0,21869000000.0,22855000000.0,0.0,0.0,0.0,16814000000.0,17627000000.0,2024-12-10,15.0,0.5,10.0,55.0396214582977,44.91986983861678,15.579999923706055,0.004097352819568911,0.0032354956611093666,-0.012889152599824594,1.7577932443737372,40.0,4931.765807719456,95.0,100.0,100.0,False,87.3006868153467,88.21565914923696,86.48380453254072,89.9475137659332,0.7807764064044151,82.3006868153467,4.999999999999999,72.27033769393267,0.44114190914003737,0.25222955153301774,0.3066285393269449,-0.28350000381469725,-0.1306046034157612,18.443804249614445,False,False,45.634456264105836,45.71879144734688,0.42085889917110386,20.234005943615923,17.319424252034683,2.3760932748945893,0.049421750828115785,0.05773863989055642,-0.9707350088535804,0.02037993891818246,-0.08433518324104398,1.0,1.0,False,1.0,108.0,2024-09-03,148.8800048828125,,0.0,0,0.0,-0.012889152599824594,-0.012889152599824594,0.0,0.0,-0.012889152599824594,11.981508386534639,-0.05863790099415834
2024-11-19,146.9596710205078,147.00999450683594,147.1300048828125,140.99000549316406,141.32000732421875,227834900,NVDA,35082000000.0,19309000000.0,0.78,26156000000.0,21869000000.0,22855000000.0,0.0,0.0,0.0,16814000000.0,17627000000.0,2024-12-10,15.0,0.5,10.0,55.0396214582977,47.118587982960236,16.350000381469727,0.003655467635231613,0.008193527599987593,0.04894756267644507,1.7766755113651445,40.0,4841.393132696149,95.0,100.0,100.0,False,86.35151048179489,87.48791750045245,85.75606288375621,89.2197721171487,0.7807764064044153,81.35151048179489,4.999999999999999,72.27033769393267,0.44114190914003737,0.25222955153301774,0.3066285393269449,-0.28350000381469725,-0.1306046034157612,18.443804249614445,False,False,47.49942217304565,47.54335719640456,0.42085889917110386,20.385806448236302,15.921444644934118,2.3760932748945893,0.049053737586452754,0.06280837086716122,-0.9491763335518044,0.02155867530177602,-0.04393502335890389,1.0,1.0,False,1.0,108.0,2024-09-03,148.8800048828125,,0.0,0,0.0,0.04894756267644507,0.04894756267644507,0.0,0.0,0.04894756267644507,12.567974019242895,-0.012560520651840048
2024-11-20,145.84005737304688,145.88999938964844,147.55999755859375,142.72999572753906,147.41000366210938,309871700,NVDA,35082000000.0,19309000000.0,0.78,26156000000.0,21869000000.0,22855000000.0,0.0,0.0,0.0,16814000000.0,17627000000.0,2024-12-10,15.0,0.5,10.0,55.0396214582977,46.75961518898988,17.15999984741211,0.000338831460557909,-0.0008645525727710712,-0.007618496422264864,1.7766356351148918,40.0,4761.25524381219,95.0,100.0,100.0,False,85.42818001149992,86.68382028307205,84.95196566637581,88.41567489976829,0.7807764064044151,80.42818001149992,4.999999999999999,72.27033769393267,0.44114190914003737,0.25222955153301774,0.3066285393269449,-0.28350000381469725,-0.1306046034157612,18.443804249614445,False,False,49.611256264746544,49.675670388032046,0.42085889917110386,20.540525681721196,14.523193705804827,2.3760932748945893,0.04868424574400692,0.06885537852464961,-0.923330470294971,0.025845863256833468,-0.06441412328550428,1.0,1.0,False,1.0,108.0,2024-09-03,148.8800048828125,,0.0,0,0.0,-0.007618496422264864,-0.007618496422264864,0.0,0.0,-0.007618496422264864,12.472224954142176,-0.020083324792457034
2024-11-21,146.6197967529297,146.6699981689453,152.88999938964844,140.6999969482422,149.35000610351562,400946600,NVDA,35082000000.0,19309000000.0,0.78,26156000000.0,21869000000.0,22855000000.0,0.0,0.0,0.0,16814000000.0,17627000000.0,2024-12-10,15.0,0.5,10.0,55.0396214582977,47.009614797738884,16.8700008392334,0.005368302980789608,0.010167398412499695,0.0053464855888691876,1.7689557127458204,40.0,4739.588797437528,95.0,100.0,100.0,False,84.53165505487462,85.8436403666418,84.11178574994554,87.57549498333805,0.7807764064044153,79.53165505487462,4.999999999999999,72.27033769393267,0.44114190914003737,0.25222955153301774,0.3066285393269449,-0.28350000381469725,-0.1306046034157612,18.443804249614445,False,False,52.16612721997422,52.192551630431794,0.42085889917110386,20.85176804866542,13.076651684339442,2.3760932748945893,0.04795756396609271,0.07647217530444715,-0.8965249566252993,0.026805513669671654,-0.026424410457575504,1.0,1.0,False,1.0,108.0,2024-09-03,148.8800048828125,,0.0,0,0.0,0.0053464855888691876,0.0053464855888691876,0.0,0.0,0.0053464855888691876,12.538907525120631,-0.0148442144101673
2024-11-22,141.90139770507812,141.9499969482422,147.16000366210938,141.10000610351562,145.92999267578125,236406200,NVDA,35082000000.0,19309000000.0,0.78,26156000000.0,21869000000.0,22855000000.0,0.0,0.0,0.0,16814000000.0,17627000000.0,2024-12-10,15.0,0.5,10.0,55.0396214582977,45.496793893667366,15.239999771118164,0.003099410292649374,0.0005140071019900105,-0.032181095518023284,1.7288233281057197,40.0,4839.178142714173,95.0,100.0,100.0,False,83.66226180320936,84.9920559087596,83.26020129206336,86.72391052545584,0.7807764064044151,78.66226180320936,4.999999999999999,72.27033769393267,0.44114190914003737,0.25222955153301774,0.3066285393269449,-0.28350000381469725,-0.1306046034157612,18.443804249614445,False,False,55.3112657506834,55.311811954662865,0.42085889917110386,21.158939424923044,11.608013814166544,2.3760932748945893,0.047261348024944166,0.08614738197327,-0.869393251665258,0.027131704960041247,-0.0005462039794656449,1.0,1.0,False,1.0,108.0,2024-09-03,148.8800048828125,,0.0,0,0.0,-0.032181095518023284,-0.032181095518023284,0.0,0.0,-0.032181095518023284,12.135391744363064,-0.04654760684636694
2024-11-25,135.9734344482422,136.02000427246094,142.0500030517578,135.82000732421875,141.99000549316406,344941900,NVDA,35082000000.0,19309000000.0,0.78,26156000000.0,21869000000.0,22855000000.0,0.0,0.0,0.0,16814000000.0,17627000000.0,2024-12-10,15.0,0.5,10.0,55.0396214582977,43.59615521553235,14.600000381469727,0.003392083253218603,-4.285002296000595e-05,-0.04177522228438968,1.7424021869555621,40.0,5072.132077414813,95.0,100.0,100.0,False,82.81970374977973,84.14399525269302,82.41214063599676,85.87584986938927,0.7807764064044153,77.81970374977973,4.999999999999999,72.27033769393267,0.44114190914003737,0.25222955153301774,0.3066285393269449,-0.28350000381469725,-0.1306046034157612,18.443804249614445,False,False,59.5853764334299,59.58374603831645,0.42085889917110386,20.757663110254466,10.126854722757983,2.3760932748945893,0.04817497975029719,0.0987473433140805,-0.8425580534296273,0.02683519823563074,0.0016303951134545968,1.0,1.0,False,1.0,108.0,2024-09-03,148.8800048828125,,0.0,0,0.0,-0.04177522228438968,-0.04177522228438968,0.0,0.0,-0.04177522228438968,11.62843305673415,-0.08637829250794328
2024-11-26,136.87313842773438,136.9199981689453,139.3000030517578,135.6699981689453,137.6999969482422,190287700,NVDA,35082000000.0,19309000000.0,0.78,26156000000.0,21869000000.0,22855000000.0,0.0,0.0,0.0,16814000000.0,17627000000.0,2024-12-10,15.0,0.5,10.0,55.0396214582977,43.884614797738884,14.100000381469727,0.005221486727384761,0.005008768300389432,0.006616628938502345,1.6613782041528378,40.0,4978.91990818072,95.0,100.0,100.0,False,82.0031060337223,83.30821735724406,81.57636274054782,85.0400719739403,0.7807764064044151,77.0031060337223,4.999999999999999,72.27033769393267,0.44114190914003737,0.25222955153301774,0.3066285393269449,-0.28350000381469725,-0.1306046034157612,18.443804249614445,False,False,65.6714056017581,65.66968090773395,0.42085889917110386,18.79499928200365,8.623572374292355,2.3760932748945893,0.05320564183035151,0.11596122309834031,-0.81659771605743,0.025960337372197273,0.0017246940241420817,1.0,1.0,False,1.0,108.0,2024-09-03,148.8800048828125,,0.0,0,0.0,0.006616628938502345,0.006616628938502345,0.0,0.0,0.006616628938502345,11.705374083406774,-0.0803331966793074
2024-11-27,135.2936553955078,135.33999633789062,137.22000122070312,131.8000030517578,135.00999450683594,226370900,NVDA,35082000000.0,19309000000.0,0.78,26156000000.0,21869000000.0,22855000000.0,0.0,0.0,0.0,16814000000.0,17627000000.0,2024-12-10,15.0,0.5,10.0,55.0396214582977,43.378203954452125,14.100000381469727,-0.0030300628489846604,-0.01354571796809556,-0.011539598686709951,1.6399724676533063,40.0,4965.161007286235,95.0,100.0,100.0,False,81.21050677826932,82.48929589347985,80.7574412767836,84.2211505101761,0.7807764064044153,76.21050677826932,4.999999999999999,72.27033769393267,0.44114190914003737,0.25222955153301774,0.3066285393269449,-0.28350000381469725,-0.1306046034157612,18.443804249614445,False,False,74.02047471437766,74.0184070453171,0.42085889917110386,14.428610303117866,7.130164969900381,2.3760932748945893,0.06930674396160737,0.14024920941120544,-0.7925992554529842,0.02399846060444588,0.0020676690605466773,1.0,1.0,False,1.0,108.0,2024-09-03,148.8800048828125,,0.0,0,0.0,-0.011539598686709951,-0.011539598686709951,0.0,0.0,-0.011539598686709951,11.570298764006445,-0.09094578251511756
2024-11-29,138.2026824951172,138.25,139.35000610351562,136.0500030517578,136.77999877929688,141863200,NVDA,35082000000.0,19309000000.0,0.78,26156000000.0,21869000000.0,22855000000.0,0.0,0.0,0.0,16814000000.0,17627000000.0,2024-12-10,15.0,0.5,10.0,55.0396214582977,44.31089743589744,13.510000228881836,0.006212064520751737,0.009284022279492321,0.021501431512117364,1.6472069522740167,40.0,4971.635092096677,95.0,100.0,100.0,False,80.4409813757369,81.68965806930518,79.95780345260894,83.42151268600142,0.7807764064044151,75.4409813757369,4.999999999999999,72.27033769393267,0.44114190914003737,0.25222955153301774,0.3066285393269449,-0.28350000381469725,-0.1306046034157612,18.443804249614445,False,False,80.3177903326172,80.31564589152362,0.42085889917110386,12.301579412230955,5.699032073935783,2.3760932748945893,0.0812903747144648,0.17546839305808548,-0.7695254025324232,0.023073852920560967,0.0021444410935737325,1.0,1.0,False,1.0,108.0,2024-09-03,148.8800048828125,,0.0,0,0.0,0.021501431512117364,0.021501431512117364,0.0,0.0,0.021501431512117364,11.819076750455466,-0.07139981551706491
2024-12-02,138.58255004882812,138.6300048828125,140.4499969482422,137.82000732421875,138.8300018310547,171682800,NVDA,35082000000.0,19309000000.0,0.78,26156000000.0,21869000000.0,22855000000.0,0.0,0.0,0.0,16814000000.0,17627000000.0,2024-12-10,15.0,0.5,10.0,55.0396214582977,44.43269387269631,13.34000015258789,0.0017924107737512518,0.009498144274520115,0.0027486790800181904,1.6375759011404993,40.0,4926.680679354645,95.0,100.0,100.0,False,79.6939332359035,80.91055063750747,79.17869602081123,82.64240525420371,0.7807764064044153,74.6939332359035,4.999999999999999,72.27033769393267,0.44114190914003737,0.25222955153301774,0.3066285393269449,-0.28350000381469725,-0.1306046034157612,18.443804249614445,False,False,84.89851617561166,84.89634563921486,0.42085889917110386,10.487178960624549,4.335988996475099,2.3760932748945893,0.09535452801507703,0.23062789154053215,-0.7470481398333959,0.02247726269902728,0.0021705363968032997,1.2,1.0,True,1.2,108.0,2024-09-03,148.8800048828125,,0.0,0,0.0,0.0027486790800181904,0.0027486790800181904,0.19999999999999996,9.999999999999998e-05,0.0026486790800181906,11.850381691789526,-0.06894025163472399
2024-12-03,140.2119903564453,140.25999450683594,140.5399932861328,137.9499969482422,138.25999450683594,164414000,NVDA,35082000000.0,19309000000.0,0.78,26156000000.0,21869000000.0,22855000000.0,0.0,0.0,0.0,16814000000.0,17627000000.0,2024-12-10,15.0,0.5,10.0,55.0396214582977,44.955126444498696,13.300000190734863,0.000463807728996235,0.0036024840623416488,0.011757841496155885,1.6265224820723676,40.0,4931.394595712436,95.0,100.0,100.0,False,78.96759596761584,80.15204405502513,78.42018943832889,81.88389867172137,0.7807764064044151,73.96759596761584,4.999999999999999,72.27033769393267,0.44114190914003737,0.25222955153301774,0.3066285393269449,-0.28350000381469725,-0.1306046034157612,18.443804249614445,False,False,87.61660502163181,87.61445820577296,0.42085889917110386,6.734245340420603,3.192701630657041,2.3760932748945893,0.14849473837814509,0.3132143606523624,-0.726337268287665,0.020710871545730924,0.0021468158588504593,1.2,1.2,False,1.2,108.0,2024-09-03,148.8800048828125,,0.0,0,0.0,0.011757841496155885,0.014109409795387062,0.0,0.0,0.014109409795387062,12.017583583310737,-0.055803548101048324
2024-12-04,145.09033203125,145.13999938964844,145.7899932861328,140.2899932861328,142.0,231224300,NVDA,35082000000.0,19309000000.0,0.78,26156000000.0,21869000000.0,22855000000.0,0.0,0.0,0.0,16814000000.0,17627000000.0,2024-12-10,15.0,0.5,10.0,55.0396214582977,46.51923057360527,13.449999809265137,0.006209534809425099,0.018285480469813375,0.03479256433718647,1.6477820848980966,40.0,5075.613717838366,95.0,100.0,100.0,False,78.25995293840722,79.4133940037138,77.68153938701755,81.14524862041006,0.7807764064044153,73.25995293840722,4.999999999999999,72.27033769393267,0.44114190914003737,0.25222955153301774,0.3066285393269449,-0.28350000381469725,-0.1306046034157612,18.443804249614445,False,False,87.87132687206837,87.86925004507859,0.42085889917110386,3.956046246358406,3.192701630657041,2.3760932748945893,0.2527776314345449,0.3132143606523624,-0.7076430292086116,0.018694239079053432,0.0020768269897757817,1.2,1.2,False,1.2,108.0,2024-09-03,148.8800048828125,,0.0,0,0.0,0.03479256433718647,0.04175107720462377,0.0,0.0,0.04175107720462377,12.519330643310562,-0.016382329141483378
2024-12-05,145.0203399658203,145.05999755859375,146.5399932861328,143.9499969482422,145.11000061035156,172621200,NVDA,35082000000.0,19309000000.0,0.78,26156000000.0,21869000000.0,22855000000.0,0.0,0.0,0.0,16814000000.0,17627000000.0,2024-12-10,15.0,0.5,10.0,55.0396214582977,46.49358896108774,13.539999961853027,-0.00164565718361398,-0.005059516426817345,-0.0005512045706980162,1.5450585933764247,40.0,5019.992270222986,95.0,100.0,100.0,False,77.56891366354054,78.69333063787177,76.96147602117553,80.425185254568,0.7807764064044151,72.56891366354054,4.999999999999999,72.27033769393267,0.44114190914003737,0.25222955153301774,0.3066285393269449,-0.28350000381469725,-0.1306046034157612,18.443804249614445,False,False,87.33072805061435,87.32880817376599,0.42085889917110386,3.787933511293966,3.192701630657041,2.3760932748945893,0.2639961860519558,0.3132143606523624,-0.6910392748666823,0.01660375434192929,0.0019198768483556705,1.2,1.2,False,1.2,108.0,2024-09-03,148.8800048828125,,0.0,0,0.0,-0.0005512045706980162,-0.0006614454848376195,0.0,0.0,-0.0006614454848376195,12.511049788583355,-0.01703293860867926
2024-12-06,142.40106201171875,142.44000244140625,145.6999969482422,141.30999755859375,144.60000610351562,188505600,NVDA,35082000000.0,19309000000.0,0.78,26156000000.0,21869000000.0,22855000000.0,0.0,0.0,0.0,16814000000.0,17627000000.0,2024-12-10,15.0,0.5,10.0,55.0396214582977,45.65384693634815,12.770000457763672,0.0018956655539701384,0.0038764230819281487,-0.018061458439837752,1.5336473709293659,40.0,4951.564351546858,95.0,100.0,100.0,False,76.89204306498802,77.99012921884321,76.25827460214697,79.72198383553945,0.7807764064044153,71.89204306498802,4.999999999999999,72.27033769393267,0.44114190914003737,0.25222955153301774,0.3066285393269449,-0.28350000381469725,-0.1306046034157612,18.443804249614445,False,False,86.54443375007457,86.54258784184093,0.42085889917110386,3.787933511293966,3.192701630657041,2.3760932748945893,0.2639961860519558,0.3132143606523624,-0.6768705985525258,0.014168676314156414,0.0018459082336448774,1.2,1.2,False,1.2,108.0,2024-09-03,148.8800048828125,,0.0,0,0.0,-0.018061458439837752,-0.021673750127805303,0.0,0.0,-0.021673750127805303,12.239888421629068,-0.03833752108113778
2024-12-09,138.77203369140625,138.80999755859375,139.9499969482422,137.1300048828125,138.97000122070312,189308600,NVDA,35082000000.0,19309000000.0,0.78,26156000000.0,21869000000.0,22855000000.0,0.0,0.0,0.0,16814000000.0,17627000000.0,2024-12-10,15.0,0.5,10.0,55.0396214582977,44.490383832882614,14.1899995803833,-0.005149643631043976,-0.006518817842975921,-0.02548444833329544,1.5537713226702483,40.0,5052.6116928413,95.0,100.0,100.0,False,76.23103169903276,77.30339829882695,75.57154368213071,79.03525291552319,0.7807764064044151,71.23103169903276,4.999999999999999,72.27033769393267,0.44114190914003737,0.25222955153301774,0.3066285393269449,-0.28350000381469725,-0.1306046034157612,18.443804249614445,False,False,85.66681749086521,85.66501930984928,0.42085889917110386,3.787933511293966,3.192701630657041,2.3760932748945893,0.2639961860519558,0.3132143606523624,-0.661011365955261,0.01585923259726485,0.0017981810159221822,1.2,1.2,False,1.2,108.0,2024-09-03,148.8800048828125,,0.0,0,0.0,-0.02548444833329544,-0.030581337999954526,0.0,0.0,-0.030581337999954526,11.8655762567255,-0.0677464463908296
2024-12-10,135.03306579589844,135.07000732421875,141.82000732421875,133.7899932861328,139.00999450683594,210020900,NVDA,35082000000.0,19309000000.0,0.78,26156000000.0,21869000000.0,22855000000.0,0.0,0.0,0.0,16814000000.0,17627000000.0,2024-12-10,15.0,0.5,10.0,55.0396214582977,43.291669014172676,14.180000305175781,-0.003109090602606557,-0.013875568457959342,-0.026943233917976928,1.5560617915363006,40.0,5210.609122020869,95.0,100.0,100.0,False,75.58513708194954,76.63260938973814,74.90075477304188,78.36446400643439,0.7807764064044153,70.58513708194954,4.999999999999999,72.27033769393267,0.44114190914003737,0.25222955153301774,0.3066285393269449,-0.28350000381469725,-0.1306046034157612,18.443804249614445,False,False,84.7400230056536,84.73836613592994,0.42085889917110386,3.787933511293966,3.192701630657041,2.3760932748945893,0.2639961860519558,0.3132143606523624,-0.6458946170832149,0.01511674887204606,0.001656869723658474,1.2,1.2,False,1.2,108.0,2024-09-03,148.8800048828125,,0.0,0,0.0,-0.026943233917976928,-0.032331880701572314,0.0,0.0,-0.032331880701572314,11.481939860737642,-0.09788795706973821
2024-12-11,139.2718963623047,139.30999755859375,140.1699981689453,135.2100067138672,137.36000061035156,184905200,NVDA,35082000000.0,19309000000.0,0.78,26156000000.0,21869000000.0,22855000000.0,0.0,0.0,0.0,16814000000.0,17627000000.0,2024-12-10,15.0,0.5,10.0,55.0396214582977,44.65064024313902,13.579999923706055,0.007730647435394422,0.014494588739899505,0.03139105652224794,1.5653320037389318,40.0,5112.647071959554,95.0,100.0,100.0,False,74.9549636867861,75.97767629815279,74.24582168145655,77.70953091484903,0.7807764064044151,69.9549636867861,4.999999999999999,72.27033769393267,0.44114190914003737,0.25222955153301774,0.3066285393269449,-0.28350000381469725,-0.1306046034157612,18.443804249614445,False,False,83.77332714728216,83.77183160815584,0.42085889917110386,3.787933511293966,3.192701630657041,2.3760932748945893,0.2639961860519558,0.3132143606523624,-0.630173395163439,0.015721221919775985,0.0014955391263242745,1.2,1.2,False,1.2,108.0,2024-09-03,148.8800048828125,,0.0,0,0.0,0.03139105652224794,0.03766926782669753,0.0,0.0,0.03766926782669753,11.9144561285218,-0.06390605691490903
2024-12-12,137.30242919921875,137.33999633789062,138.44000244140625,135.8000030517578,137.0800018310547,159211400,NVDA,35082000000.0,19309000000.0,0.78,26156000000.0,21869000000.0,22855000000.0,0.0,0.0,0.0,16814000000.0,17627000000.0,2024-12-10,15.0,0.5,10.0,55.0396214582977,44.01922959547776,13.920000076293945,-0.005152610492206833,-0.005598012972488964,-0.014141133122011151,1.5632126171994278,40.0,5058.661761165894,95.0,100.0,100.0,False,74.3409745762171,75.33872725374836,73.6068726370521,77.07058187044461,0.7807764064044153,69.3409745762171,4.999999999999999,72.27033769393267,0.44114190914003737,0.25222955153301774,0.3066285393269449,-0.28350000381469725,-0.1306046034157612,18.443804249614445,False,False,82.78002176074173,82.77869346039438,0.42085889917110386,3.787933511293966,3.192701630657041,2.3760932748945893,0.2639961860519558,0.3132143606523624,-0.6139891105689941,0.016184284594444875,0.0013283003473543431,1.2,1.2,False,1.2,108.0,2024-09-03,148.8800048828125,,0.0,0,0.0,-0.014141133122011151,-0.016969359746413382,0.0,0.0,-0.016969359746413382,11.712275436294055,-0.07979097179155852
2024-12-13,134.21328735351562,134.25,139.60000610351562,132.5399932861328,138.94000244140625,231514900,NVDA,35082000000.0,19309000000.0,0.78,26156000000.0,21869000000.0,22855000000.0,0.0,0.0,0.0,16814000000.0,17627000000.0,2024-12-10,15.0,0.5,10.0,55.0396214582977,43.02884615384615,13.8100004196167,-0.00019855892276432474,0.004285192108943736,-0.02249888175538073,1.58007433594523,40.0,4994.908468960306,95.0,100.0,100.0,False,73.74972038290511,74.7183977165639,72.98654309986766,76.45025233326014,0.7807764064044151,68.74972038290511,4.999999999999999,72.27033769393267,0.44114190914003737,0.25222955153301774,0.3066285393269449,-0.28350000381469725,-0.1306046034157612,18.443804249614445,False,False,81.86740416145372,81.86627066734859,0.42085889917110386,3.787933511293966,3.192701630657041,2.3760932748945893,0.2639961860519558,0.3132143606523624,-0.5912541933119968,0.022734917256997278,0.0011334941051325132,1.2,1.2,False,1.2,108.0,2024-09-03,148.8800048828125,,0.0,0,0.0,-0.02249888175538073,-0.026998658106456873,0.0,0.0,-0.026998658106456873,11.396059716140899,-0.10463538073063317
2024-12-16,131.96389770507812,132.0,134.39999389648438,130.4199981689453,134.17999267578125,237951100,NVDA,35082000000.0,19309000000.0,0.78,26156000000.0,21869000000.0,22855000000.0,0.0,0.0,0.0,16814000000.0,17627000000.0,2024-12-10,15.0,0.5,10.0,55.0396214582977,42.30769230769231,14.6899995803833,0.004269965675617771,0.009997905706493393,-0.016759776536312887,1.5349986747077646,40.0,5010.804835159601,95.0,100.0,100.0,False,73.17018671422656,74.11399440518353,72.38213978848728,75.84584902187979,0.7807764064044153,68.17018671422656,4.999999999999999,72.27033769393267,0.44114190914003737,0.25222955153301774,0.3066285393269449,-0.28350000381469725,-0.1306046034157612,18.443804249614445,False,False,80.97519695138813,80.97392821278035,0.42085889917110386,3.787933511293966,3.192701630657041,2.3760932748945893,0.2639961860519558,0.3132143606523624,-0.5795336686785504,0.011720524633446416,0.001268738607781188,1.2,1.2,False,1.2,108.0,2024-09-03,148.8800048828125,,0.0,0,0.0,-0.016759776536312887,-0.020111731843575464,0.0,0.0,-0.020111731843575464,11.1668652190565,-0.12264271385560369
2024-12-17,130.35433959960938,130.38999938964844,131.58999633789062,126.86000061035156,129.08999633789062,259410300,NVDA,35082000000.0,19309000000.0,0.78,26156000000.0,21869000000.0,22855000000.0,0.0,0.0,0.0,16814000000.0,17627000000.0,2024-12-10,15.0,0.5,10.0,55.0396214582977,41.79166647104116,15.869999885559082,-0.004120041679210651,-0.006047078773624093,-0.01219697432084521,1.5403030808909188,40.0,5001.735218782183,95.0,100.0,100.0,False,72.5965863952468,73.5216162186597,71.78976160196346,75.25347083535594,0.7807764064044151,67.5965863952468,4.999999999999999,72.27033769393267,0.44114190914003737,0.25222955153301774,0.3066285393269449,-0.28350000381469725,-0.1306046034157612,18.443804249614445,False,False,80.09830886371398,80.09709952380422,0.42085889917110386,3.787933511293966,3.192701630657041,2.3760932748945893,0.2639961860519558,0.3132143606523624,-0.5736003189797572,0.005933349698793222,0.0012093399097636848,1.2,1.2,False,1.2,108.0,2024-09-03,148.8800048828125,,0.0,0,0.0,-0.01219697432084521,-0.014636369185014252,0.0,0.0,-0.014636369185014252,11.003422857071095,-0.1354840390027752
2024-12-18,128.874755859375,128.91000366210938,136.6999969482422,128.27999877929688,133.86000061035156,277444500,NVDA,35082000000.0,19309000000.0,0.78,26156000000.0,21869000000.0,22855000000.0,0.0,0.0,0.0,16814000000.0,17627000000.0,2024-12-10,15.0,0.5,10.0,55.0396214582977,41.31730886606069,27.6200008392334,-0.029803487374158943,-0.0322526476046886,-0.011350530979882478,1.3740008405324025,40.0,4977.204385656141,95.0,100.0,100.0,False,72.02566867499878,72.93761594500516,71.20576132830891,74.66947056170142,0.7807764064044153,67.02566867499878,4.999999999999999,72.27033769393267,0.44114190914003737,0.25222955153301774,0.3066285393269449,-0.28350000381469725,-0.1306046034157612,18.443804249614445,False,False,79.23584722496003,79.23458952720644,0.42085889917110386,3.787933511293966,3.192701630657041,2.3760932748945893,0.2639961860519558,0.3132143606523624,-0.5709177202480191,0.0026825987317380395,0.0012576977535820788,1.2,1.2,False,1.2,108.0,2024-09-03,148.8800048828125,,0.0,0,0.0,-0.011350530979882478,-0.013620637175858973,0.0,0.0,-0.013620637175858973,10.853549226642377,-0.1472592972402574
2024-12-19,130.6442413330078,130.67999267578125,134.02999877929688,129.5500030517578,131.75999450683594,209719200,NVDA,35082000000.0,19309000000.0,0.78,26156000000.0,21869000000.0,22855000000.0,0.0,0.0,0.0,16814000000.0,17627000000.0,2024-12-10,15.0,0.5,10.0,55.0396214582977,41.884613037109375,24.09000015258789,-0.0003071121340316729,0.0010764725890748394,0.013730424043049805,1.3701139825938864,40.0,4934.101593337571,95.0,100.0,100.0,False,71.45887866141382,72.36033435385582,70.62847973715958,74.09218897055206,0.7807764064044151,66.45887866141382,4.999999999999999,72.27033769393267,0.44114190914003737,0.25222955153301774,0.3066285393269449,-0.28350000381469725,-0.1306046034157612,18.443804249614445,False,False,78.39153587448725,78.39024113171969,0.42085889917110386,3.787933511293966,3.192701630657041,2.3760932748945893,0.2639961860519558,0.3132143606523624,-0.5667900135849635,0.004127706663055619,0.00129474276755559,1.2,1.2,False,1.2,108.0,2024-09-03,148.8800048828125,,0.0,0,0.0,0.013730424043049805,0.016476508851659764,0.0,0.0,0.016476508851659764,11.032377826547076,-0.13320910750306583
2024-12-20,134.6631622314453,134.6999969482422,135.27999877929688,128.22000122070312,129.80999755859375,306528600,NVDA,35082000000.0,19309000000.0,0.78,26156000000.0,21869000000.0,22855000000.0,0.0,0.0,0.0,16814000000.0,17627000000.0,2024-12-10,15.0,0.5,10.0,55.0396214582977,43.17307594494942,18.360000610351562,0.008616360754965635,0.014925378032240477,0.030762201544000778,1.4069495203010909,40.0,5036.436694823502,95.0,100.0,100.0,False,70.88786076168225,71.78549803394448,70.05364341724822,73.51735265064073,0.7807764064044153,65.88786076168225,4.999999999999999,72.27033769393267,0.44114190914003737,0.25222955153301774,0.3066285393269449,-0.28350000381469725,-0.1306046034157612,18.443804249614445,False,False,77.55914918304383,77.55733038966326,0.42085889917110386,3.787933511293966,3.192701630657041,2.3760932748945893,0.2639961860519558,0.3132143606523624,-0.5710178997315722,-0.004227886146608739,0.0018187933805597822,1.2,1.2,False,1.2,108.0,2024-09-03,148.8800048828125,,0.0,0,0.0,0.030762201544000778,0.03691464185280093,0.0,0.0,0.03691464185280093,11.439634102798845,-0.10121183214527178
2024-12-23,139.63180541992188,139.6699981689453,139.7899932861328,135.1199951171875,136.27999877929688,176053500,NVDA,35082000000.0,19309000000.0,0.78,26156000000.0,21869000000.0,22855000000.0,0.0,0.0,0.0,16814000000.0,17627000000.0,2024-12-10,15.0,0.5,10.0,55.0396214582977,44.76602505414914,16.780000686645508,0.005988290418921238,0.008942195924372065,0.03689681761917796,1.4181196758372436,40.0,5323.163063485139,95.0,100.0,100.0,False,70.31380721559003,71.2109672996979,69.47911268300166,72.94282191639414,0.7807764064044151,65.31380721559003,4.999999999999999,72.27033769393267,0.44114190914003737,0.25222955153301774,0.3066285393269449,-0.28350000381469725,-0.1306046034157612,18.443804249614445,False,False,76.73393488453563,76.73299724256495,0.42085889917110386,3.787933511293966,3.192701630657041,2.3760932748945893,0.2639961860519558,0.3132143606523624,-0.574053546092216,-0.0030356463606437956,0.0009376419706757133,1.2,1.2,False,1.2,108.0,2024-09-03,148.8800048828125,,0.0,0,0.0,0.03689681761917796,0.04427618114301355,0.0,0.0,0.04427618114301355,11.946137414544161,-0.06141692441613862
2024-12-24,140.18167114257812,140.22000122070312,141.89999389648438,138.64999389648438,140.0,105157000,NVDA,35082000000.0,19309000000.0,0.78,26156000000.0,21869000000.0,22855000000.0,0.0,0.0,0.0,16814000000.0,17627000000.0,2024-12-10,15.0,0.5,10.0,55.0396214582977,44.94230808355869,14.270000457763672,0.011115010046286677,0.010333059097729747,0.003937875413247527,1.4066062574502103,40.0,5299.866031159849,95.0,100.0,100.0,False,69.73199730384337,70.63359486042627,68.90174024373002,72.36544947712252,0.7807764064044153,64.73199730384337,4.999999999999999,72.27033769393267,0.44114190914003737,0.25222955153301774,0.3066285393269449,-0.28350000381469725,-0.1306046034157612,18.443804249614445,False,False,75.92202303192772,75.92154836395181,0.42085889917110386,3.787933511293966,3.192701630657041,2.3760932748945893,0.2639961860519558,0.3132143606523624,-0.5818099117466602,-0.007756365654444153,0.0004746679759034578,1.2,1.2,False,1.2,108.0,2024-09-03,148.8800048828125,,0.0,0,0.0,0.003937875413247527,0.004725450495897032,0.0,0.0,0.004725450495897032,12.002588295513775,-0.05698169655618016
2024-12-26,139.89173889160156,139.92999267578125,140.85000610351562,137.72999572753906,139.6999969482422,116205600,NVDA,35082000000.0,19309000000.0,0.78,26156000000.0,21869000000.0,22855000000.0,0.0,0.0,0.0,16814000000.0,17627000000.0,2024-12-10,15.0,0.5,10.0,55.0396214582977,44.849356626852966,14.729999542236328,6.658749927290764e-05,0.0006652129169808507,-0.0020682394979116836,1.396200019560628,40.0,5238.14380263422,95.0,100.0,100.0,False,69.14866380574448,70.05389529410989,68.32204067741365,71.78574991080613,0.7807764064044151,64.14866380574448,4.999999999999999,72.27033769393267,0.44114190914003737,0.25222955153301774,0.3066285393269449,-0.28350000381469725,-0.1306046034157612,18.443804249614445,False,False,75.13710488008778,75.13689027218923,0.42085889917110386,3.787933511293966,3.192701630657041,2.3760932748945893,0.2639961860519558,0.3132143606523624,-0.5833334980988951,-0.0015235863522349291,0.00021460789853904318,1.2,1.2,False,1.2,108.0,2024-09-03,148.8800048828125,,0.0,0,0.0,-0.0020682394979116836,-0.0024818873974940202,0.0,0.0,-0.0024818873974940202,11.97279922288583,-0.05932216179910348
2024-12-27,136.9725341796875,137.00999450683594,139.02000427246094,134.7100067138672,138.5500030517578,170582600,NVDA,35082000000.0,19309000000.0,0.78,26156000000.0,21869000000.0,22855000000.0,0.0,0.0,0.0,16814000000.0,17627000000.0,2024-12-10,15.0,0.5,10.0,55.0396214582977,43.91345977783203,15.949999809265137,-0.010526518786625139,-0.013295097078330875,-0.02086756465221129,1.3988722488589815,40.0,5247.1583414681945,95.0,100.0,100.0,False,68.55956485725989,69.47052631987765,67.73867170318141,71.20238093657389,0.7807764064044153,63.559564857259886,4.999999999999999,72.27033769393267,0.44114190914003737,0.25222955153301774,0.3066285393269449,-0.28350000381469725,-0.1306046034157612,18.443804249614445,False,False,74.38248526423048,74.38215504769744,0.42085889917110386,3.787933511293966,3.192701630657041,2.3760932748945893,0.2639961860519558,0.3132143606523624,-0.5890989484845903,-0.005765450385695203,0.00033021653304444955,1.2,1.2,False,1.2,108.0,2024-09-03,148.8800048828125,,0.0,0,0.0,-0.02086756465221129,-0.02504107758265355,0.0,0.0,-0.02504107758265355,11.672987428664014,-0.08287774852577488
2024-12-30,137.452392578125,137.49000549316406,140.27000427246094,134.02000427246094,134.8300018310547,167734700,NVDA,35082000000.0,19309000000.0,0.78,26156000000.0,21869000000.0,22855000000.0,0.0,0.0,0.0,16814000000.0,17627000000.0,2024-12-10,15.0,0.5,10.0,55.0396214582977,44.067309452937195,17.399999618530273,-0.01141163837760406,-0.012716342593827035,0.0035034742396415908,1.355687401212607,40.0,5183.993681574422,95.0,100.0,100.0,False,67.95969984482164,68.88071748693021,67.14886287023397,70.61257210362645,0.7807764064044151,62.95969984482164,4.999999999999999,72.27033769393267,0.44114190914003737,0.25222955153301774,0.3066285393269449,-0.28350000381469725,-0.1306046034157612,18.443804249614445,False,False,73.6597485403012,73.66008677119292,0.42085889917110386,3.787933511293966,3.192701630657041,2.3760932748945893,0.2639961860519558,0.3132143606523624,-0.5998650124382436,-0.010766063953653315,-0.00033823089172869915,1.2,1.2,False,1.2,108.0,2024-09-03,148.8800048828125,,0.0,0,0.0,0.0035034742396415908,0.004204169087569909,0.0,0.0,0.004204169087569909,11.722062641571194,-0.07902201150660453
2024-12-31,134.25328063964844,134.2899932861328,138.07000732421875,133.8300018310547,138.02999877929688,155659200,NVDA,35082000000.0,19309000000.0,0.78,26156000000.0,21869000000.0,22855000000.0,0.0,0.0,0.0,16814000000.0,17627000000.0,2024-12-10,15.0,0.5,10.0,55.0396214582977,43.041664514786156,17.350000381469727,-0.0036380159121820466,-0.008316615934192306,-0.0232745078127905,1.3682649616023488,40.0,5253.26796379024,95.0,100.0,100.0,False,67.35387547779192,68.28465637840907,66.55280176171283,70.0165109951053,0.7807764064044153,62.353875477791924,4.999999999999999,72.27033769393267,0.44114190914003737,0.25222955153301774,0.3066285393269449,-0.28350000381469725,-0.1306046034157612,18.443804249614445,False,False,72.95686243091836,72.95710528262721,0.42085889917110386,3.787933511293966,3.192701630657041,2.3760932748945893,0.2639961860519558,0.3132143606523624,-0.6058243670297259,-0.005959354591482224,-0.00024285170885150365,1.0,1.2,True,1.0,108.0,2024-09-03,148.8800048828125,,0.0,0,0.0,-0.0232745078127905,-0.0279294093753486,0.19999999999999996,9.999999999999998e-05,-0.0280294093753486,11.393500149067116,-0.10483648057177092
2025-01-02,138.2721710205078,138.30999755859375,138.8800048828125,134.6300048828125,136.0,198247200,NVDA,35082000000.0,19309000000.0,0.78,26156000000.0,21869000000.0,22855000000.0,0.0,0.0,0.0,16814000000.0,17627000000.0,2024-12-10,15.0,0.5,10.0,55.0396214582977,44.3301274226262,17.93000030517578,-0.0024570065510107764,-0.0023654010048672625,0.029935248145373627,1.3846178211604017,40.0,5234.450434852825,95.0,100.0,100.0,False,66.73804485528461,67.68087748484469,65.94902286814845,69.41273210154093,0.7807764064044151,61.73804485528461,4.999999999999999,72.27033769393267,0.44114190914003737,0.25222955153301774,0.3066285393269449,-0.28350000381469725,-0.1306046034157612,18.443804249614445,False,False,72.28660106103744,72.2872215702898,0.42085889917110386,3.787933511293966,3.192701630657041,2.3760932748945893,0.2639961860519558,0.3132143606523624,-0.6158306225073034,-0.010006255477577497,-0.0006205092523555322,1.0,1.0,False,1.0,108.0,2024-09-03,148.8800048828125,,0.0,0,0.0,0.029935248145373627,0.029935248145373627,0.0,0.0,0.029935248145373627,11.734567403273791,-0.07803953848700086
2025-01-03,144.4304962158203,144.47000122070312,144.89999389648438,139.72999572753906,140.00999450683594,229322500,NVDA,35082000000.0,19309000000.0,0.78,26156000000.0,21869000000.0,22855000000.0,0.0,0.0,0.0,16814000000.0,17627000000.0,2024-12-10,15.0,0.5,10.0,55.0396214582977,46.30448757073818,16.1299991607666,0.012503416419400448,0.01629520523949335,0.04453766011744564,1.3945302421959198,40.0,5375.277100115568,95.0,100.0,100.0,False,66.11543623997865,67.0697476900428,65.33789307334655,68.80160230673906,0.7807764064044153,61.115436239978656,4.999999999999999,72.27033769393267,0.44114190914003737,0.25222955153301774,0.3066285393269449,-0.28350000381469725,-0.1306046034157612,18.443804249614445,False,False,71.63681805592668,71.63693994283486,0.42085889917110386,3.787933511293966,3.192701630657041,2.3760932748945893,0.2639961860519558,0.3132143606523624,-0.622608615305964,-0.006777992798660648,-0.00012188690817879433,1.0,1.0,False,1.0,108.0,2024-09-03,148.8800048828125,,0.0,0,0.0,0.04453766011744564,0.04453766011744564,0.0,0.0,0.04453766011744564,12.257197577906057,-0.036977576810411535
2025-01-06,149.38912963867188,149.42999267578125,152.16000366210938,147.82000732421875,148.58999633789062,265377400,NVDA,35082000000.0,19309000000.0,0.78,26156000000.0,21869000000.0,22855000000.0,0.0,0.0,0.0,16814000000.0,17627000000.0,2024-12-10,15.0,0.5,10.0,55.0396214582977,47.894228421724755,16.040000915527344,0.005760576187535671,0.012725344644750836,0.03433232791007512,1.44052242855667,40.0,5643.65556570645,95.0,100.0,100.0,False,65.4922446672487,66.45390911942816,64.72205450273192,68.1857637361244,0.7807764064044151,60.4922446672487,4.999999999999999,72.27033769393267,0.44114190914003737,0.25222955153301774,0.3066285393269449,-0.28350000381469725,-0.1306046034157612,18.443804249614445,False,False,71.00901076466053,71.00947200069139,0.42085889917110386,3.787933511293966,3.192701630657041,2.3760932748945893,0.2639961860519558,0.3132143606523624,-0.6231915727299508,-0.0005829574239868407,-0.00046123603085561625,1.0,1.0,False,1.0,108.0,2024-09-03,149.42999267578125,,0.0,0,0.0,0.03433232791007512,0.03433232791007512,0.0,0.0,0.03433232791007512,12.678015704409306,-0.00391477519271145
2025-01-07,140.10166931152344,140.13999938964844,153.1300048828125,140.00999450683594,153.02999877929688,351782200,NVDA,35082000000.0,19309000000.0,0.78,26156000000.0,21869000000.0,22855000000.0,0.0,0.0,0.0,16814000000.0,17627000000.0,2024-12-10,15.0,0.5,10.0,55.0396214582977,44.91666647104116,17.81999969482422,-0.011304052395755049,-0.020062799104221152,-0.06216953584605567,1.522304390579866,40.0,5642.619943118823,95.0,100.0,100.0,False,64.85358031186405,65.82915963171048,64.09730501501423,67.56101424840674,0.7807764064044153,59.85358031186406,4.999999999999999,72.27033769393267,0.44114190914003737,0.25222955153301774,0.3066285393269449,-0.28350000381469725,-0.1306046034157612,18.443804249614445,False,False,70.37257854224279,70.37343982735908,0.42085889917110386,3.787933511293966,3.192701630657041,2.3760932748945893,0.2639961860519558,0.3132143606523624,-0.6386643553846483,-0.015472782654697426,-0.0008612851162922653,1.0,1.0,False,1.0,108.0,2024-09-03,149.42999267578125,,0.0,0,0.0,-0.06216953584605567,-0.06216953584605567,0.0,0.0,-0.06216953584605567,11.889829352617175,-0.06584093128209459
2025-01-08,140.07168579101562,140.11000061035156,143.9499969482422,137.55999755859375,142.5800018310547,227349900,NVDA,35082000000.0,19309000000.0,0.78,26156000000.0,21869000000.0,22855000000.0,0.0,0.0,0.0,16814000000.0,17627000000.0,2024-12-10,15.0,0.5,10.0,55.0396214582977,44.90705147767678,17.700000762939453,0.0014609947580461746,-0.00034194660950126465,-0.0002140629329779875,1.5228398325293668,40.0,5586.123133670068,95.0,100.0,100.0,False,64.18264032242764,65.18637791702182,63.45452330032557,66.91823253371805,0.7807764064044151,59.182640322427645,4.999999999999999,72.27033769393267,0.44114190914003737,0.25222955153301774,0.3066285393269449,-0.28350000381469725,-0.1306046034157612,18.443804249614445,False,False,69.71392396000802,69.71440070837534,0.42085889917110386,3.787933511293966,3.192701630657041,2.3760932748945893,0.2639961860519558,0.3132143606523624,-0.6709399894364054,-0.03227563405175715,-0.00047674836731857794,1.0,1.0,False,1.0,108.0,2024-09-03,149.42999267578125,,0.0,0,0.0,-0.0002140629329779875,-0.0002140629329779875,0.0,0.0,-0.0002140629329779875,11.887284180873346,-0.06604090011221236
2025-01-10,135.8728485107422,135.91000366210938,139.9199981689453,134.22000122070312,137.4499969482422,207602500,NVDA,35082000000.0,19309000000.0,0.78,26156000000.0,21869000000.0,22855000000.0,0.0,0.0,0.0,16814000000.0,17627000000.0,2024-12-10,15.0,0.5,10.0,55.0396214582977,43.56089860965044,19.540000915527344,-0.015267434815002923,-0.02180608002839335,-0.029976425165555876,1.5106178437063134,40.0,5766.172109517316,95.0,100.0,100.0,False,63.50274096814193,64.52910591370375,62.7972512970075,66.26096053039998,0.7807764064044153,58.50274096814193,4.999999999999999,72.27033769393267,0.44114190914003737,0.25222955153301774,0.3066285393269449,-0.28350000381469725,-0.1306046034157612,18.443804249614445,False,False,69.08670555422326,69.08750605466146,0.42085889917110386,3.787933511293966,3.192701630657041,2.3760932748945893,0.2639961860519558,0.3132143606523624,-0.6798993542857161,-0.008959364849310703,-0.0008005004382061997,1.0,1.0,False,1.0,108.0,2024-09-03,149.42999267578125,,0.0,0,0.0,-0.029976425165555876,-0.029976425165555876,0.0,0.0,-0.029976425165555876,11.5309458962037,-0.09403765517768849
2025-01-13,133.19357299804688,133.22999572753906,133.49000549316406,129.50999450683594,129.99000549316406,204808900,NVDA,35082000000.0,19309000000.0,0.78,26156000000.0,21869000000.0,22855000000.0,0.0,0.0,0.0,16814000000.0,17627000000.0,2024-12-10,15.0,0.5,10.0,55.0396214582977,42.70192170754457,19.190000534057617,0.0015504563889190415,-0.007081017247273835,-0.019718989495675188,1.482359995547277,40.0,5769.736567246973,95.0,100.0,100.0,False,62.87814710884609,63.8845910723145,62.15273645561825,65.61644568901075,0.7807764064044151,57.87814710884609,4.999999999999999,72.27033769393267,0.44114190914003737,0.25222955153301774,0.3066285393269449,-0.28350000381469725,-0.1306046034157612,18.443804249614445,False,False,68.48788749411888,68.48842973354277,0.42085889917110386,3.787933511293966,3.192701630657041,2.3760932748945893,0.2639961860519558,0.3132143606523624,-0.6245938592958353,0.0553054949898808,-0.0005422394238928518,1.0,1.0,False,1.0,108.0,2024-09-03,149.42999267578125,,0.0,0,0.0,-0.019718989495675188,-0.019718989495675188,0.0,0.0,-0.019718989495675188,11.30356729520126,-0.11190231713871698
2025-01-14,131.7239532470703,131.75999450683594,136.3800048828125,130.0500030517578,136.0500030517578,195590500,NVDA,35082000000.0,19309000000.0,0.78,26156000000.0,21869000000.0,22855000000.0,0.0,0.0,0.0,16814000000.0,17627000000.0,2024-12-10,15.0,0.5,10.0,55.0396214582977,42.230767470139725,18.709999084472656,0.0013759916283606621,0.002641269744030339,-0.011033560518228458,1.4679425702381361,40.0,5750.736482502183,95.0,100.0,100.0,False,62.47149730239456,63.33293593451922,61.601081317822974,65.06479055121547,0.7807764064044153,57.47149730239456,4.999999999999999,72.27033769393267,0.44114190914003737,0.25222955153301774,0.3066285393269449,-0.28350000381469725,-0.1306046034157612,18.443804249614445,False,False,67.90676946241743,67.90681609901135,0.42085889917110386,3.787933511293966,3.192701630657041,2.3760932748945893,0.2639961860519558,0.3132143606523624,-0.4066498064515329,0.2179440528443024,-4.663659391894726e-05,1.0,1.0,False,1.0,108.0,2024-09-03,149.42999267578125,,0.0,0,0.0,-0.011033560518228458,-0.011033560518228458,0.0,0.0,-0.011033560518228458,11.178848701377788,-0.12170119666866548
2025-01-15,136.2027587890625,136.24000549316406,136.4499969482422,131.2899932861328,133.64999389648438,185217300,NVDA,35082000000.0,19309000000.0,0.78,26156000000.0,21869000000.0,22855000000.0,0.0,0.0,0.0,16814000000.0,17627000000.0,2024-12-10,15.0,0.5,10.0,55.0396214582977,43.66666842729617,16.1200008392334,0.018189984044830076,0.019889352338217314,0.034001299127981444,1.4773089122201155,40.0,5729.005861415582,95.0,100.0,100.0,False,61.82193749684293,62.74305996939343,61.01120535269718,64.47491458608967,0.7807764064044151,56.82193749684293,4.999999999999999,72.27033769393267,0.44114190914003737,0.25222955153301774,0.3066285393269449,-0.28350000381469725,-0.1306046034157612,18.443804249614445,False,False,67.31187104080162,67.313108863414,0.42085889917110386,3.787933511293966,3.192701630657041,2.3760932748945893,0.2639961860519558,0.3132143606523624,-0.6495598055516325,-0.24290999910009958,-0.0012378226123757941,1.0,1.0,False,1.0,108.0,2024-09-03,149.42999267578125,,0.0,0,0.0,0.034001299127981444,0.034001299127981444,0.0,0.0,0.034001299127981444,11.558944079979781,-0.09183789633284863
2025-01-16,133.53347778320312,133.57000732421875,138.75,133.49000549316406,138.63999938964844,209235600,NVDA,35082000000.0,19309000000.0,0.78,26156000000.0,21869000000.0,22855000000.0,0.0,0.0,0.0,16814000000.0,17627000000.0,2024-12-10,15.0,0.5,10.0,55.0396214582977,42.81089978340344,16.600000381469727,-0.0019231664227786771,-0.0077058562050407176,-0.019597754413473556,1.4831983531189747,40.0,5653.142976603163,95.0,100.0,100.0,False,61.06365505183965,62.08744010118066,60.355585484484415,63.81929471787691,0.7807764064044153,56.06365505183965,4.999999999999999,72.27033769393267,0.44114190914003737,0.25222955153301774,0.3066285393269449,-0.28350000381469725,-0.1306046034157612,18.443804249614445,False,False,66.71915824617487,66.72174029689901,0.42085889917110386,3.787933511293966,3.192701630657041,2.3760932748945893,0.2639961860519558,0.3132143606523624,-0.7582824450032746,-0.10872263945164207,-0.0025820507241405724,1.0,1.0,False,1.0,108.0,2024-09-03,149.42999267578125,,0.0,0,0.0,-0.019597754413473556,-0.019597754413473556,0.0,0.0,-0.019597754413473556,11.332414732621263,-0.10963583420814099
2025-01-17,137.67234802246094,137.7100067138672,138.5,135.4600067138672,136.69000244140625,201188800,NVDA,35082000000.0,19309000000.0,0.78,26156000000.0,21869000000.0,22855000000.0,0.0,0.0,0.0,16814000000.0,17627000000.0,2024-12-10,15.0,0.5,10.0,55.0396214582977,44.13782266470102,15.970000267028809,0.010039892999691435,0.01566160785401971,0.030994977634457133,1.4799647602818604,40.0,5713.422813846451,95.0,100.0,100.0,False,60.540985994526324,61.4837226611492,59.751868044452955,63.21557727784545,0.7807764064044151,55.540985994526324,4.999999999999999,72.27033769393267,0.44114190914003737,0.25222955153301774,0.3066285393269449,-0.28350000381469725,-0.1306046034157612,18.443804249614445,False,False,66.14035956151142,66.14107631069936,0.42085889917110386,3.787933511293966,3.192701630657041,2.3760932748945893,0.2639961860519558,0.3132143606523624,-0.5226690573133297,0.2356133876899449,-0.0007167491879448562,1.0,1.0,False,1.0,108.0,2024-09-03,149.42999267578125,,0.0,0,0.0,0.030994977634457133,0.030994977634457133,0.0,0.0,0.030994977634457133,11.683662673803251,-0.08203901680290027
2025-01-21,140.79148864746094,140.8300018310547,141.8300018310547,137.08999633789062,139.16000366210938,197749000,NVDA,35082000000.0,19309000000.0,0.78,26156000000.0,21869000000.0,22855000000.0,0.0,0.0,0.0,16814000000.0,17627000000.0,2024-12-10,15.0,0.5,10.0,55.0396214582977,45.137821099697014,15.0600004196167,0.00915353684308795,0.008329404737765778,0.02265627016975036,1.489629684227196,40.0,5716.112215329213,95.0,100.0,100.0,False,59.97700656142894,60.895518470243566,59.16366385354732,62.62737308693981,0.7807764064044153,54.97700656142894,4.999999999999999,72.27033769393267,0.44114190914003737,0.25222955153301774,0.3066285393269449,-0.28350000381469725,-0.1306046034157612,18.443804249614445,False,False,65.56063315061161,65.55620871101242,0.42085889917110386,3.787933511293966,3.192701630657041,2.3760932748945893,0.2639961860519558,0.3132143606523624,-0.5639794330973871,-0.041310375784057385,0.004424439599190464,1.0,1.0,False,1.0,108.0,2024-09-03,149.42999267578125,,0.0,0,0.0,0.02265627016975036,0.02265627016975036,0.0,0.0,0.02265627016975036,11.948370891913166,-0.06124144476229707
2025-01-22,147.02981567382812,147.07000732421875,147.7899932861328,143.6699981689453,144.66000366210938,237651400,NVDA,35082000000.0,19309000000.0,0.78,26156000000.0,21869000000.0,22855000000.0,0.0,0.0,0.0,16814000000.0,17627000000.0,2024-12-10,15.0,0.5,10.0,55.0396214582977,47.13782286032652,15.100000381469727,0.005621448830210873,0.022579013327879593,0.044308779464831805,1.5052191062873796,40.0,5955.179019170056,95.0,100.0,100.0,False,59.33307032965808,60.285557148043765,58.55370253134752,62.01741176474001,0.7807764064044151,54.33307032965808,4.999999999999999,72.27033769393267,0.44114190914003737,0.25222955153301774,0.3066285393269449,-0.28350000381469725,-0.1306046034157612,18.443804249614445,False,False,64.98557062530861,64.96813510108106,0.42085889917110386,3.787933511293966,3.192701630657041,2.3760932748945893,0.2639961860519558,0.3132143606523624,-0.6439362317708586,-0.0799567986734715,0.017435524227544193,1.0,1.0,False,1.0,108.0,2024-09-03,149.42999267578125,,0.0,0,0.0,0.044308779464831805,0.044308779464831805,0.0,0.0,0.044308779464831805,12.477788622726962,-0.019646198967545603
2025-01-23,147.17974853515625,147.22000122070312,147.22999572753906,143.72000122070312,145.0500030517578,155915500,NVDA,35082000000.0,19309000000.0,0.78,26156000000.0,21869000000.0,22855000000.0,0.0,0.0,0.0,16814000000.0,17627000000.0,2024-12-10,15.0,0.5,10.0,55.0396214582977,47.18589782714844,15.020000457763672,0.005458079192118603,0.0017813825579253706,0.0010198809343477944,1.504699720806597,40.0,5898.927955170518,95.0,100.0,100.0,False,57.02585595148645,59.01300825494367,57.281153638247424,60.74486287163992,0.7807764064044153,52.02585595148645,4.999999999999999,72.27033769393267,0.44114190914003737,0.25222955153301774,0.3066285393269449,-0.28350000381469725,-0.1306046034157612,18.443804249614445,False,False,64.35850842468933,64.37794122461735,0.42085889917110386,3.787933511293966,3.192701630657041,2.3760932748945893,0.2639961860519558,0.3132143606523624,-2.307214378171629,-1.518727130426143,-0.019432799928007966,1.0,1.0,False,1.0,108.0,2024-09-03,149.42999267578125,,0.0,0,0.0,0.0010198809343477944,0.0010198809343477944,0.0,0.0,0.0010198809343477944,12.490514481446104,-0.018646354816957162
2025-01-24,142.58099365234375,142.6199951171875,148.97000122070312,141.8800048828125,148.3699951171875,234657600,NVDA,35082000000.0,19309000000.0,0.78,26156000000.0,21869000000.0,22855000000.0,0.0,0.0,0.0,16814000000.0,17627000000.0,2024-12-10,15.0,0.5,10.0,55.0396214582977,45.711536896534454,14.850000381469727,-0.0029192772396473554,-0.010420991630697651,-0.031245795852287594,1.5218976282283334,40.0,5860.680883349857,95.0,100.0,100.0,False,55.338932813416314,57.57869254489645,55.8468379282002,59.310547161592694,0.7807764064044151,50.338932813416314,4.999999999999999,72.27033769393267,0.44114190914003737,0.25222955153301774,0.3066285393269449,-0.28350000381469725,-0.1306046034157612,18.443804249614445,False,False,63.77696174663268,63.78565955778881,0.42085889917110386,3.787933511293966,3.192701630657041,2.3760932748945893,0.2639961860519558,0.3132143606523624,-1.686923138070135,0.6202912401014942,-0.008697811156131366,1.0,1.0,False,1.0,108.0,2024-09-03,149.42999267578125,,0.0,0,0.0,-0.031245795852287594,-0.031245795852287594,0.0,0.0,-0.031245795852287594,12.100238415868796,-0.04930953047324483
2025-01-27,118.38761901855469,118.41999816894531,128.39999389648438,116.69999694824219,124.80000305175781,818830900,NVDA,35082000000.0,19309000000.0,0.78,26156000000.0,21869000000.0,22855000000.0,0.0,0.0,0.0,16814000000.0,17627000000.0,2024-12-10,15.0,0.5,10.0,55.0396214582977,37.9551276182517,17.899999618530273,-0.01414539533258774,-0.04901795059735958,-0.16968165598629859,1.9031627517691776,40.0,7511.960762844186,95.0,100.0,100.0,False,54.99999977683543,56.572001308562584,54.84014669186634,58.30385592525883,0.7807764064044153,49.99999977683543,4.999999999999999,72.27033769393267,0.44114190914003737,0.25222955153301774,0.3066285393269449,-0.28350000381469725,-0.1306046034157612,18.443804249614445,False,False,63.21029897766092,63.19144990664572,0.42085889917110386,3.787933511293966,3.192701630657041,2.3760932748945893,0.2639961860519558,0.3132143606523624,-0.33893303658088314,1.347990101489252,0.01884907101519559,1.0,1.0,False,1.0,118.41999816894531,2025-01-27,118.41999816894531,Trailing_Stop,0.0820092448481807,146,0.15,-0.16968165598629859,-0.16968165598629859,0.0,0.0,-0.16968165598629859,10.047049923635152,-0.21062426367293643
2025-01-28,128.95472717285156,128.99000549316406,129.0,116.25,121.80999755859375,579666400,NVDA,35082000000.0,19309000000.0,0.78,26156000000.0,21869000000.0,22855000000.0,0.0,0.0,0.0,16814000000.0,17627000000.0,2024-12-10,15.0,0.5,10.0,55.0396214582977,41.342950478578224,16.40999984741211,0.008592396109277312,0.0266730758451037,0.08925863441695814,2.007712602066416,40.0,7017.6463790109765,95.0,87.36964613303944,87.36964613303944,False,16.604734934917623,40.96925200205131,39.23739738535507,42.70110661874756,0.7807764064044151,11.604734934917623,4.999999999999999,68.39751073652413,0.44114190914003737,0.25222955153301774,0.3066285393269449,-0.28350000381469725,-0.1306046034157612,18.443804249614445,False,False,52.219026701259956,52.22233153132268,0.42085889917110386,3.787933511293966,3.192701630657041,2.3760932748945893,0.2639961860519558,0.3132143606523624,-38.39526484191781,-1.518727130426143,-0.003304830062724591,1.0,1.0,False,1.0,118.41999816894531,2025-01-27,128.99000549316406,,0.0,0,0.0,0.08925863441695814,0.08925863441695814,0.0,0.0,0.08925863441695814,10.94383587973783,-0.1401656634065019
2025-01-29,123.66617584228516,123.69999694824219,126.88999938964844,120.05000305175781,126.5,467120600,NVDA,35082000000.0,19309000000.0,0.78,26156000000.0,21869000000.0,22855000000.0,0.0,0.0,0.0,16814000000.0,17627000000.0,2024-12-10,15.0,0.5,10.0,55.0396214582977,39.647434919308395,16.559999465942383,-0.0044829317228528565,-0.008132143046772122,-0.04101099557827548,2.0489196577677427,40.0,7092.688657987854,95.0,65.65866571819674,65.65866571819674,False,16.60499129786769,31.45773204339492,29.725877426698673,33.189586660091166,0.7807764064044153,11.604991297867691,4.999999999999999,61.740304524565005,0.44114190914003737,0.25222955153301774,0.3066285393269449,-0.28350000381469725,-0.1306046034157612,18.443804249614445,False,False,29.901941023802443,29.90833756769632,0.42085889917110386,3.787933511293966,8.041131449196998,2.3760932748945893,0.2639961860519558,0.12436060849370419,0.0002563629500684783,1.518727130426143,-0.006396543893877719,1.0,1.0,False,1.0,118.41999816894531,2025-01-27,128.99000549316406,,0.0,0,0.0,-0.04101099557827548,-0.04101099557827548,0.0,0.0,-0.04101099557827548,10.49501827486453,-0.17542832558258725
2025-01-30,124.61592864990234,124.6500015258789,125.0,118.0999984741211,123.0999984741211,392925500,NVDA,35082000000.0,19309000000.0,0.78,26156000000.0,21869000000.0,22855000000.0,0.0,0.0,0.0,16814000000.0,17627000000.0,2024-12-10,15.0,0.5,10.0,55.0396214582977,39.951923565986824,15.84000015258789,0.005367110021191612,0.0018554960973018453,0.007679907850233869,2.1083832873856814,40.0,7039.233551223864,95.0,54.49582619038487,54.49582619038487,False,16.611105555734248,25.66178420526277,23.929929588566523,27.393638821959016,0.7807764064044151,11.611105555734248,4.999999999999999,58.31745934541097,0.44114190914003737,0.25222955153301774,0.3066285393269449,-0.28350000381469725,-0.1306046034157612,18.443804249614445,False,False,26.244027524754124,26.365525695188214,0.42085889917110386,3.787933511293966,12.527640305609037,2.3760932748945893,0.2639961860519558,0.0798234923421506,0.006114257866556727,0.005857894916488249,-0.12149817043409143,1.0,1.0,False,1.0,118.41999816894531,2025-01-27,128.99000549316406,,0.0,0,0.0,0.007679907850233869,0.007679907850233869,0.0,0.0,0.007679907850233869,10.57561904810201,-0.16909569110714848
2025-01-31,120.03717041015625,120.06999969482422,127.8499984741211,119.19000244140625,123.77999877929688,388161100,NVDA,39331000000.0,22091000000.0,0.89,28723000000.0,24034000000.0,25821000000.0,0.0,0.0,0.0,15552000000.0,16629000000.0,2025-03-12,15.0,0.5,10.0,56.16689125626097,33.72752800416411,16.43000030517578,-0.00532191395620385,-0.005857779304291988,-0.03674289430396693,2.117247386265686,40.0,7017.7072826558615,95.0,38.38620397567926,38.38620397567926,False,16.62117050005704,22.132435265042254,20.400580648346008,23.8642898817385,0.7807764064044153,11.62117050005704,4.999999999999999,53.37778941660688,0.44114190914003737,0.25222955153301774,0.3066285393269449,-0.28350000381469725,-0.1306046034157612,18.443804249614445,False,False,24.021221908075578,23.97159860886746,0.42085889917110386,3.787933511293966,17.797932521592855,2.3760932748945893,0.2639961860519558,0.05618630134633769,0.010064944322792257,0.00395068645623553,0.04962329920811953,0.25,1.0,True,0.25,118.41999816894531,2025-01-27,128.99000549316406,,0.0,0,0.0,-0.03674289430396693,-0.03674289430396693,0.75,0.000375,-0.03711789430396693,10.183074338075539,-0.1999371094213441
2025-02-03,116.62810516357422,116.66000366210938,118.56999969482422,113.01000213623047,114.75,371235700,NVDA,39331000000.0,22091000000.0,0.89,28723000000.0,24034000000.0,25821000000.0,0.0,0.0,0.0,15552000000.0,16629000000.0,2025-03-12,15.0,0.5,10.0,56.16689125626097,32.769663950030726,18.6200008392334,-0.006729566554251942,-0.013474288996351058,-0.028400066972448235,2.114849037074267,40.0,6976.130106785933,95.0,25.167665060586558,25.167665060586558,False,16.656027218508534,19.994510167753845,18.2626555510576,21.72636478445009,0.7807764064044151,11.656027218508534,4.999999999999999,49.324608137035625,0.44114190914003737,0.25222955153301774,0.3066285393269449,-0.28350000381469725,-0.1306046034157612,18.443804249614445,False,False,22.80948912037095,22.70164991225181,0.42085889917110386,3.787933511293966,23.15321642313554,2.3760932748945893,0.2639961860519558,0.04319054345299358,0.03485671845149341,0.02479177412870115,0.10783920811914016,0.25,0.25,False,0.25,118.41999816894531,2025-01-27,128.99000549316406,,0.0,0,0.0,-0.028400066972448235,-0.007100016743112059,0.0,0.0,-0.007100016743112059,10.110774339778848,-0.20561756933999517
2025-02-04,118.6175537109375,118.6500015258789,121.19999694824219,116.69999694824219,116.95999908447266,256550000,NVDA,39331000000.0,22091000000.0,0.89,28723000000.0,24034000000.0,25821000000.0,0.0,0.0,0.0,15552000000.0,16629000000.0,2025-03-12,15.0,0.5,10.0,56.16689125626097,33.32865211401093,17.209999084472656,0.006708281838506247,0.014404913584792123,0.01705809875965114,2.100376858623801,40.0,6897.034598102903,95.0,18.81391732861529,18.81391732861529,False,16.803520225050733,18.748785337585662,17.016930720889416,20.48063995428191,0.7807764064044153,11.803520225050733,4.999999999999999,47.376367750729386,0.44114190914003737,0.25222955153301774,0.3066285393269449,-0.28350000381469725,-0.1306046034157612,18.443804249614445,False,False,21.94016403219477,22.06166220262886,0.42085889917110386,3.787933511293966,27.709441881476835,2.3760932748945893,0.2639961860519558,0.03608878173286047,0.14749300654219866,0.11263628809070525,-0.12149817043409143,0.25,0.25,False,0.25,118.41999816894531,2025-01-27,128.99000549316406,,0.0,0,0.0,0.01705809875965114,0.004264524689912785,0.0,0.0,0.004264524689912785,10.153891986584972,-0.20222990585121262
2025-02-05,124.79586029052734,124.83000183105469,125.0,120.76000213623047,121.76000213623047,262230800,NVDA,39331000000.0,22091000000.0,0.89,28723000000.0,24034000000.0,25821000000.0,0.0,0.0,0.0,15552000000.0,16629000000.0,2025-03-12,15.0,0.5,10.0,56.16689125626097,35.06460725591424,15.770000457763672,0.004054540342757651,0.013897336450095388,0.05208596903243912,2.174320620635289,40.0,6927.6698771186275,95.0,16.827350462167118,16.827350462167118,False,17.21724119072018,18.15088856996599,16.419033953269743,19.882743186662236,0.7807764064044151,12.21724119072018,4.999999999999999,46.76722965419508,0.44114190914003737,0.25222955153301774,0.3066285393269449,-0.28350000381469725,-0.1306046034157612,18.443804249614445,False,False,21.72845093607399,21.6069527656399,0.42085889917110386,3.787933511293966,31.272153695919446,2.3760932748945893,0.2639961860519558,0.03197733068606929,0.41372096566944805,0.2662279591272494,0.12149817043409143,0.25,0.25,False,0.25,118.41999816894531,2025-01-27,128.99000549316406,,0.0,0,0.0,0.05208596903243912,0.01302149225810978,0.0,0.0,0.01302149225810978,10.28611081247797,-0.19184174874650273
2025-02-06,128.64479064941406,128.67999267578125,128.77000427246094,125.20999908447266,127.41999816894531,251483600,NVDA,39331000000.0,22091000000.0,0.89,28723000000.0,24034000000.0,25821000000.0,0.0,0.0,0.0,15552000000.0,16629000000.0,2025-03-12,15.0,0.5,10.0,56.16689125626097,36.14606535836552,15.5,0.003475616038725038,0.002732821140853714,0.030841871250928632,2.203212730459843,40.0,6974.927720285149,95.0,16.18920277704929,16.18920277704929,False,17.912975288251218,18.05801003139942,16.326155414703173,19.789864648095666,0.7807764064044153,12.912975288251218,4.999999999999999,46.57155536163253,0.44114190914003737,0.25222955153301774,0.3066285393269449,-0.28350000381469725,-0.1306046034157612,18.443804249614445,False,False,21.156953757750102,21.156485126156785,0.42085889917110386,3.787933511293966,33.99529725438389,2.3760932748945893,0.2639961860519558,0.029415833387691416,0.6957340975310373,0.2820131318615893,0.0004686315933190599,0.25,0.25,False,0.25,118.41999816894531,2025-01-27,128.99000549316406,,0.0,0,0.0,0.030841871250928632,0.007710467812732158,0.0,0.0,0.007710467812732158,10.365421538815779,-0.18561047056261862
2025-02-07,129.8044891357422,129.83999633789062,130.3699951171875,125.0,129.22000122070312,228186300,NVDA,39331000000.0,22091000000.0,0.89,28723000000.0,24034000000.0,25821000000.0,0.0,0.0,0.0,15552000000.0,16629000000.0,2025-03-12,15.0,0.5,10.0,56.16689125626097,36.47190908367714,16.540000915527344,-0.009153562023232031,-0.00855935992489576,0.009014638857122836,2.180023071118078,40.0,6936.768882229498,95.0,16.055382385664714,16.055382385664714,False,18.79759851010025,18.34673664870849,16.614882032012243,20.078591265404736,0.7807764064044151,13.79759851010025,4.999999999999999,46.53052221049012,0.44114190914003737,0.25222955153301774,0.3066285393269449,-0.28350000381469725,-0.1306046034157612,18.443804249614445,False,False,20.713427715022384,20.713111660105884,0.42085889917110386,3.787933511293966,36.01707330292231,2.3760932748945893,0.2639961860519558,0.027764610177775415,0.8846232218490329,0.18888912431799554,0.00031605491649884244,0.25,0.25,False,0.25,118.41999816894531,2025-01-27,129.83999633789062,,0.0,0,0.0,0.009014638857122836,0.002253659714280709,0.0,0.0,0.002253659714280709,10.388781671759345,-0.18377511368839364
2025-02-10,133.53347778320312,133.57000732421875,135.0,129.9600067138672,130.08999633789062,216989100,NVDA,39331000000.0,22091000000.0,0.89,28723000000.0,24034000000.0,25821000000.0,0.0,0.0,0.0,15552000000.0,16629000000.0,2025-03-12,15.0,0.5,10.0,56.16689125626097,37.51966497871313,15.8100004196167,0.0067912111491030824,0.014603529720491837,0.0287277502428549,2.1756758917044974,40.0,6940.125088613789,95.0,16.244363955536542,16.244363955536542,False,19.79838662378758,18.913443674158145,17.1815890574619,20.64529829085439,0.7807764064044153,14.798386623787579,4.999999999999999,46.58846935321963,0.44114190914003737,0.25222955153301774,0.3066285393269449,-0.28350000381469725,-0.1306046034157612,18.443804249614445,False,False,20.329007123299895,20.3270237813696,0.42085889917110386,3.787933511293966,37.42545164295584,2.3760932748945893,0.2639961860519558,0.026719784427457094,1.000788113687328,0.11616489183829515,0.001983341930296092,0.25,0.25,False,0.25,118.41999816894531,2025-01-27,133.57000732421875,,0.0,0,0.0,0.0287277502428549,0.007181937560713725,0.0,0.0,0.007181937560713725,10.463393253057806,-0.17791303751940318
2025-02-11,132.76370239257812,132.8000030517578,134.47999572753906,131.02000427246094,132.5800018310547,178902400,NVDA,39331000000.0,22091000000.0,0.89,28723000000.0,24034000000.0,25821000000.0,0.0,0.0,0.0,15552000000.0,16629000000.0,2025-03-12,15.0,0.5,10.0,56.16689125626097,37.30337164375219,16.020000457763672,0.000760555495121995,0.0004656701794221174,-0.005764799208192617,2.1734488302724624,40.0,6863.943187509366,95.0,16.370397544274113,16.370397544274113,False,20.821404086319845,19.658288911242895,17.92643429454665,21.39014352793914,0.7807764064044151,15.821404086319845,4.999999999999999,46.627114848440364,0.44114190914003737,0.25222955153301774,0.3066285393269449,-0.28350000381469725,-0.1306046034157612,18.443804249614445,False,False,20.070625722969265,20.06161481992201,0.42085889917110386,3.787933511293966,38.29557558613444,2.3760932748945893,0.2639961860519558,0.026112677109416966,1.023017462532266,0.0222293488449381,0.00901090304725642,0.25,0.25,False,0.25,118.41999816894531,2025-01-27,133.57000732421875,,0.0,0,0.0,-0.005764799208192617,-0.0014411998020481542,0.0,0.0,-0.0014411998020481542,10.448313412772746,-0.17909782908699662
2025-02-12,131.10414123535156,131.13999938964844,132.24000549316406,129.0800018310547,130.02000427246094,160278600,NVDA,39331000000.0,22091000000.0,0.89,28723000000.0,24034000000.0,25821000000.0,0.0,0.0,0.0,15552000000.0,16629000000.0,2025-03-12,15.0,0.5,10.0,56.16689125626097,36.837078480238326,15.890000343322754,-0.0032215099947072723,-0.00215797614727109,-0.012500027288872895,2.17324896616399,40.0,6794.401956778114,95.0,16.562057898213183,16.562057898213183,False,21.86013663942932,20.517864289574458,18.78600967287821,22.249718906270704,0.7807764064044153,16.86013663942932,4.999999999999999,46.68588338281558,0.44114190914003737,0.25222955153301774,0.3066285393269449,-0.28350000381469725,-0.1306046034157612,18.443804249614445,False,False,20.062070031027574,20.040771794297395,0.42085889917110386,3.787933511293966,38.66214568665533,2.3760932748945893,0.2639961860519558,0.025865093161271727,1.038732553109476,0.015715090577209878,0.021298236730179953,0.25,0.25,False,0.25,118.41999816894531,2025-01-27,133.57000732421875,,0.0,0,0.0,-0.012500027288872895,-0.0031250068222182237,0.0,0.0,-0.0031250068222182237,10.415662362077159,-0.1816631539714734
2025-02-13,135.2530059814453,135.2899932861328,136.5,131.1699981689453,131.55999755859375,197430000,NVDA,39331000000.0,22091000000.0,0.89,28723000000.0,24034000000.0,25821000000.0,0.0,0.0,0.0,15552000000.0,16629000000.0,2025-03-12,15.0,0.5,10.0,56.16689125626097,38.0028071028463,15.100000381469727,0.010557536581541571,0.014163328954945653,0.031645523225554806,2.1802649971459,40.0,6738.969011739001,95.0,16.963320120546214,16.963320120546214,False,22.933172579114697,21.46077215290747,19.728917536211224,23.192626769603716,0.7807764064044151,17.933172579114697,4.999999999999999,46.808921831936644,0.44114190914003737,0.25222955153301774,0.3066285393269449,-0.28350000381469725,-0.1306046034157612,18.443804249614445,False,False,20.29855505017402,20.275993999625094,0.42085889917110386,3.787933511293966,38.53186932303584,2.3760932748945893,0.2639961860519558,0.025952543117397146,1.0730359396853757,0.03430338657589971,0.022561050548927142,0.25,0.25,False,0.25,118.41999816894531,2025-01-27,135.2899932861328,,0.0,0,0.0,0.031645523225554806,0.007911380806388701,0.0,0.0,0.007911380806388701,10.498064633374321,-0.17518897955464263
2025-02-14,138.81204223632812,138.85000610351562,139.25,135.5,136.47999572753906,195479600,NVDA,39331000000.0,22091000000.0,0.89,28723000000.0,24034000000.0,25821000000.0,0.0,0.0,0.0,15552000000.0,16629000000.0,2025-03-12,15.0,0.5,10.0,56.16689125626097,39.00281070323472,14.770000457763672,-4.9150054415414424e-05,0.0033868437288457898,0.026313940380302325,2.24195123288747,40.0,6719.907227851522,95.0,17.806889759480526,17.806889759480526,False,24.095446429470897,22.489317909758142,20.757463293061896,24.22117252645439,0.7807764064044153,19.095446429470897,4.999999999999999,47.067584358143634,0.44114190914003737,0.25222955153301774,0.3066285393269449,-0.28350000381469725,-0.1306046034157612,18.443804249614445,False,False,20.820414444569515,20.805303314624076,0.42085889917110386,3.787933511293966,37.886178258459296,2.3760932748945893,0.2639961860519558,0.02639485020574009,1.1622738503562005,0.08923791067082476,0.015111129945439644,0.25,0.25,False,0.25,118.41999816894531,2025-01-27,138.85000610351562,,0.0,0,0.0,0.026313940380302325,0.006578485095075581,0.0,0.0,0.006578485095075581,10.567125995092114,-0.16976297255038877
2025-02-18,139.3618927001953,139.39999389648438,143.44000244140625,137.92999267578125,141.27000427246094,219176600,NVDA,39331000000.0,22091000000.0,0.89,28723000000.0,24034000000.0,25821000000.0,0.0,0.0,0.0,15552000000.0,16629000000.0,2025-03-12,15.0,0.5,10.0,56.16689125626097,39.15730165631584,15.350000381469727,0.0029358340027980656,0.00912615089496982,0.003961021021192668,2.2344459739897666,40.0,6663.354934486092,95.0,19.011494147294073,19.011494147294073,False,25.339419160561306,23.601963816003554,21.870109199307308,25.3338184326998,0.7807764064044151,20.339419160561306,4.999999999999999,47.43695044204573,0.44114190914003737,0.25222955153301774,0.3066285393269449,-0.28350000381469725,-0.1306046034157612,18.443804249614445,False,False,21.635949518838025,21.626656327490963,0.42085889917110386,3.787933511293966,36.69918256501564,2.3760932748945893,0.2639961860519558,0.027248563322314255,1.243972731090409,0.0816988807342085,0.009293191347063611,0.25,0.25,False,0.25,118.41999816894531,2025-01-27,139.39999389648438,,0.0,0,0.0,0.003961021021192668,0.000990255255298167,0.0,0.0,0.000990255255298167,10.577590147142152,-0.1689408259708137
2025-02-19,139.19192504882812,139.22999572753906,141.36000061035156,137.22000122070312,139.50999450683594,167536000,NVDA,39331000000.0,22091000000.0,0.89,28723000000.0,24034000000.0,25821000000.0,0.0,0.0,0.0,15552000000.0,16629000000.0,2025-03-12,15.0,0.5,10.0,56.16689125626097,39.10954936166828,15.270000457763672,0.0023549076262954216,8.254465382218079e-05,-0.0012194991132606914,2.2118249605988716,40.0,6594.765879793594,95.0,19.700802648911804,19.700802648911804,False,26.429141362491897,24.705660578510763,22.973805961814517,26.43751519520701,0.7807764064044153,21.429141362491897,4.999999999999999,47.64831210104242,0.44114190914003737,0.25222955153301774,0.3066285393269449,-0.28350000381469725,-0.1306046034157612,18.443804249614445,False,False,22.43005409804663,22.428275750139033,0.42085889917110386,3.787933511293966,34.957910575265146,2.3760932748945893,0.2639961860519558,0.02860582865348826,1.0897222019305914,-0.15425052915981752,0.0017783479075950482,0.25,0.25,False,0.25,118.41999816894531,2025-01-27,139.39999389648438,,0.0,0,0.0,-0.0012194991132606914,-0.00030487477831517285,0.0,0.0,-0.00030487477831517285,10.574365306690932,-0.16919419495226268
2025-02-20,140.07168579101562,140.11000061035156,140.66000366210938,136.7899932861328,140.02999877929688,143903600,NVDA,39331000000.0,22091000000.0,0.89,28723000000.0,24034000000.0,25821000000.0,0.0,0.0,0.0,15552000000.0,16629000000.0,2025-03-12,15.0,0.5,10.0,56.16689125626097,39.35674174448078,15.65999984741211,-0.00416032470826988,-0.0031794080310453277,0.006320512172783399,2.2053580940800517,40.0,6530.759863188216,95.0,20.606996951526824,20.606996951526824,False,27.56376906159879,25.821432413780485,24.08957779708424,27.55328703047673,0.7807764064044151,22.56376906159879,4.999999999999999,47.92617713639966,0.44114190914003737,0.25222955153301774,0.3066285393269449,-0.28350000381469725,-0.1306046034157612,18.443804249614445,False,False,23.171495202982324,23.170237995736148,0.42085889917110386,3.787933511293966,32.58125536723611,2.3760932748945893,0.2639961860519558,0.030692494464335633,1.1346276991068933,0.04490549717630188,0.0012572072461767903,0.25,0.25,False,0.25,118.41999816894531,2025-01-27,140.11000061035156,,0.0,0,0.0,0.006320512172783399,0.0015801280431958498,0.0,0.0,0.0015801280431958498,10.59107415785103,-0.16788141540125695
2025-02-21,134.3932342529297,134.42999267578125,141.4600067138672,134.02999877929688,140.0399932861328,228217600,NVDA,39331000000.0,22091000000.0,0.89,28723000000.0,24034000000.0,25821000000.0,0.0,0.0,0.0,15552000000.0,16629000000.0,2025-03-12,15.0,0.5,10.0,56.16689125626097,37.76123389769136,18.209999084472656,-0.017104102948802602,-0.027090876292250154,-0.04053963250179782,2.167603257892446,40.0,6605.6001611961765,95.0,20.939046723556615,20.939046723556615,False,28.49967404582442,26.866986352255466,25.13513173555922,28.598840968951713,0.7807764064044153,23.49967404582442,4.999999999999999,48.027993072981005,0.44114190914003737,0.25222955153301774,0.3066285393269449,-0.28350000381469725,-0.1306046034157612,18.443804249614445,False,False,23.78056454106317,23.7778202701371,0.42085889917110386,3.787933511293966,29.450694014920415,2.3760932748945893,0.2639961860519558,0.03395505720487865,0.9359049842256297,-0.19872271488126358,0.0027442709260719765,0.25,0.25,False,0.25,118.41999816894531,2025-01-27,140.11000061035156,,0.0,0,0.0,-0.04053963250179782,-0.010134908125449454,0.0,0.0,-0.010134908125449454,10.483734594311388,-0.17631486080564432
2025-02-24,130.244384765625,130.27999877929688,138.58999633789062,130.0800018310547,136.55999755859375,251381100,NVDA,39331000000.0,22091000000.0,0.89,28723000000.0,24034000000.0,25821000000.0,0.0,0.0,0.0,15552000000.0,16629000000.0,2025-03-12,15.0,0.5,10.0,56.16689125626097,36.59550527508339,18.979999542236328,-0.004550422471648163,-0.014305789075676145,-0.030871041602251292,2.1675249340366123,40.0,6692.715998071971,95.0,21.27669273815019,21.27669273815019,False,29.414861581609433,27.861646785026373,26.129792168330127,29.59350140172262,0.7807764064044151,24.414861581609433,4.999999999999999,48.13152497724539,0.44114190914003737,0.25222955153301774,0.3066285393269449,-0.28350000381469725,-0.1306046034157612,18.443804249614445,False,False,24.21592380542959,24.208784772575925,0.42085889917110386,3.787933511293966,25.29607272735081,2.3760932748945893,0.2639961860519558,0.03953182815286471,0.9151875357850123,-0.020717448440617403,0.007139032853665981,0.25,0.25,False,0.25,118.41999816894531,2025-01-27,140.11000061035156,,0.0,0,0.0,-0.030871041602251292,-0.007717760400562823,0.0,0.0,-0.007717760400562823,10.4028236426094,-0.18267186535545066
2025-02-25,126.59537506103516,126.62999725341797,130.1999969482422,124.44000244140625,129.97999572753906,271428700,NVDA,39331000000.0,22091000000.0,0.89,28723000000.0,24034000000.0,25821000000.0,0.0,0.0,0.0,15552000000.0,16629000000.0,2025-03-12,15.0,0.5,10.0,56.16689125626097,35.57022394758932,19.43000030517578,-0.004973177992678157,-0.01295840383215685,-0.028016591649361766,2.167541873553136,40.0,6816.872990630811,95.0,21.932417196093624,21.932417196093624,False,30.417703007355076,28.859500980945096,27.12764636424885,30.591355597641343,0.7807764064044153,25.417703007355076,4.999999999999999,48.332588809985545,0.44114190914003737,0.25222955153301774,0.3066285393269449,-0.28350000381469725,-0.1306046034157612,18.443804249614445,False,False,24.249091710498572,24.242555800039835,0.42085889917110386,3.787933511293966,19.47891780634787,2.3760932748945893,0.2639961860519558,0.051337554269781656,1.0028414257456433,0.08765388996063095,0.00653591045873668,0.25,0.25,False,0.25,118.41999816894531,2025-01-27,140.11000061035156,,0.0,0,0.0,-0.028016591649361766,-0.0070041479123404415,0.0,0.0,-0.0070041479123404415,10.329960727110572,-0.1883965525034183
2025-02-26,131.24411010742188,131.27999877929688,133.72999572753906,128.49000549316406,129.99000549316406,322553800,NVDA,39331000000.0,22091000000.0,0.89,28723000000.0,24034000000.0,25821000000.0,0.0,0.0,0.0,15552000000.0,16629000000.0,2025-03-12,15.0,0.5,10.0,56.16689125626097,36.87640415148788,19.100000381469727,0.0005048259926943022,0.01089670278334176,0.03672116897051736,2.181879888048405,40.0,6720.634153034007,95.0,22.666442969115693,22.666442969115693,False,31.43134056991783,29.863516817008467,28.13166220031222,31.595371433704713,0.7807764064044151,26.43134056991783,4.999999999999999,48.55766206059563,0.44114190914003737,0.25222955153301774,0.3066285393269449,-0.28350000381469725,-0.1306046034157612,18.443804249614445,False,False,23.607235572984425,23.61957561531721,0.42085889917110386,3.787933511293966,13.407316850752954,2.3760932748945893,0.2639961860519558,0.07458613913072697,1.013637562562753,0.01079613681710967,-0.012340042332785402,0.25,0.25,False,0.25,118.41999816894531,2025-01-27,140.11000061035156,,0.0,0,0.0,0.03672116897051736,0.00918029224262934,0.0,0.0,0.00918029224262934,10.424792785440331,-0.18094579567027422
2025-02-27,120.11714935302734,120.1500015258789,135.00999450683594,120.01000213623047,135.0,443175800,NVDA,39331000000.0,22091000000.0,0.89,28723000000.0,24034000000.0,25821000000.0,0.0,0.0,0.0,15552000000.0,16629000000.0,2025-03-12,15.0,0.5,10.0,56.16689125626097,33.75000042861767,21.1299991607666,-0.01596190430433686,-0.03640694226021379,-0.08478060143898469,2.215877517451173,40.0,6833.995842952363,95.0,22.24345058476579,22.24345058476579,False,32.00312727174205,30.69879549798457,28.966940881288323,32.430650114680816,0.7807764064044153,27.003127271742052,4.999999999999999,48.427960523635996,0.44114190914003737,0.25222955153301774,0.3066285393269449,-0.28350000381469725,-0.1306046034157612,18.443804249614445,False,False,22.355917326794838,22.352324887020735,0.42085889917110386,3.787933511293966,9.165255875892155,2.3760932748945893,0.2639961860519558,0.10910770125145676,0.5717867018242231,-0.44185086073852986,0.0035924397741041504,0.25,0.25,False,0.25,118.41999816894531,2025-01-27,140.11000061035156,,0.0,0,0.0,-0.08478060143898469,-0.021195150359746173,0.0,0.0,-0.021195150359746173,10.203837734883727,-0.19830577268382496
2025-02-28,124.8858413696289,124.91999816894531,125.08999633789062,116.4000015258789,118.0199966430664,389091100,NVDA,39331000000.0,22091000000.0,0.89,28723000000.0,24034000000.0,25821000000.0,0.0,0.0,0.0,15552000000.0,16629000000.0,2025-03-12,15.0,0.5,10.0,56.16689125626097,35.08988712610823,19.6299991607666,0.015605512474676564,0.01320815171290679,0.039700346088127114,2.2263042276129745,40.0,6809.700438627126,95.0,22.399222060580577,22.399222060580577,False,32.774932315936965,31.509294819946955,29.77744020325071,33.2411494366432,0.7807764064044151,27.77493231593697,4.999999999999999,48.475724503733886,0.44114190914003737,0.25222955153301774,0.3066285393269449,-0.28350000381469725,-0.1306046034157612,18.443804249614445,False,False,19.136642844556125,19.152540661746627,0.42085889917110386,3.787933511293966,5.042568202311298,2.3760932748945893,0.2639961860519558,0.19831164594692893,0.7718050441949131,0.20001834237069005,-0.01589781719050109,0.25,0.25,False,0.25,118.41999816894531,2025-01-27,140.11000061035156,,0.0,0,0.0,0.039700346088127114,0.009925086522031779,0.0,0.0,0.009925086522031779,10.30511170725922,-0.19034888811349857
2025-03-03,114.02880859375,114.05999755859375,123.69999694824219,112.27999877929688,123.51000213623047,411381400,NVDA,39331000000.0,22091000000.0,0.89,28723000000.0,24034000000.0,25821000000.0,0.0,0.0,0.0,15552000000.0,16629000000.0,2025-03-12,15.0,0.5,10.0,56.16689125626097,32.039325156908355,22.780000686645508,-0.017519898469909534,-0.03041724226259024,-0.08693564496906403,2.2824023250934884,40.0,7019.822362450989,95.0,21.93572741673982,21.93572741673982,False,33.29283377320733,32.20556738725142,30.473712770555174,33.93742200394767,0.7807764064044153,28.29283377320733,4.999999999999999,48.333603818107136,0.44114190914003737,0.25222955153301774,0.3066285393269449,-0.28350000381469725,-0.1306046034157612,18.443804249614445,False,False,16.483370957017733,16.485028352892982,0.42085889917110386,3.787933511293966,3.192701630657041,2.3760932748945893,0.2639961860519558,0.3132143606523624,0.5179014572703622,-0.25390358692455095,-0.0016573958752493924,0.25,0.25,False,0.25,114.05999755859375,2025-03-03,114.05999755859375,Trailing_Stop,-0.009204527693310963,35,0.0,-0.08693564496906403,-0.021733911242266007,0.0,0.0,-0.021733911242266007,10.081141324072012,-0.20794577351644175
2025-03-04,115.95828247070312,115.98999786376953,119.30999755859375,110.11000061035156,110.6500015258789,398163300,NVDA,39331000000.0,22091000000.0,0.89,28723000000.0,24034000000.0,25821000000.0,0.0,0.0,0.0,15552000000.0,16629000000.0,2025-03-12,15.0,0.5,10.0,56.16689125626097,32.58146007409256,23.510000228881836,-0.011836911709231068,-0.0007774188062780185,0.01692092185241645,2.281821976662612,40.0,6956.7257980380655,95.0,22.22776134859889,22.22776134859889,False,34.0925505335877,32.94222334722249,31.21036873052624,34.674077963918734,0.7807764064044151,29.092550533587698,4.999999999999999,48.423149756066984,0.44114190914003737,0.25222955153301774,0.3066285393269449,-0.28350000381469725,-0.1306046034157612,18.443804249614445,False,False,17.52902875509,17.52201644389315,0.42085889917110386,3.787933511293966,3.192701630657041,2.3760932748945893,0.2639961860519558,0.3132143606523624,0.7997167603803703,0.28181530311000813,0.007012311196850476,0.25,0.25,False,0.25,114.05999755859375,2025-03-03,115.98999786376953,,0.0,0,0.0,0.01692092185241645,0.004230230463104112,0.0,0.0,0.004230230463104112,10.12378687520396,-0.2045952015991406
2025-03-05,117.2679214477539,117.30000305175781,118.27999877929688,114.51000213623047,117.58000183105469,284337900,NVDA,39331000000.0,22091000000.0,0.89,28723000000.0,24034000000.0,25821000000.0,0.0,0.0,0.0,15552000000.0,16629000000.0,2025-03-12,15.0,0.5,10.0,56.16689125626097,32.94943905948253,21.93000030517578,0.010747863198125485,0.014050376769879858,0.01129412201151081,2.268349554558412,40.0,6878.597391363957,95.0,22.76845655670951,22.76845655670951,False,34.98075268659681,33.73804115319581,32.00618653649956,35.469895769892055,0.7807764064044153,29.980752686596812,4.999999999999999,48.588942337951025,0.44114190914003737,0.25222955153301774,0.3066285393269449,-0.28350000381469725,-0.1306046034157612,18.443804249614445,False,False,18.616197525274377,18.615333834329007,0.42085889917110386,3.787933511293966,3.192701630657041,2.3760932748945893,0.2639961860519558,0.3132143606523624,0.8882021530091109,0.08848539262874056,0.0008636909453687736,0.25,0.25,False,0.25,114.05999755859375,2025-03-03,117.30000305175781,,0.0,0,0.0,0.01129412201151081,0.0028235305028777025,0.0,0.0,0.0028235305028777025,10.15237169625073,-0.20234935188872055
2025-03-06,110.53976440429688,110.56999969482422,115.3499984741211,110.22000122070312,113.52999877929688,321181900,NVDA,39331000000.0,22091000000.0,0.89,28723000000.0,24034000000.0,25821000000.0,0.0,0.0,0.0,15552000000.0,16629000000.0,2025-03-12,15.0,0.5,10.0,56.16689125626097,31.05898867832141,24.8700008392334,-0.017751133038238276,-0.0277565056279222,-0.05737428117511667,2.2609514268852755,40.0,6815.937414574004,94.93116078984441,23.541744828042816,23.541744828042816,False,35.934032550353784,34.59533028897982,32.86347567228357,36.32718490567606,0.7807764064044151,30.934032550353784,4.999999999999999,48.80869130796317,0.44114190914003737,0.25222955153301774,0.3066285393269449,-0.28350000381469725,-0.1306046034157612,18.443804249614445,False,False,19.714051956527246,19.74940002538633,0.42085889917110386,3.787933511293966,3.192701630657041,2.3760932748945893,0.2639961860519558,0.3132143606523624,0.9532798637569755,0.06507771074786461,-0.03534806885908239,0.25,0.25,False,0.25,114.05999755859375,2025-03-03,117.30000305175781,,0.0,0,0.0,-0.05737428117511667,-0.014343570293779168,0.0,0.0,-0.014343570293779168,10.006750439176983,-0.21379051002978328
2025-03-07,112.65918731689453,112.69000244140625,113.4800033569336,107.55999755859375,111.25,341755500,NVDA,39331000000.0,22091000000.0,0.89,28723000000.0,24034000000.0,25821000000.0,0.0,0.0,0.0,15552000000.0,16629000000.0,2025-03-12,15.0,0.5,10.0,56.16689125626097,31.654495067810743,23.3700008392334,0.005604862520902865,0.014483312337328247,0.019173399226130927,2.255817283530718,40.0,6749.451585700576,92.80890345999448,24.39820016168866,24.39820016168866,False,36.19105887223886,35.21828390339672,33.48642928670047,36.95013852009296,0.7807764064044153,31.191058872238862,4.999999999999999,48.53600894137206,0.44114190914003737,0.25222955153301774,0.3066285393269449,-0.28350000381469725,-0.1306046034157612,18.443804249614445,False,False,20.340686743466243,20.324685276076586,0.42085889917110386,3.787933511293966,3.192701630657041,2.3760932748945893,0.2639961860519558,0.3132143606523624,0.25702632188507835,-0.6962535418718971,0.016001467389655206,0.25,0.25,False,0.25,114.05999755859375,2025-03-03,117.30000305175781,,0.0,0,0.0,0.019173399226130927,0.004793349806532732,0.0,0.0,0.004793349806532732,10.054716294458633,-0.2100219329231404
2025-03-10,106.95075225830078,106.9800033569336,111.8499984741211,105.45999908447266,109.9000015258789,366487400,NVDA,39331000000.0,22091000000.0,0.89,28723000000.0,24034000000.0,25821000000.0,0.0,0.0,0.0,15552000000.0,16629000000.0,2025-03-12,15.0,0.5,10.0,56.16689125626097,30.050562740711683,27.860000610351562,-0.02663558528182819,-0.04250935101828013,-0.05066997036797116,2.139171833056437,40.0,6746.347520753864,90.93330550965953,25.3146066770842,25.3146066770842,False,36.55361324040911,35.73958072395618,34.007726107259934,37.47143534065243,0.7807764064044151,31.553613240409113,4.999999999999999,48.34392410274826,0.44114190914003737,0.25222955153301774,0.3066285393269449,-0.28350000381469725,-0.1306046034157612,18.443804249614445,False,False,20.940019388168906,20.96033167512287,0.42085889917110386,3.787933511293966,3.192701630657041,2.3760932748945893,0.2639961860519558,0.3132143606523624,0.362554368170251,0.10552804628517265,-0.020312286953964077,0.25,0.25,False,0.25,114.05999755859375,2025-03-03,117.30000305175781,,0.0,0,0.0,-0.05066997036797116,-0.01266749259199279,0.0,0.0,-0.01266749259199279,9.92734825028399,-0.22002897423567325
2025-03-11,108.73026275634766,108.76000213623047,112.23999786376953,104.7699966430664,106.98999786376953,354865700,NVDA,39331000000.0,22091000000.0,0.89,28723000000.0,24034000000.0,25821000000.0,0.0,0.0,0.0,15552000000.0,16629000000.0,2025-03-12,15.0,0.5,10.0,56.16689125626097,30.550562397817547,26.920000076293945,-0.008312879584754462,-0.004062155811305201,0.01663861210919948,2.137221476160153,40.0,6686.929302138827,87.86986678397147,26.238829302131673,26.238829302131673,False,36.48443893386942,36.03036458216462,34.29850996546838,37.76221919886087,0.7807764064044153,31.48443893386942,4.999999999999999,47.854627360350314,0.44114190914003737,0.25222955153301774,0.3066285393269449,-0.28350000381469725,-0.1306046034157612,18.443804249614445,False,False,21.248400036630773,21.22585481238197,0.42085889917110386,3.787933511293966,3.192701630657041,2.3760932748945893,0.2639961860519558,0.3132143606523624,-0.06917430653969348,-0.43172867470994447,0.02254522424880065,0.25,0.25,False,0.25,114.05999755859375,2025-03-03,117.30000305175781,,0.0,0,0.0,0.01663861210919948,0.00415965302729987,0.0,0.0,0.00415965302729987,9.968642574486342,-0.21678456539714658
2025-03-12,115.71900177001953,115.73999786376953,116.76000213623047,112.87999725341797,114.12000274658203,323857500,NVDA,39331000000.0,22091000000.0,0.89,28723000000.0,24034000000.0,25821000000.0,0.0,0.0,0.0,15552000000.0,16629000000.0,2025-03-12,15.0,0.5,10.0,56.16689125626097,32.51123535499144,24.229999542236328,0.005306541044969082,0.01573895813512416,0.06417796607613213,2.170615921899477,40.0,6736.229546710919,86.5448413445356,26.861958397251396,26.861958397251396,False,36.907510959697895,36.37279218043516,34.640937563738916,38.10464679713141,0.7807764064044151,31.907510959697895,4.999999999999999,47.71148595224024,0.44114190914003737,0.25222955153301774,0.3066285393269449,-0.28350000381469725,-0.1306046034157612,18.443804249614445,False,False,21.884293908950507,21.877215077540207,0.42085889917110386,3.787933511293966,3.192701630657041,2.3760932748945893,0.2639961860519558,0.3132143606523624,0.4230720258284748,0.4922463323681683,0.007078831410299245,0.25,0.25,False,0.25,114.05999755859375,2025-03-03,117.30000305175781,,0.0,0,0.0,0.06417796607613213,0.016044491519033033,0.0,0.0,0.016044491519033033,10.128584375728959,-0.20421827199908538
2025-03-13,115.55902862548828,115.58000183105469,117.76000213623047,113.79000091552734,117.02999877929688,299033100,NVDA,39331000000.0,22091000000.0,0.89,28723000000.0,24034000000.0,25821000000.0,0.0,0.0,0.0,15552000000.0,16629000000.0,2025-03-12,15.0,0.5,10.0,56.16689125626097,32.466292649172665,24.65999984741211,-0.01333049237232553,-0.018990878461664917,-0.0013823745953681632,2.1302468048832948,40.0,6665.6132548974265,83.12269959901249,27.682649312734195,27.682649312734195,False,36.64029632913752,36.477222644396214,34.74536802769997,38.20907726109246,0.7807764064044153,31.64029632913752,4.999999999999999,47.09996793113791,0.44114190914003737,0.25222955153301774,0.3066285393269449,-0.28350000381469725,-0.1306046034157612,18.443804249614445,False,False,21.945497525809863,21.940291308950034,0.42085889917110386,3.787933511293966,3.192701630657041,2.3760932748945893,0.2639961860519558,0.3132143606523624,-0.26721463056037464,-0.6902866563888495,0.005206216859829169,0.25,0.25,False,0.25,114.05999755859375,2025-03-03,117.30000305175781,,0.0,0,0.0,-0.0013823745953681632,-0.0003455936488420408,0.0,0.0,-0.0003455936488420408,10.125084001296946,-0.20449328911014708
2025-03-14,121.64791870117188,121.66999816894531,121.87999725341797,118.1500015258789,118.61000061035156,277593500,NVDA,39331000000.0,22091000000.0,0.89,28723000000.0,24034000000.0,25821000000.0,0.0,0.0,0.0,15552000000.0,16629000000.0,2025-03-12,15.0,0.5,10.0,56.16689125626097,34.176965777793626,21.770000457763672,0.020655788693630495,0.03024173489621651,0.052690744431657555,2.1156052856489667,40.0,6796.361364230742,83.90141327911037,28.507813027858262,28.507813027858262,False,37.935734297113285,37.046608387849915,35.31475377115367,38.77846300454616,0.7807764064044151,32.935734297113285,4.999999999999999,47.54940127811572,0.44114190914003737,0.25222955153301774,0.3066285393269449,-0.28350000381469725,-0.1306046034157612,18.443804249614445,False,False,22.67267415879339,22.728374442143142,0.42085889917110386,4.020835705587436,3.192701630657041,2.3760932748945893,0.24870451647909397,0.3132143606523624,1.295437967975765,1.518727130426143,-0.05570028334975177,0.25,0.25,False,0.25,114.05999755859375,2025-03-03,121.66999816894531,,0.0,0,0.0,0.052690744431657555,0.013172686107914389,0.0,0.0,0.013172686107914389,10.258458554662298,-0.19401432891085557
2025-03-17,119.50830841064453,119.52999877929688,122.88999938964844,118.02999877929688,122.73999786376953,255501500,NVDA,39331000000.0,22091000000.0,0.89,28723000000.0,24034000000.0,25821000000.0,0.0,0.0,0.0,15552000000.0,16629000000.0,2025-03-12,15.0,0.5,10.0,56.16689125626097,33.57584235373508,20.510000228881836,0.007711353519474162,0.006964523779432463,-0.01758855446580132,2.1256853968454523,40.0,6711.410993948574,81.5285598802751,29.4478014330919,29.4478014330919,False,38.07019030495364,37.44620269329831,35.714348076602064,39.17805730999456,0.7807764064044153,33.07019030495364,4.999999999999999,47.23912480115495,0.44114190914003737,0.25222955153301774,0.3066285393269449,-0.28350000381469725,-0.1306046034157612,18.443804249614445,False,False,21.964813300328103,21.95637105662529,0.42085889917110386,4.69664295668839,3.192701630657041,2.3760932748945893,0.21291803724954678,0.3132143606523624,0.13445600784035605,-1.160981960135409,0.008442243702813813,0.25,0.25,False,0.25,114.05999755859375,2025-03-03,121.66999816894531,,0.0,0,0.0,-0.01758855446580132,-0.00439713861645033,0.0,0.0,-0.00439713861645033,10.213350690406337,-0.19755835962950727
2025-03-18,115.40904998779297,115.43000030517578,119.0199966430664,114.54000091552734,118.0,299686900,NVDA,39331000000.0,22091000000.0,0.89,28723000000.0,24034000000.0,25821000000.0,0.0,0.0,0.0,15552000000.0,16629000000.0,2025-03-12,15.0,0.5,10.0,56.16689125626097,32.42415738909432,21.700000762939453,-0.010808436249554187,-0.015225358078311824,-0.03430099988281132,2.1289093642064505,40.0,6649.592145343142,76.92855312681819,30.26313484592698,30.26313484592698,False,37.27292327739417,37.37855645347157,35.64670183677532,39.110411070167814,0.7807764064044151,32.27292327739417,4.999999999999999,46.32887165412374,0.44114190914003737,0.25222955153301774,0.3066285393269449,-0.28350000381469725,-0.1306046034157612,18.443804249614445,False,False,20.878154557144967,20.91269285112176,0.42085889917110386,5.730322721003334,3.192701630657041,2.3760932748945893,0.17451024116577296,0.3132143606523624,-0.7972670275594709,-0.9317230353998269,-0.03453829397679556,0.25,0.25,False,0.25,114.05999755859375,2025-03-03,121.66999816894531,,0.0,0,0.0,-0.03430099988281132,-0.00857524997070283,0.0,0.0,-0.00857524997070283,10.125768655197652,-0.2044394972825851
2025-03-19,117.49866485595703,117.5199966430664,120.44999694824219,115.68000030517578,117.2699966430664,273426200,NVDA,39331000000.0,22091000000.0,0.89,28723000000.0,24034000000.0,25821000000.0,0.0,0.0,0.0,15552000000.0,16629000000.0,2025-03-12,15.0,0.5,10.0,56.16689125626097,33.0112350120973,19.899999618530273,0.010890850841058342,0.013009709380296774,0.018106179783115905,2.2205409423500773,40.0,6563.739887377403,69.05088407249123,31.233277404528668,31.233277404528668,False,35.344421519409934,36.5844541714924,34.85259955479616,38.31630878818865,0.7807764064044153,30.344421519409938,4.999999999999999,44.63936411710826,0.44114190914003737,0.25222955153301774,0.3066285393269449,-0.28350000381469725,-0.1306046034157612,18.443804249614445,False,False,20.218971866128857,20.179592159539403,0.42085889917110386,7.487720678120561,3.33664572082212,2.3760932748945893,0.1335519903836748,0.299702181073515,-1.928501757984236,-1.1312347304247652,0.039379706589453466,0.25,0.25,False,0.25,114.05999755859375,2025-03-03,121.66999816894531,,0.0,0,0.0,0.018106179783115905,0.004526544945778976,0.0,0.0,0.004526544945778976,10.171603402125964,-0.2008383569099482
2025-03-20,118.50848388671875,118.52999877929688,120.19999694824219,116.47000122070312,116.55000305175781,248829700,NVDA,39331000000.0,22091000000.0,0.89,28723000000.0,24034000000.0,25821000000.0,0.0,0.0,0.0,15552000000.0,16629000000.0,2025-03-12,15.0,0.5,10.0,56.16689125626097,33.294943477330584,19.799999237060547,-0.0028917790177164227,-0.007119253423411576,0.008594300247455555,2.211273439424292,40.0,6497.145140734281,59.49408735646526,32.19230928827819,32.19230928827819,False,32.97100166674848,35.17380494080891,33.44195032411266,36.90565955750515,0.7807764064044151,27.97100166674848,4.999999999999999,42.52292411301489,0.44114190914003737,0.25222955153301774,0.3066285393269449,-0.28350000381469725,-0.1306046034157612,18.443804249614445,False,False,20.08877508160062,20.143998014111727,0.42085889917110386,9.998370215753777,3.5979211101198594,2.3760932748945893,0.1000163004990919,0.2779382786318754,-2.3734198526614563,-0.4449180946772202,-0.05522293251110796,0.25,0.25,False,0.25,114.05999755859375,2025-03-03,121.66999816894531,,0.0,0,0.0,0.008594300247455555,0.002148575061863889,0.0,0.0,0.002148575061863889,10.193457855534943,-0.19912129813320664
2025-03-21,117.67863464355469,117.69999694824219,117.98999786376953,115.41999816894531,116.94000244140625,266498500,NVDA,39331000000.0,22091000000.0,0.89,28723000000.0,24034000000.0,25821000000.0,0.0,0.0,0.0,15552000000.0,16629000000.0,2025-03-12,15.0,0.5,10.0,56.16689125626097,33.06179689557365,19.280000686645508,-0.0026702678945725866,0.002718163922496908,-0.0070024621581255,2.2117538283528457,40.0,6427.812743861636,48.94858017981351,33.1124053935642,33.1124053935642,False,30.525958923772162,33.3593406854574,31.62748606876115,35.09119530215364,0.7807764064044153,25.525958923772162,4.999999999999999,40.14516329196406,0.44114190914003737,0.25222955153301774,0.3066285393269449,-0.28350000381469725,-0.1306046034157612,18.443804249614445,False,False,20.639145547625287,20.517647377191196,0.42085889917110386,13.137118959467811,3.858752881615013,2.3760932748945893,0.07612019066625779,0.25915108603209325,-2.445042742976316,-0.07162289031485969,0.12149817043409143,0.25,0.25,False,0.25,114.05999755859375,2025-03-03,121.66999816894531,,0.0,0,0.0,-0.0070024621581255,-0.001750615539531375,0.0,0.0,-0.001750615539531375,10.175613029811485,-0.20052332883397436
2025-03-24,121.38796997070312,121.41000366210938,122.22000122070312,119.33999633789062,119.87999725341797,228452500,NVDA,39331000000.0,22091000000.0,0.89,28723000000.0,24034000000.0,25821000000.0,0.0,0.0,0.0,15552000000.0,16629000000.0,2025-03-12,15.0,0.5,10.0,56.16689125626097,34.10393361295207,17.479999542236328,0.017908502022889516,0.017152729733521,0.03152087349244903,2.192959847106397,40.0,6406.253575351856,40.32537747398876,33.86321331974632,33.86321331974632,False,28.869012470162364,31.606369521700195,29.87451490500395,33.33822413839644,0.7807764064044151,23.869012470162364,4.999999999999999,38.2003558784159,0.44114190914003737,0.25222955153301774,0.3066285393269449,-0.28350000381469725,-0.1306046034157612,18.443804249614445,False,False,21.145657866362775,21.238536423173606,0.42085889917110386,16.404866467385915,4.099007149281031,2.3760932748945893,0.060957521476207914,0.24396151643097297,-1.6569464536097982,0.7880962893665178,-0.09287855681083272,0.25,0.25,False,0.25,114.05999755859375,2025-03-03,121.66999816894531,,0.0,0,0.0,0.03152087349244903,0.007880218373112258,0.0,0.0,0.007880218373112258,10.255799082566686,-0.19422327808097728
2025-03-25,120.66809844970703,120.69000244140625,121.29000091552734,118.91999816894531,120.55000305175781,167447200,NVDA,39331000000.0,22091000000.0,0.89,28723000000.0,24034000000.0,25821000000.0,0.0,0.0,0.0,15552000000.0,16629000000.0,2025-03-12,15.0,0.5,10.0,56.16689125626097,33.9016860790467,17.149999618530273,0.0024038545877420603,0.003308372947429028,-0.005930328630142645,2.2032252288864966,40.0,6338.240060165801,31.70104441960039,34.586730435256676,34.586730435256676,False,27.38978956542795,29.96026644891263,28.228411832216384,31.692121065608877,0.7807764064044153,22.38978956542795,4.999999999999999,36.246895216143116,0.44114190914003737,0.25222955153301774,0.3066285393269449,-0.28350000381469725,-0.1306046034157612,18.443804249614445,False,False,21.971194732197166,22.045732575029152,0.42085889917110386,19.747492254104504,4.336138851673265,2.3760932748945893,0.05063934129621702,0.23061992113423943,-1.4792229047344136,0.17772354887538455,-0.07453784283198615,0.25,0.25,False,0.25,114.05999755859375,2025-03-03,121.66999816894531,,0.0,0,0.0,-0.005930328630142645,-0.0014825821575356612,0.0,0.0,-0.0014825821575356612,10.240594017835601,-0.19541790827185201
2025-03-26,113.7393569946289,113.76000213623047,118.83999633789062,112.70999908447266,118.7300033569336,293463300,NVDA,39331000000.0,22091000000.0,0.89,28723000000.0,24034000000.0,25821000000.0,0.0,0.0,0.0,15552000000.0,16629000000.0,2025-03-12,15.0,0.5,10.0,56.16689125626097,31.955056779840017,18.329999923706055,-0.011938266525687413,-0.022303687839915987,-0.057419837310387245,2.2160181629244087,40.0,6364.626740268363,26.105602973081073,35.262438809401004,35.262438809401004,False,26.780204828971897,28.718807907031668,26.98695329033542,30.450662523727914,0.7807764064044151,21.780204828971897,4.999999999999999,35.04275100123316,0.44114190914003737,0.25222955153301774,0.3066285393269449,-0.28350000381469725,-0.1306046034157612,18.443804249614445,False,False,22.923942087514973,23.014440865948956,0.42085889917110386,22.75548040525392,4.570636802156,2.3760932748945893,0.043945457630027183,0.21878789396004805,-0.6095847364560534,0.8696381682783603,-0.09049877843398121,0.25,0.25,False,0.25,114.05999755859375,2025-03-03,121.66999816894531,,0.0,0,0.0,-0.057419837310387245,-0.014354959327596811,0.0,0.0,-0.014354959327596811,10.09359070721914,-0.20696765147432228
2025-03-27,111.40977478027344,111.43000030517578,114.44999694824219,110.66000366210938,111.3499984741211,236902100,NVDA,39331000000.0,22091000000.0,0.89,28723000000.0,24034000000.0,25821000000.0,0.0,0.0,0.0,15552000000.0,16629000000.0,2025-03-12,15.0,0.5,10.0,56.16689125626097,31.30056188347634,18.690000534057617,-0.0026557092004866334,-0.009228036631673042,-0.020481731604263254,2.2215476449094864,40.0,6378.8763552099135,22.1681557687767,36.20571408981217,36.20571408981217,False,26.655327104192917,27.9132493440692,26.181394727372954,29.645103960765447,0.7807764064044153,21.655327104192917,4.999999999999999,34.33884558012222,0.44114190914003737,0.25222955153301774,0.3066285393269449,-0.28350000381469725,-0.1306046034157612,18.443804249614445,False,False,24.010246986875657,24.045840434449836,0.42085889917110386,25.315937840598785,4.755249624815394,2.3760932748945893,0.03950080800073364,0.21029390229725772,-0.12487772477897963,0.48470701167707375,-0.035593447574177615,0.25,0.25,False,0.25,114.05999755859375,2025-03-03,121.66999816894531,,0.0,0,0.0,-0.020481731604263254,-0.005120432901065813,0.0,0.0,-0.005120432901065813,10.041907153272003,-0.2110283204033227
2025-03-28,109.65009307861328,109.66999816894531,112.87000274658203,109.06999969482422,111.48999786376953,229872500,NVDA,39331000000.0,22091000000.0,0.89,28723000000.0,24034000000.0,25821000000.0,0.0,0.0,0.0,15552000000.0,16629000000.0,2025-03-12,15.0,0.5,10.0,56.16689125626097,30.806179260939693,21.649999618530273,-0.020138328985595644,-0.02425412395279336,-0.015794688426907566,2.1929375207435986,40.0,6379.165213796273,18.885004749892456,37.28143324736229,37.28143324736229,False,26.68456108504907,27.433583942334682,25.701729325638436,29.165438559030928,0.7807764064044151,21.68456108504907,4.999999999999999,33.84058406501948,0.44114190914003737,0.25222955153301774,0.3066285393269449,-0.28350000381469725,-0.1306046034157612,18.443804249614445,False,False,25.07083772693786,25.07656755816305,0.42085889917110386,27.438076503886446,4.927722961328141,2.3760932748945893,0.03644570346825718,0.20293348628723962,0.029233980856151476,0.1541117056351311,-0.005729831225188775,0.25,0.25,False,0.25,114.05999755859375,2025-03-03,121.66999816894531,,0.0,0,0.0,-0.015794688426907566,-0.0039486721067268915,0.0,0.0,-0.0039486721067268915,10.002254954597538,-0.2141437108675435
2025-03-31,108.3603286743164,108.37999725341797,110.95999908447266,103.6500015258789,105.12999725341797,299212700,NVDA,39331000000.0,22091000000.0,0.89,28723000000.0,24034000000.0,25821000000.0,0.0,0.0,0.0,15552000000.0,16629000000.0,2025-03-12,15.0,0.5,10.0,56.16689125626097,30.443819453207293,22.280000686645508,0.0067128130226792315,0.00048449870317290866,-0.011762568952906505,2.1885301315260306,40.0,6335.823317797106,15.16690025034208,38.294041260568704,38.294041260568704,False,26.523754959988864,27.078397440695404,25.346542823999158,28.81025205739165,0.7807764064044153,21.523754959988864,4.999999999999999,33.21326275054523,0.44114190914003737,0.25222955153301774,0.3066285393269449,-0.28350000381469725,-0.1306046034157612,18.443804249614445,False,False,26.00405570269009,25.941007999540766,0.42085889917110386,29.20835265056546,5.024546975443192,2.3760932748945893,0.034236781922058875,0.19902291786450949,-0.16080612506020486,-0.19004010591635634,0.06304770314932143,0.25,0.25,False,0.25,114.05999755859375,2025-03-03,121.66999816894531,,0.0,0,0.0,-0.011762568952906505,-0.002940642238226626,0.0,0.0,-0.002940642238226626,9.972841901200537,-0.21645463306454238
2025-04-01,110.13001251220703,110.1500015258789,110.19999694824219,106.47000122070312,108.5199966430664,222614000,NVDA,39331000000.0,22091000000.0,0.89,28723000000.0,24034000000.0,25821000000.0,0.0,0.0,0.0,15552000000.0,16629000000.0,2025-03-12,15.0,0.5,10.0,56.16689125626097,30.941011664572727,21.770000457763672,0.0028244266313557365,0.0073131044017336055,0.016331466297440977,2.1893568668090024,40.0,6277.3775469322,11.449368969496694,39.3571776926386,39.3571776926386,False,26.31060341484797,26.778659710515434,25.046805093819188,28.51051432721168,0.7807764064044151,21.31060341484797,4.999999999999999,32.60157947403849,0.44114190914003737,0.25222955153301774,0.3066285393269449,-0.28350000381469725,-0.1306046034157612,18.443804249614445,False,False,26.76128630275011,26.74706841884008,0.42085889917110386,30.63497396896846,5.095814517391556,2.3760932748945893,0.032642430217598516,0.19623948175254222,-0.2131515451408923,-0.05234542008068743,0.014217883910030765,0.25,0.25,False,0.25,114.05999755859375,2025-03-03,121.66999816894531,,0.0,0,0.0,0.016331466297440977,0.004082866574360244,0.0,0.0,0.004082866574360244,10.013559684050328,-0.21325552187638677
2025-04-02,110.39995574951172,110.41999816894531,111.9800033569336,106.79000091552734,107.29000091552734,220601200,NVDA,39331000000.0,22091000000.0,0.89,28723000000.0,24034000000.0,25821000000.0,0.0,0.0,0.0,15552000000.0,16629000000.0,2025-03-12,15.0,0.5,10.0,56.16689125626097,31.016853418243066,21.510000228881836,0.006328411525621025,0.007404169649793291,0.002451172395153911,2.1728125277689605,40.0,6217.914657715293,8.294488930949354,40.82652950475451,40.82652950475451,False,26.279813995024707,26.58391622796989,24.852061611273644,28.315770844666137,0.7807764064044153,21.279813995024707,4.999999999999999,32.25637069668173,0.44114190914003737,0.25222955153301774,0.3066285393269449,-0.28350000381469725,-0.1306046034157612,18.443804249614445,False,False,27.751163416632362,27.681592363170093,0.42085889917110386,31.664625310937346,5.192872658496824,2.3760932748945893,0.03158098320066298,0.19257163919930767,-0.030789419823264552,0.18236212531762774,0.06957105346226883,0.25,0.25,False,0.25,114.05999755859375,2025-03-03,121.66999816894531,,0.0,0,0.0,0.002451172395153911,0.0006127930987884778,0.0,0.0,0.0006127930987884778,10.01969592431902,-0.21277341028968275
2025-04-03,101.78153228759766,101.80000305175781,105.62999725341797,101.5999984741211,103.51000213623047,338769400,NVDA,39331000000.0,22091000000.0,0.89,28723000000.0,24034000000.0,25821000000.0,0.0,0.0,0.0,15552000000.0,16629000000.0,2025-03-12,15.0,0.5,10.0,56.16689125626097,28.59550647521287,30.020000457763672,-0.04928081620084812,-0.06824799854468744,-0.07806552490608354,1.9520888872338094,40.0,6265.309135523203,6.381348589631958,42.773883775278485,42.773883775278485,False,26.617340505558747,26.596964671641135,24.86511005494489,28.32881928833738,0.7807764064044151,21.617340505558747,4.999999999999999,32.37093456189437,0.44114190914003737,0.25222955153301774,0.3066285393269449,-0.28350000381469725,-0.1306046034157612,18.443804249614445,False,False,28.88244787737941,28.843671316445242,0.42085889917110386,32.195618551615304,5.3755041150081375,2.3760932748945893,0.03106012696717791,0.18602906417800893,0.33752651053404037,0.3683159303573049,0.0387765609341659,0.25,0.25,False,0.25,101.80000305175781,2025-04-03,101.80000305175781,Trailing_Stop,-0.02687181038325434,31,0.0,-0.07806552490608354,-0.019516381226520885,0.0,0.0,-0.019516381226520885,9.824147718886193,-0.22813722452612317
2025-04-04,94.29288482666016,94.30999755859375,100.12999725341797,92.11000061035156,98.91000366210938,532273800,NVDA,39331000000.0,22091000000.0,0.89,28723000000.0,24034000000.0,25821000000.0,0.0,0.0,0.0,15552000000.0,16629000000.0,2025-03-12,15.0,0.5,10.0,56.16689125626097,26.491572347919593,45.310001373291016,-0.058542971330535654,-0.06587102848836224,-0.07357569026158028,1.8002418057847733,40.0,6458.007834794919,8.01952088702832,44.604863810110395,44.604863810110395,False,27.840859747147675,27.082566635140207,25.35071201844396,28.814421251836453,0.7807764064044153,22.840859747147675,4.999999999999999,33.34556075941777,0.44114190914003737,0.25222955153301774,0.3066285393269449,-0.28350000381469725,-0.1306046034157612,18.443804249614445,False,False,30.143829802482713,30.131500866031903,0.42085889917110386,32.13269829536924,5.628934197290377,2.3760932748945893,0.031120946980792884,0.17765352461952283,1.223519241588928,0.8859927310548876,0.012328936450810488,0.25,0.25,False,0.25,101.80000305175781,2025-04-03,101.80000305175781,,0.0,0,0.0,-0.07357569026158028,-0.01839392256539507,0.0,0.0,-0.01839392256539507,9.643443106473997,-0.24233480864930065
2025-04-07,97.62227630615234,97.63999938964844,101.75,86.62000274658203,87.45999908447266,611041300,NVDA,39331000000.0,22091000000.0,0.89,28723000000.0,24034000000.0,25821000000.0,0.0,0.0,0.0,15552000000.0,16629000000.0,2025-03-12,15.0,0.5,10.0,56.16689125626097,27.426966120687762,46.97999954223633,-0.0017811785518102585,0.00597692397797811,0.03530910738265902,1.8095474705466432,40.0,6345.553642880093,6.534480811030321,45.640464324880185,45.640464324880185,False,27.597544222604647,27.283607810199857,25.55175319350361,29.015462426896104,0.7807764064044151,22.597544222604647,4.999999999999999,33.28853444021033,0.44114190914003737,0.25222955153301774,0.3066285393269449,-0.28350000381469725,-0.1306046034157612,18.443804249614445,False,False,30.75811631116049,30.773319519633798,0.42085889917110386,31.71486120762422,5.866036188114061,2.3760932748945893,0.03153095936486713,0.17047286582142643,-0.24331552454302852,-1.4668347661319565,-0.015203208473308508,0.25,0.25,False,0.25,101.80000305175781,2025-04-03,101.80000305175781,,0.0,0,0.0,0.03530910738265902,0.008827276845664755,0.0,0.0,0.008827276845664755,9.72856844852026,-0.23564668824892449
2025-04-08,96.28252410888672,96.30000305175781,105.8499984741211,94.45999908447266,103.80999755859375,476243400,NVDA,39331000000.0,22091000000.0,0.89,28723000000.0,24034000000.0,25821000000.0,0.0,0.0,0.0,15552000000.0,16629000000.0,2025-03-12,15.0,0.5,10.0,56.16689125626097,27.05056265498815,52.33000183105469,-0.0156627816725603,-0.020331466531262166,-0.013723846233787307,1.8009119252742585,40.0,6280.052852110367,5.0,46.647277795937626,46.647277795937626,False,27.00400216548607,27.174453064954847,25.4425984482586,28.906307681651093,0.7807764064044153,22.00400216548607,4.999999999999999,33.21021077741317,0.44114190914003737,0.25222955153301774,0.3066285393269449,-0.28350000381469725,-0.1306046034157612,18.443804249614445,False,False,31.22749648560042,31.231684119206875,0.42085889917110386,31.035693504257804,6.085509213035636,2.3760932748945893,0.03222096518844696,0.16432478614245163,-0.5935420571185759,-0.35022653257554737,-0.004187633606454994,0.25,0.25,False,0.25,101.80000305175781,2025-04-03,101.80000305175781,,0.0,0,0.0,-0.013723846233787307,-0.0034309615584468267,0.0,0.0,-0.0034309615584468267,9.695190104154669,-0.2382691550786139
2025-04-09,114.30924987792969,114.33000183105469,115.0999984741211,97.52999877929688,98.88999938964844,612918300,NVDA,39331000000.0,22091000000.0,0.89,28723000000.0,24034000000.0,25821000000.0,0.0,0.0,0.0,15552000000.0,16629000000.0,2025-03-12,15.0,0.5,10.0,56.16689125626097,32.115169053667046,33.619998931884766,0.10501930183911301,0.13425697132599002,0.18722739572091607,1.622779486381862,40.0,7057.168089527842,35.619232228098355,44.18418045019284,44.18418045019284,False,41.41912376183126,32.735404463515565,31.00354984681932,34.46725908021181,0.7807764064044151,36.41912376183126,4.999999999999999,40.17803004924594,0.44114190914003737,0.25222955153301774,0.3066285393269449,-0.28350000381469725,-0.1306046034157612,18.443804249614445,False,False,33.01915615481337,33.004567184787966,0.42085889917110386,28.992700104886275,5.988519317339033,2.3760932748945893,0.03449144082414957,0.16698618590151676,14.415121596345188,1.518727130426143,0.01458897002541022,0.25,0.25,False,0.25,101.80000305175781,2025-04-03,114.33000183105469,,0.0,0,0.0,0.18722739572091607,0.04680684893022902,0.0,0.0,0.04680684893022902,10.148991402709687,-0.202614934494883
2025-04-10,107.55047607421875,107.56999969482422,110.86000061035156,99.1500015258789,109.37000274658203,437812400,NVDA,39331000000.0,22091000000.0,0.89,28723000000.0,24034000000.0,25821000000.0,0.0,0.0,0.0,15552000000.0,16629000000.0,2025-03-12,15.0,0.5,10.0,56.16689125626097,30.216292049107928,40.720001220703125,-0.04381899719533322,-0.04655158179511054,-0.05912710599112658,1.6095109217145396,40.0,6829.678990285653,48.7158661735856,44.18124708493888,44.18124708493888,False,52.58728410034026,40.48534408512205,38.753489468425805,42.2171987018183,0.7807764064044153,47.58728410034026,4.999999999999999,43.480488702405154,0.44114190914003737,0.25222955153301774,0.3066285393269449,-0.28350000381469725,-0.1306046034157612,18.443804249614445,False,False,34.85336303865653,34.82389776422795,0.42085889917110386,27.064244450112326,5.829980464143121,2.3760932748945893,0.03694911941263705,0.17152716139452415,11.168160338509004,-1.518727130426143,0.029465274428584393,0.25,0.25,False,0.25,101.80000305175781,2025-04-03,114.33000183105469,,0.0,0,0.0,-0.05912710599112658,-0.014781776497781646,0.0,0.0,-0.014781776497781646,9.998971280116924,-0.21440170231584862
2025-04-11,110.90986633300781,110.93000030517578,111.55000305175781,107.4800033569336,108.5,313417300,NVDA,39331000000.0,22091000000.0,0.89,28723000000.0,24034000000.0,25821000000.0,0.0,0.0,0.0,15552000000.0,16629000000.0,2025-03-12,15.0,0.5,10.0,56.16689125626097,31.160112445274095,37.560001373291016,0.017842817199724692,0.020476468005921067,0.031235480337304722,1.6076597378722934,40.0,6860.6746420401805,58.81818423790875,44.36935141857828,44.36935141857828,False,62.80212030589218,49.19755025521425,47.46569563851801,50.9294048719105,0.7807764064044151,57.80212030589218,4.999999999999999,46.0862700142782,0.44114190914003737,0.25222955153301774,0.3066285393269449,-0.28350000381469725,-0.1306046034157612,18.443804249614445,False,False,36.675503060592675,36.60462364210829,0.42085889917110386,25.206592466233445,5.628719468861242,2.3760932748945893,0.03967216121495169,0.17766030187365373,10.214836205551919,-0.9533241329570856,0.07087941848439101,0.25,0.25,False,0.25,101.80000305175781,2025-04-03,114.33000183105469,,0.0,0,0.0,0.031235480337304722,0.0078088700843261805,0.0,0.0,0.0078088700843261805,10.077051947820266,-0.2082670672707653
2025-04-14,110.68990325927734,110.70999908447266,114.29000091552734,109.06999969482422,114.11000061035156,264705000,NVDA,39331000000.0,22091000000.0,0.89,28723000000.0,24034000000.0,25821000000.0,0.0,0.0,0.0,15552000000.0,16629000000.0,2025-03-12,15.0,0.5,10.0,56.16689125626097,31.09831434957097,30.889999389648438,0.009701450822369617,0.009125271000239632,-0.0019832436680599086,1.6021580104053794,40.0,6794.012501837805,59.92025366793232,44.53920535215702,44.53920535215702,False,64.66167193144769,55.234560930499335,53.50270631380309,56.96641554719558,0.7807764064044153,59.66167193144769,4.999999999999999,46.416326555923476,0.44114190914003737,0.25222955153301774,0.3066285393269449,-0.28350000381469725,-0.1306046034157612,18.443804249614445,False,False,37.18556548630232,37.30291226759288,0.42085889917110386,23.463022166928305,5.398196526924982,2.3760932748945893,0.042620255518895776,0.18524705334684025,1.859551625555504,-1.518727130426143,-0.11734678129055652,0.25,0.25,False,0.25,101.80000305175781,2025-04-03,114.33000183105469,,0.0,0,0.0,-0.0019832436680599086,-0.0004958109170149771,0.0,0.0,-0.0004958109170149771,10.072055635453209,-0.2086596171021728
2025-04-15,112.17963409423828,112.19999694824219,113.62000274658203,110.5,110.97000122070312,228966900,NVDA,39331000000.0,22091000000.0,0.89,28723000000.0,24034000000.0,25821000000.0,0.0,0.0,0.0,15552000000.0,16629000000.0,2025-03-12,15.0,0.5,10.0,56.16689125626097,31.51685307534893,30.1200008392334,-0.0028008788011967267,0.003647060922177925,0.013458566309197062,1.6011480299810874,40.0,6736.331546033331,54.05123136324869,44.75917823575389,44.75917823575389,False,59.89431187152022,57.05367272773427,55.32181811103803,58.78552734443052,0.7807764064044151,54.89431187152022,4.999999999999999,45.003435656064696,0.44114190914003737,0.25222955153301774,0.3066285393269449,-0.28350000381469725,-0.1306046034157612,18.443804249614445,False,False,36.93044114043728,36.95845926304332,0.42085889917110386,21.693274526269903,5.134203888156435,2.3760932748945893,0.04609723620973081,0.19477216366626904,-4.767360059927462,-1.518727130426143,-0.02801812260604379,0.25,0.25,False,0.25,101.80000305175781,2025-04-03,114.33000183105469,,0.0,0,0.0,0.013458566309197062,0.0033646415772992655,0.0,0.0,0.0033646415772992655,10.105944492613126,-0.2059970403480788
2025-04-16,104.47103881835938,104.48999786376953,106.79000091552734,100.44999694824219,104.55000305175781,397016900,NVDA,39331000000.0,22091000000.0,0.89,28723000000.0,24034000000.0,25821000000.0,0.0,0.0,0.0,15552000000.0,16629000000.0,2025-03-12,15.0,0.5,10.0,56.16689125626097,29.35112299544088,32.63999938964844,-0.02222803246337901,-0.03474536188334887,-0.06871657124936714,1.6091205787560021,40.0,6755.209221414987,50.92060171337565,44.99319517740007,44.99319517740007,False,57.440823219322226,57.20481171251414,55.4729570958179,58.93666632921039,0.7807764064044153,52.440823219322226,4.999999999999999,44.28555461645597,0.44114190914003737,0.25222955153301774,0.3066285393269449,-0.28350000381469725,-0.1306046034157612,18.443804249614445,False,False,37.04144698380203,36.91994881336794,0.42085889917110386,20.391497754773074,4.8548606366982305,2.3760932748945893,0.049040046593239,0.20597913613439903,-2.453488652197997,1.518727130426143,0.12149817043409143,0.25,0.25,False,0.25,101.80000305175781,2025-04-03,114.33000183105469,,0.0,0,0.0,-0.06871657124936714,-0.017179142812341786,0.0,0.0,-0.017179142812341786,9.932333028920926,-0.21963733058536125
2025-04-17,101.4715805053711,101.48999786376953,104.47000122070312,100.05000305175781,104.44999694824219,292517500,NVDA,39331000000.0,22091000000.0,0.89,28723000000.0,24034000000.0,25821000000.0,0.0,0.0,0.0,15552000000.0,16629000000.0,2025-03-12,15.0,0.5,10.0,56.16689125626097,28.508426366227397,29.649999618530273,0.001426777837987947,-0.005414898828981829,-0.02871088201103511,1.6060567224369977,40.0,6732.933749946205,45.3771272504901,46.024062383777064,46.024062383777064,False,53.59644198771067,55.79614673915887,54.064292122462625,57.52800135585512,0.7807764064044151,48.59644198771067,4.999999999999999,43.20341984447904,0.44114190914003737,0.25222955153301774,0.3066285393269449,-0.28350000381469725,-0.1306046034157612,18.443804249614445,False,False,36.900420194744164,37.02191836517826,0.42085889917110386,19.574904895433498,4.605326081742141,2.3760932748945893,0.05108581652589707,0.21713989025978195,-3.844381231611557,-1.3908925794135598,-0.12149817043409143,0.25,0.25,False,0.25,101.80000305175781,2025-04-03,114.33000183105469,,0.0,0,0.0,-0.02871088201103511,-0.007177720502758778,0.0,0.0,-0.007177720502758778,9.861041518499013,-0.22523855571720622
2025-04-21,96.89241790771484,96.91000366210938,99.44000244140625,95.04000091552734,98.7699966430664,288501100,NVDA,39331000000.0,22091000000.0,0.89,28723000000.0,24034000000.0,25821000000.0,0.0,0.0,0.0,15552000000.0,16629000000.0,2025-03-12,15.0,0.5,10.0,56.16689125626097,27.221911141041957,33.81999969482422,-0.023802680232045126,-0.025821817441556982,-0.0451275425959502,1.6083131747573043,40.0,6770.332613930999,44.69900736021685,47.007486498907674,47.007486498907674,False,54.33877146931042,55.2272046261714,53.49535000947515,56.959059242867646,0.7807764064044153,49.33877146931042,4.999999999999999,43.333923868631196,0.44114190914003737,0.25222955153301774,0.3066285393269449,-0.28350000381469725,-0.1306046034157612,18.443804249614445,False,False,37.94393353394205,38.02019946457862,0.42085889917110386,19.38188413472229,4.383582982371251,2.3760932748945893,0.051594571149484805,0.22812388952633927,0.7423294815997536,1.518727130426143,-0.07626593063656685,0.25,0.25,False,0.25,96.91000366210938,2025-04-21,96.91000366210938,Trailing_Stop,-0.01200883900554068,18,0.0,-0.0451275425959502,-0.01128188564898755,0.0,0.0,-0.01128188564898755,9.749790375707388,-0.23397932573684918
2025-04-22,98.87205505371094,98.88999938964844,99.80999755859375,97.27999877929688,98.77999877929688,241004800,NVDA,39331000000.0,22091000000.0,0.89,28723000000.0,24034000000.0,25821000000.0,0.0,0.0,0.0,15552000000.0,16629000000.0,2025-03-12,15.0,0.5,10.0,56.16689125626097,27.77808971619338,30.56999969482422,0.02601773758493775,0.024377271194512717,0.020431283177354986,1.5946465813436235,40.0,6692.9512205556075,35.167277665970865,47.307161247951264,47.307161247951264,False,46.061180183996285,51.64889681368314,49.91704219698689,53.380751430379384,0.7807764064044151,41.061180183996285,4.999999999999999,41.02162879308998,0.44114190914003737,0.25222955153301774,0.3066285393269449,-0.28350000381469725,-0.1306046034157612,18.443804249614445,False,False,36.74991033273252,36.87140850316661,0.42085889917110386,19.269959513133006,4.130781985182892,2.3760932748945893,0.051894244994052666,0.24208491360400966,-8.277591285314138,-1.518727130426143,-0.12149817043409143,0.25,0.25,False,0.25,96.91000366210938,2025-04-21,98.88999938964844,,0.0,0,0.0,0.020431283177354986,0.005107820794338747,0.0,0.0,0.005107820794338747,9.79959055772887,-0.2300666294079545
2025-04-23,102.69136047363281,102.70999908447266,104.80000305175781,102.0199966430664,104.5199966430664,247526000,NVDA,39331000000.0,22091000000.0,0.89,28723000000.0,24034000000.0,25821000000.0,0.0,0.0,0.0,15552000000.0,16629000000.0,2025-03-12,15.0,0.5,10.0,56.16689125626097,28.851123338335015,28.450000762939453,0.015495463082325855,0.028992966733922376,0.0386287766043214,1.4942988415398817,40.0,6652.491623955307,26.925502516407295,50.02722699812948,50.02722699812948,False,42.14517706002115,47.93875673531371,46.206902118617464,49.670611352009956,0.7807764064044153,37.14517706002115,4.999999999999999,39.77685933112999,0.44114190914003737,0.25222955153301774,0.3066285393269449,-0.28350000381469725,-0.1306046034157612,18.443804249614445,False,False,38.13340788908822,38.25490605952231,0.42085889917110386,19.27279065696147,4.026916783080086,2.3760932748945893,0.051886621807869474,0.2483289459076245,-3.9160031239751376,1.518727130426143,-0.12149817043409143,0.25,0.25,False,0.25,96.91000366210938,2025-04-21,102.70999908447266,,0.0,0,0.0,0.0386287766043214,0.00965719415108035,0.0,0.0,0.00965719415108035,9.894227106345951,-0.22263123336475138
2025-04-24,106.41067504882812,106.43000030517578,106.54000091552734,103.11000061035156,103.4800033569336,220815000,NVDA,39331000000.0,22091000000.0,0.89,28723000000.0,24034000000.0,25821000000.0,0.0,0.0,0.0,15552000000.0,16629000000.0,2025-03-12,15.0,0.5,10.0,56.16689125626097,29.89606750145387,26.469999313354492,0.02104893334386637,0.03731569198233209,0.036218491421109444,1.4470623994833072,40.0,6658.796373109309,22.133281398281515,50.35192407245195,50.35192407245195,False,39.02493698817459,44.45890666055971,42.727052043863466,46.19076127725596,0.7807764064044151,34.02493698817459,4.999999999999999,38.667680937281304,0.44114190914003737,0.25222955153301774,0.3066285393269449,-0.28350000381469725,-0.1306046034157612,18.443804249614445,False,False,38.309875127171566,38.18837695673747,0.42085889917110386,19.329033208619595,3.869134880217498,2.3760932748945893,0.0517356449858061,0.25845570934032325,-3.1202400718465597,0.7957630521285779,0.12149817043409143,0.25,0.25,False,0.25,96.91000366210938,2025-04-21,106.43000030517578,,0.0,0,0.0,0.036218491421109444,0.009054622855277361,0.0,0.0,0.009054622855277361,9.983815601238378,-0.21559245236339694
2025-04-25,110.98986053466797,111.01000213623047,111.91999816894531,105.7300033569336,106.8499984741211,251064700,NVDA,39331000000.0,22091000000.0,0.89,28723000000.0,24034000000.0,25821000000.0,0.0,0.0,0.0,15552000000.0,16629000000.0,2025-03-12,15.0,0.5,10.0,56.16689125626097,31.18258486972766,24.84000015258789,0.00722532365580375,0.014798270229799071,0.0430329965040126,1.4501924770036962,40.0,6694.05495441238,22.575702562300574,50.127868576555784,50.127868576555784,False,39.699976853469984,42.601076604004525,40.86922198730828,44.33293122070077,0.7807764064044153,34.699976853469984,4.999999999999999,38.71057081963573,0.44114190914003737,0.25222955153301774,0.3066285393269449,-0.28350000381469725,-0.1306046034157612,18.443804249614445,False,False,38.42298616584627,38.53425757219935,0.42085889917110386,19.321429457971092,3.6448358856961027,2.3760932748945893,0.05175600501894792,0.2743607754534102,0.6750398652953962,1.518727130426143,-0.11127140635308479,0.25,0.25,False,0.25,96.91000366210938,2025-04-21,111.01000213623047,,0.0,0,0.0,0.0430329965040126,0.01075824912600315,0.0,0.0,0.01075824912600315,10.091223976704578,-0.20715360054960516
2025-04-28,108.71026611328125,108.7300033569336,110.37000274658203,106.0199966430664,109.69000244140625,207708500,NVDA,39331000000.0,22091000000.0,0.89,28723000000.0,24034000000.0,25821000000.0,0.0,0.0,0.0,15552000000.0,16629000000.0,2025-03-12,15.0,0.5,10.0,56.16689125626097,30.54213577441955,25.149999618530273,0.00038130345037501456,-0.0016309125336967378,-0.02053867881651672,1.4499996181308816,40.0,6606.62246613441,17.15139036962856,49.59499391359637,49.59499391359637,False,35.65151782477596,39.888050839133356,38.15619622243711,41.6199054558296,0.7807764064044151,30.651517824775958,4.999999999999999,37.179004408355404,0.44114190914003737,0.25222955153301774,0.3066285393269449,-0.28350000381469725,-0.1306046034157612,18.443804249614445,False,False,37.38231516597422,37.260816995540125,0.42085889917110386,19.37411204111219,3.360929514323153,2.3760932748945893,0.05161526876060091,0.2975367367087991,-4.048459028694026,-1.518727130426143,0.12149817043409143,0.25,0.25,False,0.25,96.91000366210938,2025-04-21,111.01000213623047,,0.0,0,0.0,-0.02053867881651672,-0.00513466970412918,0.0,0.0,-0.00513466970412918,10.03940887467381,-0.21122460493689102
2025-04-29,109.00021362304688,109.0199966430664,110.19999694824219,107.44000244140625,107.66999816894531,170444300,NVDA,39331000000.0,22091000000.0,0.89,28723000000.0,24034000000.0,25821000000.0,0.0,0.0,0.0,15552000000.0,16629000000.0,2025-03-12,15.0,0.5,10.0,56.16689125626097,30.623594562659104,24.170000076293945,0.006299413437552026,0.004660554451287657,0.0026670953479219772,1.4465134123918095,40.0,6542.023652843275,12.151516382347216,49.45894160108895,49.45894160108895,False,32.81340171867641,37.12619128071209,35.394336664015846,38.85804589740834,0.7807764064044153,27.81340171867641,4.999999999999999,35.87617091296563,0.44114190914003737,0.25222955153301774,0.3066285393269449,-0.28350000381469725,-0.1306046034157612,18.443804249614445,False,False,36.427084784221314,36.54858295465541,0.42085889917110386,19.4999473388488,3.192701630657041,2.3760932748945893,0.05128218977328972,0.3132143606523624,-2.838116106099548,1.210342922594478,-0.12149817043409143,0.25,0.25,False,0.25,96.91000366210938,2025-04-21,111.01000213623047,,0.0,0,0.0,0.0026670953479219772,0.0006667738369804943,0.0,0.0,0.0006667738369804943,10.046102889850193,-0.210698670140209
2025-04-30,108.90023040771484,108.91999816894531,108.91999816894531,104.08000183105469,104.47000122070312,235044600,NVDA,44062000000.0,18775000000.0,0.76,26668000000.0,21638000000.0,22584000000.0,0.0,0.0,0.0,26187000000.0,27414000000.0,2025-06-09,15.0,0.5,10.0,42.61041260042667,35.82894676610043,24.700000762939453,0.000396829809890642,0.004160665192696422,-0.0009172489194665401,1.442898969133272,40.0,6477.667327432451,8.33849115507682,49.561291704270175,49.561291704270175,False,31.262922794264647,34.83724043139575,33.1053858146995,36.569095048091995,0.7807764064044151,26.262922794264647,4.999999999999999,34.94579673254555,0.44114190914003737,0.25222955153301774,0.3066285393269449,-0.28350000381469725,-0.1306046034157612,18.443804249614445,False,False,36.62305536804989,36.501557197615796,0.42085889917110386,19.65902894763148,3.192701630657041,2.3760932748945893,0.05086721234623748,0.3132143606523624,-1.5504789244117632,1.287637181687785,0.12149817043409143,0.25,0.25,False,0.25,96.91000366210938,2025-04-21,111.01000213623047,,0.0,0,0.0,-0.0009172489194665401,-0.00022931222986663502,0.0,0.0,-0.00022931222986663502,10.043799195595051,-0.21087966658819587
2025-05-01,111.5897445678711,111.61000061035156,114.94000244140625,111.30000305175781,113.08000183105469,236121500,NVDA,44062000000.0,18775000000.0,0.76,26668000000.0,21638000000.0,22584000000.0,0.0,0.0,0.0,26187000000.0,27414000000.0,2025-06-09,15.0,0.5,10.0,42.61041260042667,36.71381599024723,24.600000381469727,0.007086942026725218,0.014668770839398437,0.02469704816955476,1.4453184832026091,40.0,6429.722190647072,5.667834610363141,49.688890683008104,49.688890683008104,False,30.552337043401337,33.16446469686156,31.43261008016531,34.896319313557804,0.7807764064044153,25.552337043401337,4.999999999999999,34.311303718443725,0.44114190914003737,0.25222955153301774,0.3066285393269449,-0.28350000381469725,-0.1306046034157612,18.443804249614445,False,False,36.74450242935957,36.68084138518928,0.42085889917110386,19.81168684726174,3.192701630657041,2.3760932748945893,0.05047525774607196,0.3132143606523624,-0.7105857508633093,0.8398931735484538,0.06366104417028623,0.25,0.25,False,0.25,96.91000366210938,2025-04-21,111.61000061035156,,0.0,0,0.0,0.02469704816955476,0.00617426204238869,0.0,0.0,0.00617426204238869,10.105812243729789,-0.2060074308667342
2025-05-02,114.4792251586914,114.5,115.4000015258789,113.37000274658203,114.18000030517578,190194800,NVDA,44062000000.0,18775000000.0,0.76,26668000000.0,21638000000.0,22584000000.0,0.0,0.0,0.0,26187000000.0,27414000000.0,2025-06-09,15.0,0.5,10.0,42.61041260042667,37.66447368421053,22.68000030517578,0.014844198430334021,0.016709680861768827,0.02589373151011709,1.4356942095092837,40.0,6397.766747145789,5.0,49.8677061679131,49.8677061679131,False,31.037712865032795,32.33420587057692,30.602351253880677,34.06606048727317,0.7807764064044151,26.037712865032795,4.999999999999999,34.197686025119054,0.44114190914003737,0.25222955153301774,0.3066285393269449,-0.28350000381469725,-0.1306046034157612,18.443804249614445,False,False,37.43277990761163,37.31128173717754,0.42085889917110386,19.895849022290545,3.192701630657041,2.3760932748945893,0.05026174047056944,0.3132143606523624,0.4853758216314574,1.1959615724947668,0.12149817043409143,0.25,0.25,False,0.25,96.91000366210938,2025-04-21,114.5,,0.0,0,0.0,0.02589373151011709,0.006473432877529273,0.0,0.0,0.006473432877529273,10.171231540962488,-0.20086757326519292
2025-05-05,113.79934692382812,113.81999969482422,114.66999816894531,112.66000366210938,112.91000366210938,133163200,NVDA,44062000000.0,18775000000.0,0.76,26668000000.0,21638000000.0,22584000000.0,0.0,0.0,0.0,26187000000.0,27414000000.0,2025-06-09,15.0,0.5,10.0,42.61041260042667,37.44078937329744,23.639999389648438,-0.005734349537724115,-0.005309052644125289,-0.005938867294111638,1.4334857035779116,40.0,6327.990850088992,5.0,49.75118221493864,49.75118221493864,False,31.6804248876022,32.07897748734565,30.3471228706494,33.81083210404189,0.7807764064044153,26.6804248876022,4.999999999999999,34.1619564556219,0.44114190914003737,0.25222955153301774,0.3066285393269449,-0.28350000381469725,-0.1306046034157612,18.443804249614445,False,False,37.556216658471214,37.67771482890531,0.42085889917110386,20.071237404787315,3.192701630657041,2.3760932748945893,0.04982253858257308,0.3132143606523624,0.6427120225694054,0.15733620093794798,-0.12149817043409143,0.25,0.25,False,0.25,96.91000366210938,2025-04-21,114.5,,0.0,0,0.0,-0.005938867294111638,-0.0014847168235279096,0.0,0.0,-0.0014847168235279096,10.156130142377624,-0.20205405862339273
2025-05-06,113.51940155029297,113.54000091552734,114.73999786376953,110.81999969482422,111.4800033569336,158525600,NVDA,44062000000.0,18775000000.0,0.76,26668000000.0,21638000000.0,22584000000.0,0.0,0.0,0.0,26187000000.0,27414000000.0,2025-06-09,15.0,0.5,10.0,42.61041260042667,37.34868451168663,24.760000228881836,-0.008358364343191038,-0.00830784595351386,-0.00246001388198569,1.43544762773087,40.0,6264.5194827098185,5.0,49.4686812228436,49.4686812228436,False,32.182788187294946,32.119503959972015,30.38764934327577,33.85135857666826,0.7807764064044151,27.18278818729495,4.999999999999999,34.07533358905739,0.44114190914003737,0.25222955153301774,0.3066285393269449,-0.28350000381469725,-0.1306046034157612,18.443804249614445,False,False,37.71565167574007,37.61882424193251,0.42085889917110386,20.162301099839908,3.192701630657041,2.3760932748945893,0.04959751345087988,0.3132143606523624,0.5023632996927461,-0.14034872287665934,0.09682743380755823,0.25,0.25,False,0.25,96.91000366210938,2025-04-21,114.5,,0.0,0,0.0,-0.00246001388198569,-0.0006150034704964225,0.0,0.0,-0.0006150034704964225,10.149884087093248,-0.20254479814660786
2025-05-07,117.03875732421875,117.05999755859375,117.68000030517578,112.27999877929688,113.05000305175781,206758800,NVDA,44062000000.0,18775000000.0,0.76,26668000000.0,21638000000.0,22584000000.0,0.0,0.0,0.0,26187000000.0,27414000000.0,2025-06-09,15.0,0.5,10.0,42.61041260042667,38.50657814427426,23.549999237060547,0.0042055058561747405,0.010015441606155528,0.031002260125796877,1.4368279358493175,40.0,6220.1599398945,5.0,48.99067735123419,48.99067735123419,False,32.519590333886775,32.275692960610286,30.54383834391404,34.00754757730653,0.7807764064044153,27.519590333886775,4.999999999999999,33.928763960113166,0.44114190914003737,0.25222955153301774,0.3066285393269449,-0.28350000381469725,-0.1306046034157612,18.443804249614445,False,False,37.02587112160953,36.92286014707451,0.42085889917110386,20.162301099839908,3.192701630657041,2.3760932748945893,0.04959751345087988,0.3132143606523624,0.33680214659182894,-0.16556115310091712,0.1030109745350228,0.25,0.25,False,0.25,96.91000366210938,2025-04-21,117.05999755859375,,0.0,0,0.0,0.031002260125796877,0.007750565031449219,0.0,0.0,0.007750565031449219,10.228551423771938,-0.19636406974497553
2025-05-08,117.34870910644531,117.37000274658203,118.68000030517578,115.8499984741211,118.25,198428100,NVDA,44062000000.0,18775000000.0,0.76,26668000000.0,21638000000.0,22584000000.0,0.0,0.0,0.0,26187000000.0,27414000000.0,2025-06-09,15.0,0.5,10.0,42.61041260042667,38.608553535059876,22.479999542236328,0.0069677857514378605,0.00954542227838373,0.002648258965092687,1.434454830594825,40.0,6161.864959787857,5.0,48.598264661907784,48.598264661907784,False,32.896891140019626,32.51820140170238,30.78634678500613,34.250056018398624,0.7807764064044151,27.896891140019626,4.999999999999999,33.80843903037165,0.44114190914003737,0.25222955153301774,0.3066285393269449,-0.28350000381469725,-0.1306046034157612,18.443804249614445,False,False,36.596708379630506,36.52951692574663,0.42085889917110386,20.740409379368263,3.192701630657041,2.3760932748945893,0.04821505601498688,0.3132143606523624,0.3773008061328511,0.040498659541022164,0.0671914538838763,0.25,0.25,False,0.25,96.91000366210938,2025-04-21,117.37000274658203,,0.0,0,0.0,0.002648258965092687,0.0006620647412731717,0.0,0.0,0.0006620647412731717,10.235323387023916,-0.19583201073073347
2025-05-09,116.62882995605469,116.6500015258789,118.2300033569336,115.20999908447266,117.3499984741211,132972200,NVDA,44062000000.0,18775000000.0,0.76,26668000000.0,21638000000.0,22584000000.0,0.0,0.0,0.0,26187000000.0,27414000000.0,2025-06-09,15.0,0.5,10.0,42.61041260042667,38.37171102824964,21.899999618530273,-0.0012741491279434358,-0.0012392207266844757,-0.00613445687871117,1.4342333428328187,40.0,6094.220209679333,5.0,48.21047979849711,48.21047979849711,False,33.261548717770694,32.80839542477747,31.076540808081226,34.54025004147372,0.7807764064044153,28.261548717770694,4.999999999999999,33.68953312413094,0.44114190914003737,0.25222955153301774,0.3066285393269449,-0.28350000381469725,-0.1306046034157612,18.443804249614445,False,False,35.410686716615295,35.315009790815715,0.42085889917110386,20.621348860898042,3.192701630657041,2.3760932748945893,0.04849343303124987,0.3132143606523624,0.36465757775106766,-0.012643228381783445,0.09567692579958134,0.25,0.25,False,0.25,96.91000366210938,2025-04-21,117.37000274658203,,0.0,0,0.0,-0.00613445687871117,-0.0015336142196777924,0.0,0.0,-0.0015336142196777924,10.219626349534575,-0.19706529419408653
2025-05-12,122.9776840209961,123.0,123.0,120.27999877929688,121.97000122070312,225023300,NVDA,44062000000.0,18775000000.0,0.76,26668000000.0,21638000000.0,22584000000.0,0.0,0.0,0.0,26187000000.0,27414000000.0,2025-06-09,15.0,0.5,10.0,42.61041260042667,40.46052631578947,18.389999389648438,0.03304738719814848,0.04641539780068693,0.05443633425681815,1.4188622606397099,40.0,6141.21345753681,5.0,47.54904613346537,47.54904613346537,False,33.39343895498917,33.0367895173319,31.30493490063565,34.76864413402814,0.7807764064044151,28.393438954989172,4.999999999999999,33.48671868556059,0.44114190914003737,0.25222955153301774,0.3066285393269449,-0.28350000381469725,-0.1306046034157612,18.443804249614445,False,False,33.927586058219134,33.9149991621441,0.42085889917110386,19.41001917370335,3.192701630657041,2.3760932748945893,0.05151978424394334,0.3132143606523624,0.13189023721847803,-0.23276734053258963,0.012586896075035839,0.25,0.25,False,0.25,96.91000366210938,2025-04-21,123.0,,0.0,0,0.0,0.05443633425681815,0.013609083564204538,0.0,0.0,0.013609083564204538,10.358706098520338,-0.18613808868617385
2025-05-13,129.9064178466797,129.92999267578125,131.22000122070312,124.47000122070312,124.9800033569336,330430100,NVDA,44062000000.0,18775000000.0,0.76,26668000000.0,21638000000.0,22584000000.0,0.0,0.0,0.0,26187000000.0,27414000000.0,2025-06-09,15.0,0.5,10.0,42.61041260042667,42.74012916966488,18.219999313354492,0.006603949785734642,0.021607370377188184,0.05634140386814024,1.428749955572583,40.00467614782064,6281.464056369293,5.0,46.7355472827184,46.7355472827184,False,33.397692163733986,33.17768165299173,31.445827036295483,34.909536269687976,0.7807764064044153,28.397692163733986,4.999999999999999,33.239339565988914,0.44114190914003737,0.25222955153301774,0.3066285393269449,-0.28350000381469725,-0.1306046034157612,18.443804249614445,False,False,30.963141909103804,30.974369806933936,0.42085889917110386,17.560280776604703,3.192701630657041,2.3760932748945893,0.05694669764804017,0.3132143606523624,0.004253208744813719,-0.12763702847366432,-0.011227897830132748,0.25,0.25,False,0.25,96.91000366210938,2025-04-21,129.92999267578125,,0.0,0,0.0,0.05634140386814024,0.01408535096703506,0.0,0.0,0.01408535096703506,10.504612109482364,-0.17467455802661658
2025-05-14,135.3154296875,135.33999633789062,135.44000244140625,131.67999267578125,133.1999969482422,281180800,NVDA,44062000000.0,18775000000.0,0.76,26668000000.0,21638000000.0,22584000000.0,0.0,0.0,0.0,26187000000.0,27414000000.0,2025-06-09,15.0,0.5,10.0,42.61041260042667,44.519735637464024,18.6200008392334,0.0012780314322096142,0.006491315438573064,0.041637835504302334,1.4348828663946707,40.1248703774629,6450.918343760452,5.0,46.289358280557614,46.289358280557614,False,33.8021479194875,33.4214659167294,31.689611300033157,35.15332053342565,0.7807764064044151,28.802147919487503,4.999999999999999,33.15554799592461,0.44114190914003737,0.25222955153301774,0.3066285393269449,-0.28350000381469725,-0.1306046034157612,18.443804249614445,False,False,31.43379986613854,31.447044758386614,0.42085889917110386,15.780269373492187,3.192701630657041,2.3760932748945893,0.06337027438072809,0.3132143606523624,0.4044557557535171,0.4002025470087034,-0.01324489224807337,0.25,0.25,False,0.25,96.91000366210938,2025-04-21,135.33999633789062,,0.0,0,0.0,0.041637835504302334,0.010409458876075584,0.0,0.0,0.010409458876075584,10.613959437245146,-0.16608336677901578
2025-05-15,134.80552673339844,134.8300018310547,136.3000030517578,132.66000366210938,134.2899932861328,226632600,NVDA,44062000000.0,18775000000.0,0.76,26668000000.0,21638000000.0,22584000000.0,0.0,0.0,0.0,26187000000.0,27414000000.0,2025-06-09,15.0,0.5,10.0,42.61041260042667,44.351974286531146,17.829999923706055,0.004884349607746863,0.0013667281371725348,-0.0037682467905694184,1.4346936313173673,40.24542573120941,6376.824700278129,5.0,46.04385232925696,46.04385232925696,False,34.34126011726893,33.78054272199384,32.04868810529759,35.512397338690086,0.7807764064044153,29.34126011726893,4.999999999999999,33.13345088359,0.44114190914003737,0.25222955153301774,0.3066285393269449,-0.28350000381469725,-0.1306046034157612,18.443804249614445,False,False,31.455528660443157,31.452288767679875,0.42085889917110386,13.767630420430809,3.192701630657041,2.3760932748945893,0.07263414033224089,0.3132143606523624,0.5391121977814279,0.13465644202791083,0.003239892763281773,0.25,0.25,False,0.25,96.91000366210938,2025-04-21,135.33999633789062,,0.0,0,0.0,-0.0037682467905694184,-0.0009420616976423546,0.0,0.0,-0.0009420616976423546,10.603960432598988,-0.1668689676982001
2025-05-16,135.37542724609375,135.39999389648438,136.35000610351562,133.4600067138672,136.22000122070312,226542500,NVDA,44062000000.0,18775000000.0,0.76,26668000000.0,21638000000.0,22584000000.0,0.0,0.0,0.0,26187000000.0,27414000000.0,2025-06-09,15.0,0.5,10.0,42.61041260042667,44.539471676475124,17.239999771118164,0.00633402786844095,0.0018767432166073572,0.004227486892300902,1.4353841421440512,40.366343294059156,6314.418780547922,5.0,45.51757678789623,45.51757678789623,False,34.60688055671431,34.10313526452837,32.37128064783212,35.834989881224615,0.7807764064044151,29.606880556714312,4.999999999999999,33.02542158758316,0.44114190914003737,0.25222955153301774,0.3066285393269449,-0.28350000381469725,-0.1306046034157612,18.443804249614445,False,False,29.994281226037447,29.99529268430799,0.42085889917110386,11.826594196086644,3.192701630657041,2.3760932748945893,0.08455519682335043,0.3132143606523624,0.26562043944537805,-0.2734917583360499,-0.0010114582705426755,0.25,0.25,False,0.25,96.91000366210938,2025-04-21,135.39999389648438,,0.0,0,0.0,0.004227486892300902,0.0010568717230752256,0.0,0.0,0.0010568717230752256,10.615167458532811,-0.16598845506854382
2025-05-19,135.54539489746094,135.57000732421875,135.8699951171875,132.38999938964844,132.38999938964844,193154600,NVDA,44062000000.0,18775000000.0,0.76,26668000000.0,21638000000.0,22584000000.0,0.0,0.0,0.0,26187000000.0,27414000000.0,2025-06-09,15.0,0.5,10.0,42.61041260042667,44.59539714612459,18.139999389648438,0.0010938461217664397,-0.001447470470322676,0.001255638370739831,1.4340598203890313,40.48762415427102,6249.812711569168,5.0,46.49597903884736,46.49597903884736,False,36.20677253878657,34.92437044021522,33.192515823518974,36.65622505691147,0.7807764064044153,31.206772538786577,4.999999999999999,33.37892971088251,0.44114190914003737,0.25222955153301774,0.3066285393269449,-0.28350000381469725,-0.1306046034157612,18.443804249614445,False,False,27.89381889422196,27.912440281464566,0.42085889917110386,9.169220181122494,3.192701630657041,2.3760932748945893,0.10906052862148417,0.3132143606523624,1.5998919820722648,1.3342715426268867,-0.01862138724260717,0.25,0.25,False,0.25,96.91000366210938,2025-04-21,135.57000732421875,,0.0,0,0.0,0.001255638370739831,0.00031390959268495777,0.0,0.0,0.00031390959268495777,10.618499661426002,-0.16572665084417984
2025-05-20,134.35562133789062,134.3800048828125,134.5800018310547,132.6199951171875,134.2899932861328,161514200,NVDA,44062000000.0,18775000000.0,0.76,26668000000.0,21638000000.0,22584000000.0,0.0,0.0,0.0,26187000000.0,27414000000.0,2025-06-09,15.0,0.5,10.0,42.61041260042667,44.203948974609375,18.09000015258789,-0.0033621922872737464,-0.0037518860429019973,-0.008777770724466616,1.4310315940683471,40.60926940337356,6202.298668565708,5.0,48.43166188067694,48.43166188067694,False,38.849239513518896,36.456593025546155,34.72473840884991,38.1884476422424,0.7807764064044151,33.849239513518896,4.999999999999999,34.02612813069986,0.44114190914003737,0.25222955153301774,0.3066285393269449,-0.28350000381469725,-0.1306046034157612,18.443804249614445,False,False,26.174407790991488,26.18461875326938,0.42085889917110386,7.159919152133357,3.192701630657041,2.3760932748945893,0.139666381526395,0.3132143606523624,2.642466974732322,1.0425749926600574,-0.010210962277893145,0.25,0.25,False,0.25,96.91000366210938,2025-04-21,135.57000732421875,,0.0,0,0.0,-0.008777770724466616,-0.002194442681116654,0.0,0.0,-0.002194442681116654,10.595197972559546,-0.16755741588928547
2025-05-21,131.7760772705078,131.8000030517578,137.39999389648438,130.58999633789062,133.05999755859375,270608700,NVDA,44062000000.0,18775000000.0,0.76,26668000000.0,21638000000.0,22584000000.0,0.0,0.0,0.0,26187000000.0,27414000000.0,2025-06-09,15.0,0.5,10.0,42.61041260042667,43.355264161762435,20.8700008392334,-0.016850789652983478,-0.01878717603478741,-0.01919929853630087,1.4254016238411868,40.73128013617485,6245.8671459893,5.0,50.92421359514144,50.92421359514144,False,42.36722274953222,38.76403314328663,37.032178526590386,40.49588775998288,0.7807764064044153,37.36722274953222,4.999999999999999,34.84423966970651,0.44114190914003737,0.25222955153301774,0.3066285393269449,-0.28350000381469725,-0.1306046034157612,18.443804249614445,False,False,25.26857495230649,25.236558748545793,0.42085889917110386,5.8243634421014985,3.192701630657041,2.3760932748945893,0.17169258236384854,0.3132143606523624,3.517983236013322,0.8755162612809997,0.03201620376069627,0.25,0.25,False,0.25,96.91000366210938,2025-04-21,135.57000732421875,,0.0,0,0.0,-0.01919929853630087,-0.004799824634075217,0.0,0.0,-0.004799824634075217,10.544342880327951,-0.1715529943109533
2025-05-22,132.80589294433594,132.8300018310547,134.25,131.5500030517578,132.22999572753906,187344000,NVDA,44062000000.0,18775000000.0,0.76,26668000000.0,21638000000.0,22584000000.0,0.0,0.0,0.0,26187000000.0,27414000000.0,2025-06-09,15.0,0.5,10.0,42.61041260042667,43.69407954968904,20.280000686645508,0.00039467712604679406,0.00026167811807908947,0.007814861573959053,1.4209247650083305,40.853657450772296,6144.39332178517,5.0,51.8849450531539,51.8849450531539,False,44.35097030552437,40.94510750345626,39.21325288676002,42.67696212015251,0.7807764064044151,39.35097030552437,4.999999999999999,35.19281311555927,0.44114190914003737,0.25222955153301774,0.3066285393269449,-0.28350000381469725,-0.1306046034157612,18.443804249614445,False,False,21.007317383946578,20.996544868584344,0.42085889917110386,4.788794076724377,3.192701630657041,2.3760932748945893,0.20882083964738327,0.3132143606523624,1.983747555992153,-1.518727130426143,0.010772515362232867,0.25,0.25,False,0.25,96.91000366210938,2025-04-21,135.57000732421875,,0.0,0,0.0,0.007814861573959053,0.0019537153934897633,0.0,0.0,0.0019537153934897633,10.56494352532748,-0.16993444464324825
2025-05-23,131.26617431640625,131.2899932861328,132.67999267578125,129.16000366210938,130.0,198821300,NVDA,44062000000.0,18775000000.0,0.76,26668000000.0,21638000000.0,22584000000.0,0.0,0.0,0.0,26187000000.0,27414000000.0,2025-06-09,15.0,0.5,10.0,42.61041260042667,43.187497791491054,22.290000915527344,-0.006825775301577575,-0.011031650909985147,-0.011593830638356839,1.3932868773829212,40.97640244856257,6146.596775595642,5.0,61.00036026598953,61.00036026598953,False,57.54961111825305,47.42730983470134,45.695455218005094,49.15916445139759,0.7807764064044153,52.54961111825305,4.999999999999999,38.04200753029225,0.44114190914003737,0.25222955153301774,0.3066285393269449,-0.28350000381469725,-0.1306046034157612,18.443804249614445,False,False,24.90171528912184,24.923594629788724,0.42085889917110386,3.787933511293966,3.2519162477079493,2.3760932748945893,0.2639961860519558,0.3075109946957677,13.198640812728677,1.518727130426143,-0.02187934066688399,0.25,0.25,False,0.25,96.91000366210938,2025-04-21,135.57000732421875,,0.0,0,0.0,-0.011593830638356839,-0.0028984576595892098,0.0,0.0,-0.0028984576595892098,10.534321483843367,-0.17234035451013321
2025-05-27,135.47540283203125,135.5,135.66000366210938,133.30999755859375,134.14999389648438,192953600,NVDA,44062000000.0,18775000000.0,0.76,26668000000.0,21638000000.0,22584000000.0,0.0,0.0,0.0,26187000000.0,27414000000.0,2025-06-09,15.0,0.5,10.0,42.61041260042667,44.57236842105263,18.959999084472656,0.02079059136787431,0.02376438185118368,0.032066470631100685,1.386898720109602,41.09951623425146,6126.2217338764685,5.0,70.1266745915631,70.1266745915631,False,70.96999555469905,56.61809661148552,54.88624199478927,58.349951228181766,0.7807764064044151,65.96999555469905,4.999999999999999,40.89470661184171,0.44114190914003737,0.25222955153301774,0.3066285393269449,-0.28350000381469725,-0.1306046034157612,18.443804249614445,False,False,29.97778590437614,29.87104418096599,0.42085889917110386,3.787933511293966,5.700811281030466,2.3760932748945893,0.2639961860519558,0.17541362986835132,13.420384436446007,0.22174362371733025,0.10674172341015094,0.25,0.25,False,0.25,96.91000366210938,2025-04-21,135.57000732421875,,0.0,0,0.0,0.032066470631100685,0.008016617657775171,0.0,0.0,0.008016617657775171,10.618771111463426,-0.16570532358147128
2025-05-28,134.78553771972656,134.80999755859375,137.25,134.7899932861328,136.02999877929688,304021100,NVDA,44062000000.0,18775000000.0,0.76,26668000000.0,21638000000.0,22584000000.0,0.0,0.0,0.0,26187000000.0,27414000000.0,2025-06-09,15.0,0.5,10.0,42.61041260042667,44.34539393374794,19.309999465942383,-0.005785407771406903,-0.0041343301795654375,-0.005092268940267486,1.3555075190899288,41.22299991586389,6066.301595297648,5.0,99.09337486119732,99.09337486119732,False,90.60517709455257,69.88625189335889,68.15439727666265,71.61810651005513,0.7807764064044153,85.60517709455257,4.999999999999999,49.831197431695216,0.44114190914003737,0.25222955153301774,0.3066285393269449,-0.28350000381469725,-0.1306046034157612,18.443804249614445,False,False,37.089470483044835,37.00606448363203,0.4280471120855527,3.787933511293966,12.314657367659962,2.336191441936729,0.2639961860519558,0.0812040457273413,19.63518153985352,1.518727130426143,0.08340599941280459,0.25,0.25,False,0.25,96.91000366210938,2025-04-21,135.57000732421875,,0.0,0,0.0,-0.005092268940267486,-0.0012730672350668715,0.0,0.0,-0.0012730672350668715,10.605252701884746,-0.1667674367984105
2025-05-29,139.1647491455078,139.19000244140625,143.49000549316406,137.91000366210938,142.25,369241900,NVDA,44062000000.0,18775000000.0,0.76,26668000000.0,21638000000.0,22584000000.0,0.0,0.0,0.0,26187000000.0,27414000000.0,2025-06-09,15.0,0.5,10.0,42.61041260042667,45.786185013620475,19.18000030517578,0.003947403401760141,0.001686556739248779,0.0324902081606282,1.3564592040724266,41.34685460475381,6155.314810687878,5.0,100.0,100.0,False,90.43616947827392,77.90869729528733,76.17684267859109,79.64055191198356,0.7807764064044151,85.43616947827392,4.999999999999999,50.16383206763622,0.44114190914003737,0.25222955153301774,0.3066285393269449,-0.28350000381469725,-0.1306046034157612,18.443804249614445,False,False,26.11245867620783,26.042417375305348,0.47568312505147764,3.787933511293966,16.19038275550138,2.102239804894869,0.2639961860519558,0.06176506232752323,-0.16900761627864824,-1.518727130426143,0.07004130090247998,0.25,0.25,False,0.25,96.91000366210938,2025-04-21,139.19000244140625,,0.0,0,0.0,0.0324902081606282,0.00812255204015705,0.0,0.0,0.00812255204015705,10.691394418854822,-0.1599994619422521
2025-05-30,135.10548400878906,135.1300048828125,139.6199951171875,132.9199981689453,138.72000122070312,333170900,NVDA,44062000000.0,18775000000.0,0.76,26668000000.0,21638000000.0,22584000000.0,0.0,0.0,0.0,26187000000.0,27414000000.0,2025-06-09,15.0,0.5,10.0,42.61041260042667,44.45065950092516,18.56999969482422,-0.0011185037847383228,-0.0031084108514671804,-0.0291687440719951,1.3616608425264956,41.47108141561427,6206.771358357543,5.0,100.0,100.0,False,89.87094958216667,82.57861947181365,80.84676485511741,84.31047408850989,0.7807764064044153,84.87094958216667,4.999999999999999,50.21863372014558,0.44114190914003737,0.25222955153301774,0.3066285393269449,-0.28350000381469725,-0.1306046034157612,18.443804249614445,False,False,20.33483715203337,20.45633532246746,0.5215405806397019,3.787933511293966,18.955884396598496,1.9173963390795745,0.2639961860519558,0.052754067237266083,-0.5652198961072514,-0.3962122798286032,-0.12149817043409143,0.25,0.25,False,0.25,96.91000366210938,2025-04-21,139.19000244140625,,0.0,0,0.0,-0.0291687440719951,-0.007292186017998775,0.0,0.0,-0.007292186017998775,10.613430781960739,-0.1661249021209882
2025-06-02,137.35507202148438,137.3800048828125,138.1199951171875,135.39999389648438,135.49000549316406,197663100,NVDA,44062000000.0,18775000000.0,0.76,26668000000.0,21638000000.0,22584000000.0,0.0,0.0,0.0,26187000000.0,27414000000.0,2025-06-09,15.0,0.5,10.0,42.61041260042667,45.19079107987253,18.360000610351562,0.005632954820585345,0.008834581671558706,0.01665063212238649,1.3482652163806188,41.5956814664874,6123.80381068082,5.0,100.0,100.0,False,89.14678540564304,85.14275396905526,83.41089935235902,86.8746085857515,0.7807764064044151,84.14678540564304,4.999999999999999,50.2736000244667,0.44114190914003737,0.25222955153301774,0.3066285393269449,-0.28350000381469725,-0.1306046034157612,18.443804249614445,False,False,17.465783732020842,17.34428556158675,0.5649730321678106,3.787933511293966,21.057012176373828,1.7699959875305622,0.2639961860519558,0.04749011833321774,-0.7241641765236295,-0.1589442804163781,0.12149817043409143,1.2,0.25,True,1.2,96.91000366210938,2025-04-21,139.19000244140625,,0.0,0,0.0,0.01665063212238649,0.004162658030596622,0.95,0.000475,0.003687658030596622,10.652569485216018,-0.16304985591978008
2025-06-03,141.19436645507812,141.22000122070312,142.0,137.9499969482422,138.77999877929688,225578800,NVDA,44062000000.0,18775000000.0,0.76,26668000000.0,21638000000.0,22584000000.0,0.0,0.0,0.0,26187000000.0,27414000000.0,2025-06-09,15.0,0.5,10.0,42.61041260042667,46.45394776996813,17.690000534057617,0.005702628195088044,0.015024683605287414,0.027951639259047978,1.3506080341228506,41.720655878774494,6017.588932601765,5.0,100.0,100.0,False,88.30229175590303,86.37620024861224,84.644345631916,88.10805486530847,0.7807764064044153,83.30229175590303,4.999999999999999,50.32873147529668,0.44114190914003737,0.25222955153301774,0.3066285393269449,-0.28350000381469725,-0.1306046034157612,18.443804249614445,False,False,15.551954911271274,15.534215421373887,0.6052947099028019,3.787933511293966,22.673408322702972,1.6520877906905544,0.2639961860519558,0.0441045292250436,-0.8444936497400164,-0.12032947321638687,0.01773948989738642,1.2,1.2,False,1.2,96.91000366210938,2025-04-21,141.22000122070312,,0.0,0,0.0,0.027951639259047978,0.03354196711085757,0.0,0.0,0.03354196711085757,11.00987762053526,-0.13497690171361376
2025-06-04,141.8942413330078,141.9199981689453,142.38999938964844,139.5399932861328,142.19000244140625,167120800,NVDA,44062000000.0,18775000000.0,0.76,26668000000.0,21638000000.0,22584000000.0,0.0,0.0,0.0,26187000000.0,27414000000.0,2025-06-09,15.0,0.5,10.0,42.61041260042667,46.68420992399517,17.610000610351562,-0.0002684731709600152,0.0014802542103320437,0.004956783332328518,1.355232389415371,41.84600577724612,5977.283199404695,5.0,100.0,100.0,False,87.40867176423129,86.77926494845222,85.04741033175598,88.51111956514846,0.7807764064044151,82.40867176423129,4.999999999999999,50.38402856881896,0.44114190914003737,0.25222955153301774,0.3066285393269449,-0.28350000381469725,-0.1306046034157612,18.443804249614445,False,False,14.608605253688022,14.487107083253932,0.6417621690182305,3.787933511293966,23.89589392947497,1.5582096425686836,0.2639961860519558,0.04184819379226176,-0.8936199916717413,-0.04912634193172494,0.12149817043409143,1.2,1.2,False,1.2,96.91000366210938,2025-04-21,141.9199981689453,,0.0,0,0.0,0.004956783332328518,0.005948139998794222,0.0,0.0,0.005948139998794222,11.075365913991794,-0.1298316232228157
2025-06-05,139.964599609375,139.99000549316406,144.0,138.8300018310547,142.1699981689453,231397900,NVDA,44062000000.0,18775000000.0,0.76,26668000000.0,21638000000.0,22584000000.0,0.0,0.0,0.0,26187000000.0,27414000000.0,2025-06-09,15.0,0.5,10.0,42.61041260042667,46.04934391222502,18.479999542236328,-0.004832790626766448,-0.0028293841229337646,-0.01359915939037526,1.3596851565705872,41.971732290052195,5917.500644945202,5.0,100.0,100.0,False,86.50643686369453,86.67275608266057,84.94090146596432,88.40461069935682,0.7807764064044153,81.50643686369453,4.999999999999999,50.43949180270776,0.44114190914003737,0.25222955153301774,0.3066285393269449,-0.28350000381469725,-0.1306046034157612,18.443804249614445,False,False,13.802205453808245,13.923703624242336,0.6735509997491604,3.787933511293966,24.77032442671715,1.4846685705646843,0.2639961860519558,0.040370888276352365,-0.9022349005367545,-0.008614908865013149,-0.12149817043409143,1.2,1.2,False,1.2,96.91000366210938,2025-04-21,141.9199981689453,,0.0,0,0.0,-0.01359915939037526,-0.016318991268450312,0.0,0.0,-0.016318991268450312,10.89462711434647,-0.14403189336552413
2025-06-06,141.69427490234375,141.72000122070312,143.27000427246094,141.50999450683594,142.50999450683594,153986200,NVDA,44062000000.0,18775000000.0,0.76,26668000000.0,21638000000.0,22584000000.0,0.0,0.0,0.0,26187000000.0,27414000000.0,2025-06-09,15.0,0.5,10.0,42.61041260042667,46.61842145417866,16.770000457763672,0.010268994150278488,0.009443932077356276,0.012357994568573227,1.3465490534800821,42.09783654873219,5842.53696641457,5.0,100.0,100.0,False,85.62813833490914,86.26494963708275,84.53309502038651,87.99680425377899,0.7807764064044151,80.62813833490914,4.999999999999999,50.49512167613254,0.44114190914003737,0.25222955153301774,0.3066285393269449,-0.28350000381469725,-0.1306046034157612,18.443804249614445,False,False,14.407002095292247,14.438699077678535,0.6997244402944189,3.787933511293966,25.328581625522318,1.4291340167841442,0.2639961860519558,0.03948108957638398,-0.8782985287853933,0.023936371751361207,-0.03169698238628826,1.2,1.2,False,1.2,96.91000366210938,2025-04-21,141.9199981689453,,0.0,0,0.0,0.012357994568573227,0.014829593482287871,0.0,0.0,0.014829593482287871,11.05619000559334,-0.13133823431033115
2025-06-09,142.6041259765625,142.6300048828125,145.0,141.94000244140625,143.19000244140625,185114500,NVDA,44062000000.0,18775000000.0,0.76,26668000000.0,21638000000.0,22584000000.0,0.0,0.0,0.0,26187000000.0,27414000000.0,2025-06-09,15.0,0.5,10.0,42.61041260042667,46.91776476408306,17.15999984741211,0.0009012551559597348,0.0049085340071715056,0.006421137837080648,1.3583107608709113,42.224319688225286,5776.78994774427,5.0,100.0,100.0,False,84.78232522081257,85.68615055519132,83.95429593849508,87.41800517188756,0.7807764064044153,79.78232522081257,4.999999999999999,50.55091868976255,0.44114190914003737,0.25222955153301774,0.3066285393269449,-0.28350000381469725,-0.1306046034157612,18.443804249614445,False,False,15.25198972807305,15.264705270506362,0.7191887278032328,3.787933511293966,25.58506120939441,1.3904556082997952,0.2639961860519558,0.03908530809505418,-0.8458131140965719,0.03248541468882138,-0.012715542433310247,1.2,1.2,False,1.2,96.91000366210938,2025-04-21,142.6300048828125,,0.0,0,0.0,0.006421137837080648,0.007705365404496778,0.0,0.0,0.007705365404496778,11.141381989567982,-0.12464487799277686
2025-06-10,143.9338836669922,143.9600067138672,144.2899932861328,141.52999877929688,142.69000244140625,155881900,NVDA,44062000000.0,18775000000.0,0.76,26668000000.0,21638000000.0,22584000000.0,0.0,0.0,0.0,26187000000.0,27414000000.0,2025-06-09,15.0,0.5,10.0,42.61041260042667,47.35526536640368,16.950000762939453,0.005669731282665458,0.00559427355537756,0.009324838992661011,1.351020110556262,42.35118284688059,5744.936831701398,5.0,100.0,100.0,False,83.97067386914222,85.01644869408933,83.2845940773931,86.74830331078557,0.7807764064044151,78.97067386914222,4.999999999999999,50.60688334577128,0.44114190914003737,0.25222955153301774,0.3066285393269449,-0.28350000381469725,-0.1306046034157612,18.443804249614445,False,False,16.51190861356015,16.52153497141746,0.7306261034907642,3.787933511293966,25.526580532518576,1.3686891218671617,0.2639961860519558,0.03917485143480497,-0.8116513516703492,0.03416176242622271,-0.00962635785731095,1.2,1.2,False,1.2,96.91000366210938,2025-04-21,143.9600067138672,,0.0,0,0.0,0.009324838992661011,0.011189806791193213,0.0,0.0,0.011189806791193213,11.266051901418129,-0.1148498233038346
2025-06-11,142.81399536132812,142.8300018310547,144.99000549316406,141.8699951171875,144.61000061035156,167694000,NVDA,44062000000.0,18775000000.0,0.76,26668000000.0,21638000000.0,22584000000.0,0.0,0.0,0.0,26187000000.0,27414000000.0,2025-06-09,15.0,0.5,10.0,42.61041260042667,46.98355323389957,17.260000228881836,-0.0028520788113346462,-0.0022003520157793943,-0.007849436163604007,1.3547026512699483,42.47842716646739,5690.268894514906,5.0,100.0,100.0,False,83.19711739909309,84.3062032188062,82.57434860210995,86.03805783550246,0.7807764064044153,78.19711739909309,4.999999999999999,50.663016147841034,0.44114190914003737,0.25222955153301774,0.3066285393269449,-0.28350000381469725,-0.1306046034157612,18.443804249614445,False,False,18.42550870072391,18.429438808078448,0.7328212729089871,3.787933511293966,25.129111945222757,1.3645892074481238,0.2639961860519558,0.039794482279351215,-0.7735564700491295,0.038094881621219656,-0.003930107354537995,1.2,1.2,False,1.2,96.91000366210938,2025-04-21,143.9600067138672,,0.0,0,0.0,-0.007849436163604007,-0.009419323396324808,0.0,0.0,-0.009419323396324808,11.159933315158892,-0.1231873390724498
2025-06-12,144.98374938964844,145.0,145.0,141.85000610351562,141.97000122070312,162365000,NVDA,44062000000.0,18775000000.0,0.76,26668000000.0,21638000000.0,22584000000.0,0.0,0.0,0.0,26187000000.0,27414000000.0,2025-06-09,15.0,0.5,10.0,42.61041260042667,47.69736842105263,18.020000457763672,0.003974349319302073,0.009278567946689131,0.01519287363387467,1.3488433365896975,42.606053792185406,5642.380294539769,5.0,100.0,100.0,False,82.46413754377826,83.58708250975158,81.85522789305534,85.31893712644782,0.7807764064044151,77.46413754377826,4.999999999999999,50.719317601167376,0.44114190914003737,0.25222955153301774,0.3066285393269449,-0.28350000381469725,-0.1306046034157612,18.443804249614445,False,False,20.648351218615023,20.649040411324226,0.7350230377236115,3.787933511293966,24.388275335646682,1.3605015743411664,0.2639961860519558,0.04100330942788595,-0.7329798553148237,0.04057661473430585,-0.0006891927092010519,1.2,1.2,False,1.2,96.91000366210938,2025-04-21,145.0,,0.0,0,0.0,0.01519287363387467,0.018231448360649605,0.0,0.0,0.018231448360649605,11.363395063102503,-0.10720177432278545
2025-06-13,141.95408630371094,141.97000122070312,143.5800018310547,140.85000610351562,142.47999572753906,180820600,NVDA,44062000000.0,18775000000.0,0.76,26668000000.0,21638000000.0,22584000000.0,0.0,0.0,0.0,26187000000.0,27414000000.0,2025-06-09,15.0,0.5,10.0,42.61041260042667,46.70065829628392,20.81999969482422,-0.011180124223602483,-0.014016609855351914,-0.02089654330549573,1.350131852966022,42.73406387267516,5712.806336641598,5.0,100.0,100.0,False,81.76747548647316,82.8767293933998,81.14487477670355,84.60858401009605,0.7807764064044153,76.76747548647316,4.999999999999999,50.775788212463794,0.44114190914003737,0.25222955153301774,0.3066285393269449,-0.28350000381469725,-0.1306046034157612,18.443804249614445,False,False,23.28385295238773,23.28193804264762,0.7372314177505381,3.787933511293966,23.27984580262276,1.356426185757559,0.2639961860519558,0.04295561098120924,-0.6966620573051046,0.03631779800971913,0.0019149097401088967,1.2,1.2,False,1.2,96.91000366210938,2025-04-21,145.0,,0.0,0,0.0,-0.02089654330549573,-0.025075851966594873,0.0,0.0,-0.025075851966594873,11.078448250662209,-0.12958945046590592
2025-06-16,144.6737823486328,144.69000244140625,146.17999267578125,143.1999969482422,143.35000610351562,183133700,NVDA,44062000000.0,18775000000.0,0.76,26668000000.0,21638000000.0,22584000000.0,0.0,0.0,0.0,26187000000.0,27414000000.0,2025-06-09,15.0,0.5,10.0,42.61041260042667,47.59539553993626,19.110000610351562,0.00951422558757331,0.016180938858618044,0.019158985682296903,1.352893011197581,42.86245856002821,5638.202100517835,5.0,100.0,100.0,False,81.09519600440856,82.18123977472678,80.44938515803054,83.91309439142302,0.7807764064044151,76.09519600440856,4.999999999999999,50.83242848996616,0.44114190914003737,0.25222955153301774,0.3066285393269449,-0.28350000381469725,-0.1306046034157612,18.443804249614445,False,False,26.570049957511255,26.56745112433615,0.739446432865201,3.787933511293966,21.715033017073672,1.352363005018779,0.2639961860519558,0.04605104672020252,-0.6722794820645959,0.024382575240508686,0.0025988331751057104,1.2,1.2,False,1.2,96.91000366210938,2025-04-21,145.0,,0.0,0,0.0,0.019158985682296903,0.022990782818756283,0.0,0.0,0.022990782818756283,11.333150448362014,-0.10957803055841328
2025-06-17,144.1038360595703,144.1199951171875,145.22000122070312,143.77999877929688,144.49000549316406,139108000,NVDA,44062000000.0,18775000000.0,0.76,26668000000.0,21638000000.0,22584000000.0,0.0,0.0,0.0,26187000000.0,27414000000.0,2025-06-09,15.0,0.5,10.0,42.61041260042667,47.40789313065378,21.600000381469727,-0.008545104270081039,-0.007076966793235218,-0.003939507323248437,1.3518685915032955,42.991239009797624,5595.928040912707,5.0,100.0,100.0,False,80.42659664045381,81.49624779427687,79.76439317758062,83.22810241097312,0.7807764064044153,75.42659664045381,4.999999999999999,50.88923894343735,0.44114190914003737,0.25222955153301774,0.3066285393269449,-0.28350000381469725,-0.1306046034157612,18.443804249614445,False,False,30.832350769637728,30.82961782864363,0.7416681030027503,3.787933511293966,19.74713112464366,1.3483119955561735,0.2639961860519558,0.05064026737291669,-0.6685993639547547,0.003680118109841146,0.0027329409940978168,1.2,1.2,False,1.2,96.91000366210938,2025-04-21,145.0,,0.0,0,0.0,-0.003939507323248437,-0.004727408787898124,0.0,0.0,-0.004727408787898124,11.279574013337855,-0.11378741920168903
2025-06-18,145.46368408203125,145.47999572753906,145.64999389648438,143.1199951171875,144.00999450683594,161494100,NVDA,44062000000.0,18775000000.0,0.76,26668000000.0,21638000000.0,22584000000.0,0.0,0.0,0.0,26187000000.0,27414000000.0,2025-06-09,15.0,0.5,10.0,42.61041260042667,47.855261752479954,20.139999389648438,-0.00015066498929716676,0.0012016959942455774,0.009436585181991752,1.349042555645836,43.120406381008316,5570.298599062558,5.0,100.0,100.0,False,79.7832776688548,80.82752446487429,79.09566984817805,82.55937908157053,0.7807764064044151,74.7832776688548,4.999999999999999,50.946220084171834,0.44114190914003737,0.25222955153301774,0.3066285393269449,-0.28350000381469725,-0.1306046034157612,18.443804249614445,False,False,36.701775744395114,36.69872815386542,0.7438964481582331,3.787933511293966,17.38684395454142,1.3442731209106291,0.2639961860519558,0.05751475095851432,-0.6433189715990153,0.025280392355739423,0.0030475905296975725,1.2,1.2,False,1.2,96.91000366210938,2025-04-21,145.47999572753906,,0.0,0,0.0,0.009436585181991752,0.011323902218390103,0.0,0.0,0.011323902218390103,11.407302806529989,-0.10375203459202169
2025-06-20,143.83387756347656,143.85000610351562,146.1999969482422,142.64999389648438,145.4499969482422,242956200,NVDA,44062000000.0,18775000000.0,0.76,26668000000.0,21638000000.0,22584000000.0,0.0,0.0,0.0,26187000000.0,27414000000.0,2025-06-09,15.0,0.5,10.0,42.61041260042667,47.31908095510382,20.6200008392334,-0.005289189092826385,-0.004428654946052379,-0.011204218256069765,1.350344029790668,43.2499618361675,5547.080900575276,5.0,100.0,100.0,False,79.165003976949,80.17849607880628,78.44664146211002,81.91035069550253,0.7807764064044153,74.165003976949,4.999999999999999,51.003372425000265,0.44114190914003737,0.25222955153301774,0.3066285393269449,-0.28350000381469725,-0.1306046034157612,18.443804249614445,False,False,45.539493297174786,45.536247167996045,0.7461314883867705,3.787933511293966,14.571620910719101,1.3402463447322468,0.2639961860519558,0.06862654512679403,-0.6182736919057987,0.02504527969321657,0.003246129178744468,1.2,1.2,False,1.2,96.91000366210938,2025-04-21,145.47999572753906,,0.0,0,0.0,-0.011204218256069765,-0.013445061907283716,0.0,0.0,-0.013445061907283716,11.253930914101062,-0.11580214397120904
2025-06-23,144.15383911132812,144.1699981689453,144.77999877929688,142.02999877929688,142.5,154308900,NVDA,44062000000.0,18775000000.0,0.76,26668000000.0,21638000000.0,22584000000.0,0.0,0.0,0.0,26187000000.0,27414000000.0,2025-06-09,15.0,0.5,10.0,42.61041260042667,47.42434150294254,19.829999923706055,0.00987749011881256,0.009728160231118554,0.0022244841977929752,1.3312639406769053,43.379906541275155,5486.772548207514,5.0,100.0,100.0,False,78.58190949881231,79.55520751258567,77.82335289588943,81.2870621292819,0.7807764064044151,73.58190949881231,4.999999999999999,51.0606964802941,0.44114190914003737,0.25222955153301774,0.3066285393269449,-0.28350000381469725,-0.1306046034157612,18.443804249614445,False,False,62.21472256080056,62.21181713695978,0.7483732438037396,3.787933511293966,10.688778864064007,1.336231630780014,0.2639961860519558,0.09355605656339563,-0.5830944781366867,0.03517921376911204,0.0029054238407775304,1.2,1.2,False,1.2,96.91000366210938,2025-04-21,145.47999572753906,,0.0,0,0.0,0.0022244841977929752,0.0026693810373515704,0.0,0.0,0.0026693810373515704,11.283971943878827,-0.11344188298105895
2025-06-24,147.88340759277344,147.89999389648438,147.9600067138672,145.5,145.55999755859375,187566100,NVDA,44062000000.0,18775000000.0,0.76,26668000000.0,21638000000.0,22584000000.0,0.0,0.0,0.0,26187000000.0,27414000000.0,2025-06-09,15.0,0.5,10.0,42.61041260042667,48.65131378173828,17.479999542236328,0.011047245877038092,0.017951253798990985,0.02587220486170838,1.328711341606147,43.51024166583449,5474.990811164489,5.0,100.0,100.0,False,78.13546547748064,79.00095697049036,77.26910235379412,80.7328115871866,0.7807764064044153,73.13546547748064,4.999999999999999,51.11819276597021,0.44114190914003737,0.25222955153301774,0.3066285393269449,-0.28350000381469725,-0.1306046034157612,18.443804249614445,False,False,82.14592029346225,82.14396968744302,0.7506217345849556,3.787933511293966,6.67228072864927,1.3322289429214758,0.2639961860519558,0.1498737898881001,-0.44644402133167205,0.13665045680501464,0.0019506060192406949,1.2,1.2,False,1.2,96.91000366210938,2025-04-21,147.89999389648438,,0.0,0,0.0,0.02587220486170838,0.031046645834050056,0.0,0.0,0.031046645834050056,11.63430142442179,-0.08591722711066953
2025-06-25,154.29270935058594,154.30999755859375,154.4499969482422,149.25999450683594,149.27000427246094,269146500,NVDA,44062000000.0,18775000000.0,0.76,26668000000.0,21638000000.0,22584000000.0,0.0,0.0,0.0,26187000000.0,27414000000.0,2025-06-09,15.0,0.5,10.0,42.61041260042667,50.75986761795847,16.760000228881836,0.0005602785258216336,0.008534220043163288,0.04334012120781927,1.342709820346253,43.64096838286251,5848.28201959024,5.0,100.0,100.0,False,77.84182817497751,78.54844676273017,76.81659214603393,80.2803013794264,0.7807764064044151,72.84182817497751,4.999999999999999,51.17586179949555,0.44114190914003737,0.25222955153301774,0.3066285393269449,-0.28350000381469725,-0.1306046034157612,18.443804249614445,False,False,88.3176677474652,88.31737333801641,0.752876980966849,3.787933511293966,3.192701630657041,1.3282382451324175,0.2639961860519558,0.3132143606523624,-0.2936373025031287,0.15280671882854335,0.0002944094487872917,1.2,1.2,False,1.2,96.91000366210938,2025-04-21,154.30999755859375,,0.0,0,0.0,0.04334012120781927,0.05200814544938313,0.0,0.0,0.05200814544938313,12.239379865105084,-0.03837747730546584
2025-06-26,155.00262451171875,155.02000427246094,156.72000122070312,154.0,155.97999572753906,198145700,NVDA,44062000000.0,18775000000.0,0.76,26668000000.0,21638000000.0,22584000000.0,0.0,0.0,0.0,26187000000.0,27414000000.0,2025-06-09,15.0,0.5,10.0,42.61041260042667,50.99342245804636,16.59000015258789,0.007823824018649228,0.006897939356733218,0.00460117118203951,1.341113676871853,43.772087868900556,5834.360334188001,5.0,100.0,100.0,False,77.57262044701389,78.16749568070026,76.43564106400402,79.8993502973965,0.7807764064044153,72.57262044701389,4.999999999999999,51.23370409989184,0.44114190914003737,0.25222955153301774,0.3066285393269449,-0.28350000381469725,-0.1306046034157612,18.443804249614445,False,False,88.05222304838371,88.05020061699526,0.7551390032466537,3.787933511293966,3.192701630657041,1.3242595014965297,0.2639961860519558,0.3132143606523624,-0.269207727963618,0.024429574539510668,0.002022431388459154,1.2,1.2,False,1.2,96.91000366210938,2025-04-21,155.02000427246094,,0.0,0,0.0,0.00460117118203951,0.005521405418447411,0.0,0.0,0.005521405418447411,12.30695844341071,-0.033067969498159225
2025-06-27,157.73231506347656,157.75,158.7100067138672,155.25999450683594,156.0399932861328,263234500,NVDA,44062000000.0,18775000000.0,0.76,26668000000.0,21638000000.0,22584000000.0,0.0,0.0,0.0,26187000000.0,27414000000.0,2025-06-09,15.0,0.5,10.0,42.61041260042667,51.891447368421055,16.31999969482422,0.004968339764334306,-0.0011948980085478844,0.01761060284026872,1.3386791892102565,43.90360130402489,5896.160672272718,5.0,100.0,100.0,False,77.22343004148203,77.79894359210091,76.06708897540467,79.53079820879715,0.7807764064044151,72.22343004148203,4.999999999999999,51.291720187740154,0.44114190914003737,0.25222955153301774,0.3066285393269449,-0.28350000381469725,-0.1306046034157612,18.443804249614445,False,False,87.5592084250522,87.55720480267675,0.7574078217825855,3.787933511293966,3.192701630657041,1.320292676205093,0.2639961860519558,0.3132143606523624,-0.3491904055318571,-0.07998267756823907,0.002003622375457326,1.2,1.2,False,1.2,96.91000366210938,2025-04-21,157.75,,0.0,0,0.0,0.01761060284026872,0.021132723408322462,0.0,0.0,0.021132723408322462,12.567037992193029,-0.012634062342916115
2025-06-30,157.97230529785156,157.99000549316406,158.66000366210938,155.9600067138672,158.39999389648438,194580300,NVDA,44062000000.0,18775000000.0,0.76,26668000000.0,21638000000.0,22584000000.0,0.0,0.0,0.0,26187000000.0,27414000000.0,2025-06-09,15.0,0.5,10.0,42.61041260042667,51.970396543803965,16.729999542236328,0.004781191670012452,0.009809751617682938,0.0015214294336867162,1.3374721326925088,44.0355098718573,5837.348535110451,5.0,100.0,100.0,False,76.84350206846067,77.42595049242222,75.69409587572596,79.15780510911847,0.7807764064044153,71.84350206846067,4.999999999999999,51.34991058518567,0.44114190914003737,0.25222955153301774,0.3066285393269449,-0.28350000381469725,-0.1306046034157612,18.443804249614445,False,False,86.91633694652707,86.91352260942554,0.7596834569940264,3.787933511293966,3.192701630657041,1.3163377335566533,0.2639961860519558,0.3132143606523624,-0.37992797302136694,-0.030737567489509843,0.0028143371015289633,1.2,1.2,False,1.2,96.91000366210938,2025-04-21,157.99000549316406,,0.0,0,0.0,0.0015214294336867162,0.0018257153204240594,0.0,0.0,0.0018257153204240594,12.589981825987726,-0.010831413223670792
2025-07-01,153.2828369140625,153.3000030517578,157.1999969482422,151.49000549316406,156.2899932861328,213143600,NVDA,44062000000.0,18775000000.0,0.76,26668000000.0,21638000000.0,22584000000.0,0.0,0.0,0.0,26187000000.0,27414000000.0,2025-06-09,15.0,0.5,10.0,42.61041260042667,50.42763258281507,16.829999923706055,-0.00032362414789344207,-0.008924671425053265,-0.029685437548827576,1.3678378275917376,44.1678147595758,6073.208251428482,5.0,100.0,100.0,False,76.42217487230155,77.03408833166513,75.30223371496889,78.76594294836137,0.7807764064044151,71.42217487230155,4.999999999999999,51.40827581594237,0.44114190914003737,0.25222955153301774,0.3066285393269449,-0.28350000381469725,-0.1306046034157612,18.443804249614445,False,False,86.20662150380224,86.19568946725784,0.7619659293617079,3.787933511293966,3.192701630657041,1.312394637956701,0.2639961860519558,0.3132143606523624,-0.42132719615911185,-0.04139922313774491,0.01093203654440117,1.2,1.2,False,1.2,96.91000366210938,2025-04-21,157.99000549316406,,0.0,0,0.0,-0.029685437548827576,-0.03562252505859309,0.0,0.0,-0.03562252505859309,12.141494882904247,-0.046068095993283646
2025-07-02,157.2323760986328,157.25,157.60000610351562,152.97000122070312,152.97999572753906,171224100,NVDA,44062000000.0,18775000000.0,0.76,26668000000.0,21638000000.0,22584000000.0,0.0,0.0,0.0,26187000000.0,27414000000.0,2025-06-09,15.0,0.5,10.0,42.61041260042667,51.72697368421053,16.639999389648438,0.004533291803274775,0.010559006588815256,0.025766450551919284,1.4049699859087206,44.30051715792527,5821.971492766035,5.0,100.0,100.0,False,76.01483964029534,76.63618566642508,74.90433104972882,78.36804028312133,0.7807764064044153,71.01483964029534,4.999999999999999,51.46681640529771,0.44114190914003737,0.25222955153301774,0.3066285393269449,-0.28350000381469725,-0.1306046034157612,18.443804249614445,False,False,85.46787514596005,85.45565060845377,0.7642552594278971,3.787933511293966,3.192701630657041,1.3084633539173491,0.2639961860519558,0.3132143606523624,-0.40733523200621846,0.013991964152893388,0.012224537506283469,1.2,1.2,False,1.2,96.91000366210938,2025-04-21,157.99000549316406,,0.0,0,0.0,0.025766450551919284,0.03091974066230314,0.0,0.0,0.03091974066230314,12.516906755936327,-0.016572768911898912
2025-07-03,159.3221435546875,159.33999633789062,160.97999572753906,157.77000427246094,158.3699951171875,143716100,NVDA,44062000000.0,18775000000.0,0.76,26668000000.0,21638000000.0,22584000000.0,0.0,0.0,0.0,26187000000.0,27414000000.0,2025-06-09,15.0,0.5,10.0,42.61041260042667,52.414472479569284,16.3799991607666,0.00788139987465386,0.013169294228348782,0.013290914708366408,1.403399661181218,44.43361826122818,5682.8961333082325,5.0,100.0,100.0,False,75.53528430168132,76.2064067607399,74.47455214404366,77.93826137743613,0.7807764064044151,70.53528430168132,4.999999999999999,51.52553288011741,0.44114190914003737,0.25222955153301774,0.3066285393269449,-0.28350000381469725,-0.1306046034157612,18.443804249614445,False,False,84.70730358539402,84.70534921943086,0.7665514677965802,3.787933511293966,3.192701630657041,1.3045438460570138,0.2639961860519558,0.3132143606523624,-0.4795553386140199,-0.07222010660780143,0.0019543659631608536,1.2,1.2,False,1.2,96.91000366210938,2025-04-21,159.33999633789062,,0.0,0,0.0,0.013290914708366408,0.015949097650039688,0.0,0.0,0.015949097650039688,12.716540124063195,-0.0008879919715667932
2025-07-07,158.22227478027344,158.24000549316406,159.30999755859375,157.33999633789062,158.1999969482422,140139000,NVDA,44062000000.0,18775000000.0,0.76,26668000000.0,21638000000.0,22584000000.0,0.0,0.0,0.0,26187000000.0,27414000000.0,2025-06-09,15.0,0.5,10.0,42.61041260042667,52.05263338590923,17.790000915527344,-0.007452000479036269,-0.007938952965327428,-0.006903419543163314,1.4141924804955237,44.56711926739538,5597.873535116549,5.0,100.0,100.0,False,75.03506002784107,75.74912681435674,74.0172721976605,77.48098143105298,0.7807764064044153,70.03506002784107,4.999999999999999,51.58442576885012,0.44114190914003737,0.25222955153301774,0.3066285393269449,-0.28350000381469725,-0.1306046034157612,18.443804249614445,False,False,83.96665577643745,83.97305439064291,0.768854575133648,3.787933511293966,3.192701630657041,1.3006360791000986,0.2639961860519558,0.3132143606523624,-0.5002242738402458,-0.020668935226225926,-0.006398614205459126,1.2,1.2,False,1.2,96.91000366210938,2025-04-21,159.33999633789062,,0.0,0,0.0,-0.006903419543163314,-0.008284103451795977,0.0,0.0,-0.008284103451795977,12.611194990126542,-0.009164739206005915
2025-07-08,159.98207092285156,160.0,160.22000122070312,158.38999938964844,159.3300018310547,138133000,NVDA,44062000000.0,18775000000.0,0.76,26668000000.0,21638000000.0,22584000000.0,0.0,0.0,0.0,26187000000.0,27414000000.0,2025-06-09,15.0,0.5,10.0,42.61041260042667,52.63157894736842,16.809999465942383,-0.0005477312372305088,0.0053742757956110054,0.011122310703610028,1.4426234360085042,44.70102137793681,5550.939834911846,5.0,100.0,100.0,False,74.52474335197763,75.27114195444807,73.53928733775183,77.00299657114431,0.7807764064044151,69.52474335197763,4.999999999999999,51.64349560153225,0.44114190914003737,0.25222955153301774,0.3066285393269449,-0.28350000381469725,-0.1306046034157612,18.443804249614445,False,False,83.25525813701898,83.25771714241814,0.7711646021670822,3.787933511293966,3.192701630657041,1.2967400178766737,0.2639961860519558,0.3132143606523624,-0.5103166758634359,-0.010092402023190061,-0.0024590053991607875,1.2,1.2,False,1.2,96.91000366210938,2025-04-21,160.0,,0.0,0,0.0,0.011122310703610028,0.013346772844332033,0.0,0.0,0.013346772844332033,12.779513744955338,0.0
2025-07-09,162.86175537109375,162.8800048828125,164.4199981689453,161.16000366210938,161.22000122070312,183656400,NVDA,44062000000.0,18775000000.0,0.76,26668000000.0,21638000000.0,22584000000.0,0.0,0.0,0.0,26187000000.0,27414000000.0,2025-06-09,15.0,0.5,10.0,42.61041260042667,53.578948974609375,15.9399995803833,0.005996663994070728,0.0060087322018012035,0.018000030517578036,1.4803928352027902,44.835325797972374,5525.580741248025,5.0,100.0,100.0,False,74.02530895519844,74.78478344838099,73.05292883168474,76.51663806507725,0.7807764064044153,69.02530895519844,4.999999999999999,51.702742909792676,0.44114190914003737,0.25222955153301774,0.3066285393269449,-0.28350000381469725,-0.1306046034157612,18.443804249614445,False,False,82.56178915153355,82.56510108938457,0.7734815696871419,3.787933511293966,3.192701630657041,1.2928556273221614,0.2639961860519558,0.3132143606523624,-0.49943439677919343,0.010882279084242441,-0.003311937851019593,1.2,1.2,False,1.2,96.91000366210938,2025-04-21,162.8800048828125,,0.0,0,0.0,0.018000030517578036,0.02160003662109364,0.0,0.0,0.02160003662109364,13.055551709846142,0.0
2025-07-10,164.0816192626953,164.10000610351562,164.5,161.61000061035156,164.32000732421875,167704100,NVDA,44062000000.0,18775000000.0,0.76,26668000000.0,21638000000.0,22584000000.0,0.0,0.0,0.0,26187000000.0,27414000000.0,2025-06-09,15.0,0.5,10.0,42.61041260042667,53.980265165630136,15.779999732971191,0.002820257303000284,-0.003296651398999595,0.007490184087241891,1.4702752516510689,44.970033736242755,5508.736943745148,5.0,100.0,100.0,False,73.51717963538968,74.28992587345505,72.55807125675881,76.02178049015129,0.7807764064044151,68.51717963538968,4.999999999999999,51.7621682268576,0.44114190914003737,0.25222955153301774,0.3066285393269449,-0.28350000381469725,-0.1306046034157612,18.443804249614445,False,False,81.89152584842137,81.89040649128914,0.7758054985465496,3.787933511293966,3.192701630657041,1.2889828724770225,0.2639961860519558,0.3132143606523624,-0.5081293198087593,-0.00869492302956587,0.001119357132231471,1.2,1.2,False,1.2,96.91000366210938,2025-04-21,164.10000610351562,,0.0,0,0.0,0.007490184087241891,0.008988220904690269,0.0,0.0,0.008988220904690269,13.172897892646846,0.0
2025-07-11,164.90151977539062,164.9199981689453,167.88999938964844,163.47000122070312,163.72000122070312,193633300,NVDA,44062000000.0,18775000000.0,0.76,26668000000.0,21638000000.0,22584000000.0,0.0,0.0,0.0,26187000000.0,27414000000.0,2025-06-09,15.0,0.5,10.0,42.61041260042667,54.24999939767938,16.399999618530273,-0.0035154072757080934,-0.004397248169129453,0.004996904539494196,1.4686017276371286,45.105146405120315,5471.849909178908,5.0,100.0,100.0,False,73.01202673292714,73.79104912411071,72.05919450741447,75.52290374080695,0.7807764064044153,68.01202673292714,4.999999999999999,51.821772087555246,0.44114190914003737,0.25222955153301774,0.3066285393269449,-0.28350000381469725,-0.1306046034157612,18.443804249614445,False,False,81.23188250688723,81.23766011541585,0.7781364096606815,3.787933511293966,3.192701630657041,1.2851217184864354,0.2639961860519558,0.3132143606523624,-0.505152902462541,0.0029764173462183408,-0.005777608528624114,1.2,1.2,False,1.2,96.91000366210938,2025-04-21,164.9199981689453,,0.0,0,0.0,0.004996904539494196,0.005996285447393035,0.0,0.0,0.005996285447393035,13.251886348580518,0.0
2025-07-14,164.05162048339844,164.07000732421875,165.49000549316406,162.02000427246094,165.3699951171875,136975800,NVDA,44062000000.0,18775000000.0,0.76,26668000000.0,21638000000.0,22584000000.0,0.0,0.0,0.0,26187000000.0,27414000000.0,2025-06-09,15.0,0.5,10.0,42.61041260042667,53.97039714612459,17.200000762939453,0.0019082172648787754,-0.0008208196554907454,-0.005153958611228138,1.4710910087543352,45.24066502061998,5419.292065930258,5.0,100.0,100.0,False,72.51688119335046,73.29362899504335,71.56177437834711,75.02548361173959,0.7807764064044151,67.51688119335046,4.999999999999999,51.88155502832078,0.44114190914003737,0.25222955153301774,0.3066285393269449,-0.28350000381469725,-0.1306046034157612,18.443804249614445,False,False,80.607631747827,80.6092852626451,0.780474324007752,3.787933511293966,3.192701630657041,1.281272130599991,0.2639961860519558,0.3132143606523624,-0.49514553957668284,0.010007362885858129,-0.0016535148180980741,1.2,1.2,False,1.2,96.91000366210938,2025-04-21,164.9199981689453,,0.0,0,0.0,-0.005153958611228138,-0.006184750333473765,0.0,0.0,-0.006184750333473765,13.169926740066979,-0.006184750333473739
2025-07-15,170.6808624267578,170.6999969482422,172.39999389648438,169.1999969482422,171.19000244140625,230627400,NVDA,44062000000.0,18775000000.0,0.76,26668000000.0,21638000000.0,22584000000.0,0.0,0.0,0.0,26187000000.0,27414000000.0,2025-06-09,15.0,0.5,10.0,42.61041260042667,56.15131478560598,17.3799991607666,-0.004273271747553764,0.008879691276328705,0.04040951623121414,1.404878468946774,45.3765908024102,5487.831993457257,5.0,100.0,100.0,False,72.0344619046437,72.80206501709088,71.07021040039464,74.53391963378712,0.7807764064044153,67.0344619046437,4.999999999999999,51.941517587201076,0.44114190914003737,0.25222955153301774,0.3066285393269449,-0.28350000381469725,-0.1306046034157612,18.443804249614445,False,False,80.00451407783825,80.00532147000011,0.782819262629007,3.787933511293966,3.192701630657041,1.27743407417137,0.2639961860519558,0.3132143606523624,-0.4824192887067511,0.012726250869931732,-0.0008073921618552049,1.2,1.2,False,1.2,96.91000366210938,2025-04-21,170.6999969482422,,0.0,0,0.0,0.04040951623121414,0.048491419477456964,0.0,0.0,0.048491419477456964,13.808555182106945,0.0
2025-07-16,171.35079956054688,171.3699951171875,171.75,168.89999389648438,171.05999755859375,158831500,NVDA,44062000000.0,18775000000.0,0.76,26668000000.0,21638000000.0,22584000000.0,0.0,0.0,0.0,26187000000.0,27414000000.0,2025-06-09,15.0,0.5,10.0,42.61041260042667,56.37170892012747,17.15999984741211,0.0033432282214846953,0.0031018098623922796,0.003925003989006859,1.3794006000223267,45.51292497382394,5440.225746621091,5.0,100.0,100.0,False,71.56273337937725,72.3182445658722,70.58638994917597,74.05009918256845,0.7807764064044151,66.56273337937725,4.999999999999999,52.00166030385955,0.44114190914003737,0.25222955153301774,0.3066285393269449,-0.28350000381469725,-0.1306046034157612,18.443804249614445,False,False,79.42664939795324,79.4257788156265,0.7851712466289106,3.787933511293966,3.192701630657041,1.2736075146580377,0.2639961860519558,0.3132143606523624,-0.4717285252664567,0.010690763440294404,0.0008705823267393953,1.2,1.2,False,1.2,96.91000366210938,2025-04-21,171.3699951171875,,0.0,0,0.0,0.003925003989006859,0.004710004786808231,0.0,0.0,0.004710004786808231,13.873593543113575,0.0
2025-07-17,172.98062133789062,173.0,174.16000366210938,170.8300018310547,172.02000427246094,160841100,NVDA,44062000000.0,18775000000.0,0.76,26668000000.0,21638000000.0,22584000000.0,0.0,0.0,0.0,26187000000.0,27414000000.0,2025-06-09,15.0,0.5,10.0,42.61041260042667,56.9078947368421,16.520000457763672,0.006119649327969823,0.009083553713168824,0.009511611888054494,1.3325845520995474,45.649668761869655,5446.509218808041,5.0,100.0,100.0,False,71.10122385983507,71.84313403918249,70.11127942248623,73.57498865587874,0.7807764064044153,66.10122385983507,4.999999999999999,52.06198371958108,0.44114190914003737,0.25222955153301774,0.3066285393269449,-0.28350000381469725,-0.1306046034157612,18.443804249614445,False,False,78.86820861406899,78.86890420791136,0.7875302971753334,3.787933511293966,3.192701630657041,1.269792417620935,0.2639961860519558,0.3132143606523624,-0.4615095195421759,0.010219005724280805,-0.0006955938423652697,1.2,1.2,False,1.2,96.91000366210938,2025-04-21,173.0,,0.0,0,0.0,0.009511611888054494,0.011413934265665393,0.0,0.0,0.011413934265665393,14.031945827843233,0.0
2025-07-18,172.39068603515625,172.41000366210938,174.25,171.25999450683594,173.63999938964844,146456400,NVDA,44062000000.0,18775000000.0,0.76,26668000000.0,21638000000.0,22584000000.0,0.0,0.0,0.0,26187000000.0,27414000000.0,2025-06-09,15.0,0.5,10.0,42.61041260042667,56.71381699411493,16.40999984741211,-0.0007323752525193461,-0.0006511258398296249,-0.003410383456015187,1.37189438915229,45.786823397242365,5390.245252432568,5.0,100.0,100.0,False,70.65080830211765,71.377664137058,69.64580952036177,73.10951875375424,0.7807764064044151,65.65080830211765,4.999999999999999,52.12248837727681,0.44114190914003737,0.25222955153301774,0.3066285393269449,-0.28350000381469725,-0.1306046034157612,18.443804249614445,False,False,78.33317533191837,78.33293721853067,0.7898964354997466,3.787933511293966,3.192701630657041,1.2659887487241621,0.2639961860519558,0.3132143606523624,-0.45041555771742026,0.011093961824755638,0.00023811338769746726,1.2,1.2,False,1.2,96.91000366210938,2025-04-21,173.0,,0.0,0,0.0,-0.003410383456015187,-0.004092460147218224,0.0,0.0,-0.004092460147218224,13.97452064875486,-0.004092460147218181
2025-07-21,171.36080932617188,171.3800048828125,173.3800048828125,171.0,172.75,123126100,NVDA,44062000000.0,18775000000.0,0.76,26668000000.0,21638000000.0,22584000000.0,0.0,0.0,0.0,26187000000.0,27414000000.0,2025-06-09,15.0,0.5,10.0,42.61041260042667,56.37500160618832,16.649999618530273,0.0018961764380651669,0.0013032171367264311,-0.005974124223762978,1.3885893368732902,45.924390114334706,5362.106915786103,5.0,100.0,100.0,False,70.21324167780372,70.92308734542144,69.1912327287252,72.65494196211768,0.7807764064044153,65.21324167780372,4.999999999999999,52.18317482148905,0.44114190914003737,0.25222955153301774,0.3066285393269449,-0.28350000381469725,-0.1306046034157612,18.443804249614445,False,False,77.81705520534284,77.81625461631197,0.7922696828974107,3.787933511293966,3.192701630657041,1.2621964737346738,0.2639961860519558,0.3132143606523624,-0.4375666243139307,0.012848933403489582,0.0008005890308686503,1.2,1.2,False,1.2,96.91000366210938,2025-04-21,173.0,,0.0,0,0.0,-0.005974124223762978,-0.0071689490685155725,0.0,0.0,-0.0071689490685155725,13.874338021967016,-0.011232070577373444
2025-07-22,167.01129150390625,167.02999877929688,171.38999938964844,164.5800018310547,171.33999633789062,193114300,NVDA,44062000000.0,18775000000.0,0.76,26668000000.0,21638000000.0,22584000000.0,0.0,0.0,0.0,26187000000.0,27414000000.0,2025-06-09,15.0,0.5,10.0,42.61041260042667,54.94407854582134,16.5,0.00014308223598114012,-0.009263918102660251,-0.025382226511722283,1.5125587850603952,46.06237015124806,5749.157978043827,5.0,100.0,100.0,False,69.79006695828467,70.48076955229564,68.7489149355994,72.21262416899188,0.7807764064044151,64.79006695828467,4.999999999999999,52.24404359839622,0.44114190914003737,0.25222955153301774,0.3066285393269449,-0.28350000381469725,-0.1306046034157612,18.443804249614445,False,False,77.31956319612031,77.31854509605071,0.7946500607275683,3.787933511293966,3.192701630657041,1.2584155585219698,0.2639961860519558,0.3132143606523624,-0.4231747195190536,0.014391904794877064,0.0010181000695945385,1.2,1.2,False,1.2,96.91000366210938,2025-04-21,173.0,,0.0,0,0.0,-0.025382226511722283,-0.030458671814066737,0.0,0.0,-0.030458671814066737,13.451744113518496,-0.041348628439931506
2025-07-23,170.7608642578125,170.77999877929688,171.25999450683594,167.97000122070312,169.52999877929688,154082200,NVDA,44062000000.0,18775000000.0,0.76,26668000000.0,21638000000.0,22584000000.0,0.0,0.0,0.0,26187000000.0,27414000000.0,2025-06-09,15.0,0.5,10.0,42.61041260042667,56.177631177400286,15.369999885559082,0.008507516372031176,0.005718523242105755,0.022451056860480545,1.4831045046911353,46.20076474980372,5468.427788192661,5.0,100.0,100.0,False,69.38413328011887,70.05265568843419,68.32080107173795,71.78451030513042,0.7807764064044153,64.38413328011887,4.999999999999999,52.30509525581773,0.44114190914003737,0.25222955153301774,0.3066285393269449,-0.28350000381469725,-0.1306046034157612,18.443804249614445,False,False,76.83919476137993,76.8383395003047,0.7970375904136371,3.787933511293966,3.192701630657041,1.2546459690577854,0.2639961860519558,0.3132143606523624,-0.40593367816579473,0.01724104135325888,0.0008552610752235524,1.2,1.2,False,1.2,96.91000366210938,2025-04-21,173.0,,0.0,0,0.0,0.022451056860480545,0.026941268232576653,0.0,0.0,0.026941268232576653,13.814151159876783,-0.0155213446972041
2025-07-24,173.7205352783203,173.74000549316406,173.8300018310547,171.3000030517578,172.44000244140625,128984600,NVDA,44062000000.0,18775000000.0,0.76,26668000000.0,21638000000.0,22584000000.0,0.0,0.0,0.0,26187000000.0,27414000000.0,2025-06-09,15.0,0.5,10.0,42.61041260042667,57.15131759643555,15.390000343322754,0.0003310590028946514,0.004226078863591054,0.01733227974601692,1.4661053451157948,46.33957515555396,5351.70924341025,5.0,100.0,100.0,False,69.00212220507564,69.64253980946208,67.91068519276584,71.37439442615832,0.7807764064044151,64.00212220507564,4.999999999999999,52.36633034321889,0.44114190914003737,0.25222955153301774,0.3066285393269449,-0.28350000381469725,-0.1306046034157612,18.443804249614445,False,False,76.37468955238539,76.37387203192745,0.7994322934433993,3.787933511293966,3.192701630657041,1.2508876714157922,0.2639961860519558,0.3132143606523624,-0.3820110750432377,0.023922603122557007,0.0008175204579424644,1.2,1.2,False,1.2,96.91000366210938,2025-04-21,173.74000549316406,,0.0,0,0.0,0.01733227974601692,0.020798735695220304,0.0,0.0,0.020798735695220304,14.101468038704882,0.0
2025-07-25,173.48056030273438,173.5,174.72000122070312,172.9600067138672,173.61000061035156,122316800,NVDA,44062000000.0,18775000000.0,0.76,26668000000.0,21638000000.0,22584000000.0,0.0,0.0,0.0,26187000000.0,27414000000.0,2025-06-09,15.0,0.5,10.0,42.61041260042667,57.07236842105263,14.930000305175781,0.004224319453948855,0.0022953271062953196,-0.001381406041071509,1.4687245439471328,46.478802617793406,5281.97088634898,5.0,100.0,100.0,False,68.65435080102543,69.25676247803432,67.52490786133808,70.98861709473056,0.7807764064044153,63.65435080102543,4.999999999999999,52.42774941171593,0.44114190914003737,0.25222955153301774,0.3066285393269449,-0.28350000381469725,-0.1306046034157612,18.443804249614445,False,False,75.9254980726425,75.92461055569652,0.8018341913691999,3.787933511293966,3.192701630657041,1.2471406317712832,0.2639961860519558,0.3132143606523624,-0.34777140405020646,0.03423967099303127,0.0008875169459804511,1.2,1.2,False,1.2,96.91000366210938,2025-04-21,173.74000549316406,,0.0,0,0.0,-0.001381406041071509,-0.0016576872492858107,0.0,0.0,-0.0016576872492858107,14.07809221494091,-0.001657687249285798
2025-07-28,176.73019409179688,176.75,177.0,173.97000122070312,174.02000427246094,140023500,NVDA,44062000000.0,18775000000.0,0.76,26668000000.0,21638000000.0,22584000000.0,0.0,0.0,0.0,26187000000.0,27414000000.0,2025-06-09,15.0,0.5,10.0,42.61041260042667,58.141447368421055,15.029999732971191,-0.0002510958258695739,0.007977390037004595,0.018731988472622474,1.4722065193477996,46.618448389570126,5345.473566589094,5.0,100.0,100.0,False,68.35001148101114,68.90277758555463,67.17092296885839,70.63463220225087,0.7807764064044151,63.35001148101114,4.999999999999999,52.48935301408085,0.44114190914003737,0.25222955153301774,0.3066285393269449,-0.28350000381469725,-0.1306046034157612,18.443804249614445,False,False,75.49252620519592,75.49149829052364,0.8042433058081347,3.787933511293966,3.192701630657041,1.2434048164008793,0.2639961860519558,0.3132143606523624,-0.304339320014293,0.043432084035913476,0.0010279146722791666,1.2,1.2,False,1.2,96.91000366210938,2025-04-21,176.75,,0.0,0,0.0,0.018731988472622474,0.02247838616714697,0.0,0.0,0.02247838616714697,14.394545008245055,0.0
2025-07-29,175.49032592773438,175.50999450683594,179.3800048828125,175.02000427246094,177.9600067138672,154077500,NVDA,44062000000.0,18775000000.0,0.76,26668000000.0,21638000000.0,22584000000.0,0.0,0.0,0.0,26187000000.0,27414000000.0,2025-06-09,15.0,0.5,10.0,42.61041260042667,57.73355082461708,15.979999542236328,-0.002637599568784843,3.790429466055123e-05,-0.007015589777448761,1.4768854129050164,46.75851372769704,5292.526307464228,5.0,100.0,100.0,False,68.10811107358688,68.59254915380258,66.86069453710633,70.32440377049883,0.7807764064044153,63.10811107358688,4.999999999999999,52.5511417047465,0.44114190914003737,0.25222955153301774,0.3066285393269449,-0.28350000381469725,-0.1306046034157612,18.443804249614445,False,False,75.07488536168908,75.0737340093055,0.8066596584422504,3.787933511293966,3.192701630657041,1.2396801916822162,0.2639961860519558,0.3132143606523624,-0.24190040742425367,0.06243891259003931,0.001151352383590165,1.2,1.2,False,1.2,96.91000366210938,2025-04-21,176.75,,0.0,0,0.0,-0.007015589777448761,-0.008418707732938513,0.0,0.0,-0.008418707732938513,14.273361540872012,-0.00841870773293848
2025-07-30,179.2499237060547,179.27000427246094,179.88999938964844,176.0399932861328,176.50999450683594,174312200,NVDA,44062000000.0,18775000000.0,0.76,26668000000.0,21638000000.0,22584000000.0,0.0,0.0,0.0,26187000000.0,27414000000.0,2025-06-09,15.0,0.5,10.0,42.61041260042667,58.97039614225689,15.479999542236328,-0.0012593076546151272,0.0022340730284071686,0.021423337036675427,1.476416721554893,46.89899989276313,5324.211869138054,5.0,100.0,100.0,False,67.97348835347391,68.35087512028934,66.6190205035931,70.08272973698558,0.7807764064044151,62.97348835347392,4.999999999999999,52.613116039811516,0.44114190914003737,0.25222955153301774,0.3066285393269449,-0.28350000381469725,-0.1306046034157612,18.443804249614445,False,False,74.67217841698695,74.67079913367868,0.8090832710187371,3.787933511293966,3.192701630657041,1.2359667240936458,0.2639961860519558,0.3132143606523624,-0.13462272011297216,0.10727768731128151,0.0013792833082607104,1.2,1.2,False,1.2,96.91000366210938,2025-04-21,179.27000427246094,,0.0,0,0.0,0.021423337036675427,0.025708004444010512,0.0,0.0,0.025708004444010512,14.640301182795719,0.0
2025-07-31,177.85006713867188,177.8699951171875,183.3000030517578,175.92999267578125,182.89999389648438,221685400,NVDA,46743000000.0,26422000000.0,1.08,33853000000.0,28440000000.0,31937000000.0,0.0,0.0,0.0,13470000000.0,15365000000.0,2025-09-09,15.0,0.5,10.0,56.52611086151937,41.173609980830435,16.719999313354492,-0.003751229077306739,-0.0073296149882498,-0.007809500317440987,1.474694563524534,47.039908149144814,5294.862591113243,5.0,100.0,100.0,False,67.98399173441476,68.20764817449302,66.47579355779678,69.93950279118926,0.7807764064044153,62.98399173441476,4.999999999999999,52.675276577045324,0.44114190914003737,0.25222955153301774,0.3066285393269449,-0.28350000381469725,-0.1306046034157612,18.443804249614445,False,False,74.28487918061471,74.2829653723649,0.8115141653501243,3.787933511293966,3.192701630657041,1.2322643802139353,0.2639961860519558,0.3132143606523624,0.010503380940846796,0.14512610105381896,0.0019138082498045606,1.0,1.2,True,1.0,96.91000366210938,2025-04-21,179.27000427246094,,0.0,0,0.0,-0.007809500317440987,-0.009371400380929184,0.19999999999999996,9.999999999999998e-05,-0.009471400380929184,14.50163702859607,-0.009471400380929156
2025-08-01,173.70053100585938,173.72000122070312,176.5399932861328,170.88999938964844,174.08999633789062,204529000,NVDA,46743000000.0,26422000000.0,1.08,33853000000.0,28440000000.0,31937000000.0,0.0,0.0,0.0,13470000000.0,15365000000.0,2025-09-09,15.0,0.5,10.0,56.52611086151937,40.212963245533125,20.3799991607666,-0.01639040328219421,-0.02158020522531945,-0.023331613034284993,1.4651191827314258,47.18123976501736,5458.913764425561,5.0,100.0,100.0,False,68.2193158087342,68.21220308126006,66.48034846456382,69.9440576979563,0.7807764064044151,63.219315808734194,4.999999999999999,52.737623875893185,0.44114190914003737,0.25222955153301774,0.3066285393269449,-0.28350000381469725,-0.1306046034157612,18.443804249614445,False,False,73.91345302976039,73.91071385608095,0.8139523633144768,3.787933511293966,3.192701630657041,1.2285731267219655,0.2639961860519558,0.3132143606523624,0.23532407431943625,0.22482069337858945,0.0027391736794425015,1.0,1.0,False,1.0,96.91000366210938,2025-04-21,179.27000427246094,,0.0,0,0.0,-0.023331613034284993,-0.023331613034284993,0.0,0.0,-0.023331613034284993,14.163290445081207,-0.03258203036663358
2025-08-04,179.97982788085938,180.0,180.1999969482422,174.52000427246094,175.16000366210938,148174600,NVDA,46743000000.0,26422000000.0,1.08,33853000000.0,28440000000.0,31937000000.0,0.0,0.0,0.0,13470000000.0,15365000000.0,2025-09-09,15.0,0.5,10.0,56.52611086151937,41.666666666666664,17.520000457763672,0.01519978873502148,0.020305757466757335,0.036150119359707134,1.4609018583443631,47.32299601236627,5211.73024551056,5.0,100.0,100.0,False,68.86623171374504,68.46752814393867,66.73567352724243,70.1993827606349,0.7807764064044153,63.86623171374504,4.999999999999999,52.800158497481206,0.44114190914003737,0.25222955153301774,0.3066285393269449,-0.28350000381469725,-0.1306046034157612,18.443804249614445,False,False,73.55762438589714,73.55414981917427,0.8163978868555931,3.787933511293966,3.192701630657041,1.2248929303964293,0.2639961860519558,0.3132143606523624,0.6469159050108431,0.4115918306914068,0.0034745667228730783,1.0,1.0,False,1.0,96.91000366210938,2025-04-21,180.0,,0.0,0,0.0,0.036150119359707134,0.036150119359707134,0.0,0.0,0.036150119359707134,14.675295085197092,0.0
2025-08-05,178.24002075195312,178.25999450683594,180.25999450683594,175.89999389648438,179.6199951171875,156407600,NVDA,46743000000.0,26422000000.0,1.08,33853000000.0,28440000000.0,31937000000.0,0.0,0.0,0.0,13470000000.0,15365000000.0,2025-09-09,15.0,0.5,10.0,56.52611086151937,41.26388761732313,17.850000381469727,-0.0050699689365404366,-0.008273336219601801,-0.009666697184244843,1.4743359639126534,47.46517816699871,5201.93772174357,5.0,100.0,100.0,False,70.76275689103761,69.36355837045667,67.63170375376043,71.09541298715291,0.7807764064044151,65.76275689103761,4.999999999999999,52.862881004621414,0.44114190914003737,0.25222955153301774,0.3066285393269449,-0.28350000381469725,-0.1306046034157612,18.443804249614445,False,False,73.22312208080594,73.21812696779874,0.8188507579832017,3.787933511293966,3.192701630657041,1.221223758115535,0.2639961860519558,0.3132143606523624,1.896525177292574,1.249609272281731,0.004995113007203145,1.0,1.0,False,1.0,96.91000366210938,2025-04-21,180.0,,0.0,0,0.0,-0.009666697184244843,-0.009666697184244843,0.0,0.0,-0.009666697184244843,14.533433451519056,-0.00966669718424483
2025-08-06,179.39988708496094,179.4199981689453,179.89999389648438,176.25,176.3300018310547,137192300,NVDA,46743000000.0,26422000000.0,1.08,33853000000.0,28440000000.0,31937000000.0,0.0,0.0,0.0,13470000000.0,15365000000.0,2025-09-09,15.0,0.5,10.0,56.52611086151937,41.53240698355215,16.770000457763672,0.007659695237280717,0.011264004039601927,0.006507369560503795,1.4547710990328504,47.607787508555056,5181.884052023102,5.0,100.0,100.0,False,74.61336317509705,71.41302023530254,69.68116561860629,73.1448748519988,0.7807764064044153,69.61336317509705,4.999999999999999,52.92579196181678,0.44114190914003737,0.25222955153301774,0.3066285393269449,-0.28350000381469725,-0.1306046034157612,18.443804249614445,False,False,72.90177998072474,72.89319776573984,0.82131099877316,3.787933511293966,3.192701630657041,1.217565576856706,0.2639961860519558,0.3132143606523624,3.850606284059438,1.518727130426143,0.008582214984902522,1.0,1.0,False,1.0,96.91000366210938,2025-04-21,180.0,,0.0,0,0.0,0.006507369560503795,0.006507369560503795,0.0,0.0,0.006507369560503795,14.628007873971079,-0.0032222323947483575
2025-08-07,180.749755859375,180.77000427246094,183.8800048828125,178.8000030517578,181.57000732421875,151878400,NVDA,46743000000.0,26422000000.0,1.08,33853000000.0,28440000000.0,31937000000.0,0.0,0.0,0.0,13470000000.0,15365000000.0,2025-09-09,15.0,0.5,10.0,56.52611086151937,41.84490839640299,16.56999969482422,-0.0008376201402309214,0.0009124530054798186,0.0075242788835858665,1.5928851639395625,47.75082532052033,5123.62563417305,5.0,100.0,100.0,False,84.52094024069298,76.53019757392518,74.79834295722894,78.26205219062142,0.7807764064044151,79.52094024069298,4.999999999999999,52.98889193526635,0.44114190914003737,0.25222955153301774,0.3066285393269449,-0.28350000381469725,-0.1306046034157612,18.443804249614445,False,False,72.59049512118054,72.57888503309623,0.8237786313676511,3.787933511293966,3.192701630657041,1.2139183536962876,0.2639961860519558,0.3132143606523624,9.90757706559593,1.518727130426143,0.011610088084305517,1.0,1.0,False,1.0,96.91000366210938,2025-04-21,180.77000427246094,,0.0,0,0.0,0.0075242788835858665,0.0075242788835858665,0.0,0.0,0.0075242788835858665,14.738073084726127,0.0
2025-08-08,182.6795196533203,182.6999969482422,183.3000030517578,180.39999389648438,181.5500030517578,123396700,NVDA,46743000000.0,26422000000.0,1.08,33853000000.0,28440000000.0,31937000000.0,0.0,0.0,0.0,13470000000.0,15365000000.0,2025-09-09,15.0,0.5,10.0,56.52611086151937,42.29166596024125,15.149999618530273,0.007797536853746623,0.009989003750454861,0.010676509543432466,1.500157640173668,47.894292890235796,5121.982044319652,5.0,100.0,100.0,False,84.65764175643334,79.70305590496078,77.97120128826452,81.43491052165703,0.7807764064044153,79.65764175643334,4.999999999999999,53.05218149287032,0.44114190914003737,0.25222955153301774,0.3066285393269449,-0.28350000381469725,-0.1306046034157612,18.443804249614445,False,False,72.29189902883515,72.27391337336486,0.8262536779753846,3.787933511293966,3.192701630657041,1.2102820558092469,0.2639961860519558,0.3132143606523624,0.13670151574035572,-1.518727130426143,0.017985655470287156,1.0,1.0,False,1.0,96.91000366210938,2025-04-21,182.6999969482422,,0.0,0,0.0,0.010676509543432466,0.010676509543432466,0.0,0.0,0.010676509543432466,14.89542426266701,0.0
2025-08-11,182.0395965576172,182.05999755859375,183.83999633789062,180.25,182.0500030517578,138323200,NVDA,46743000000.0,26422000000.0,1.08,33853000000.0,28440000000.0,31937000000.0,0.0,0.0,0.0,13470000000.0,15365000000.0,2025-09-09,15.0,0.5,10.0,56.52611086151937,42.14351795337818,16.25,-0.0019774785462639555,-0.006769021584139057,-0.0035030071173440813,1.4646547317614442,48.03819150891057,5059.18838324891,5.0,100.0,100.0,False,84.65764175643295,81.63726777312807,79.90541315643183,83.36912238982431,0.7807764064044151,79.65764175643295,4.999999999999999,53.115661204235124,0.44114190914003737,0.25222955153301774,0.3066285393269449,-0.28350000381469725,-0.1306046034157612,18.443804249614445,False,False,72.02616495144714,71.99323760499183,0.8287361608717976,3.787933511293966,3.192701630657041,1.2066566504688774,0.2639961860519558,0.3132143606523624,-3.836930773104541e-13,-0.1367015157407394,0.03292734645531255,1.0,1.0,False,1.0,96.91000366210938,2025-04-21,182.6999969482422,,0.0,0,0.0,-0.0035030071173440813,-0.0035030071173440813,0.0,0.0,-0.0035030071173440813,14.843245485459027,-0.003503007117344126
2025-08-12,183.1394805908203,183.16000366210938,184.47999572753906,179.4600067138672,182.9600067138672,145485700,NVDA,46743000000.0,26422000000.0,1.08,33853000000.0,28440000000.0,31937000000.0,0.0,0.0,0.0,13470000000.0,15365000000.0,2025-09-09,15.0,0.5,10.0,56.52611086151937,42.39814899585865,14.729999542236328,0.010646024206171889,0.015485371851820418,0.006041997793400977,1.412832206913007,48.182522471633185,5015.782948629456,5.0,100.0,100.0,False,84.65764175643247,82.81638614546897,81.08453152877271,84.54824076216522,0.7807764064044153,79.65764175643247,4.999999999999999,53.1793316406786,0.44114190914003737,0.25222955153301774,0.3066285393269449,-0.28350000381469725,-0.1306046034157612,18.443804249614445,False,False,71.8413427335552,71.74137399177266,0.8312261023992518,3.787933511293966,3.192701630657041,1.2030421050465079,0.2639961860519558,0.3132143606523624,-4.831690603168681e-13,-9.947598300641403e-14,0.09996874178253848,1.0,1.0,False,1.0,96.91000366210938,2025-04-21,183.16000366210938,,0.0,0,0.0,0.006041997793400977,0.006041997793400977,0.0,0.0,0.006041997793400977,14.93292834192908,0.0
2025-08-13,181.5696563720703,181.58999633789062,183.97000122070312,179.35000610351562,182.6199951171875,179871700,NVDA,46743000000.0,26422000000.0,1.08,33853000000.0,28440000000.0,31937000000.0,0.0,0.0,0.0,13470000000.0,15365000000.0,2025-09-09,15.0,0.5,10.0,56.52611086151937,42.03472137451172,14.489999771118164,0.0034231312120525104,0.0003728649442664711,-0.008571780371412707,1.4170711925953858,48.32728707738326,5000.852623865706,5.0,100.0,100.0,False,84.657641756432,83.53519061506881,81.80333599837257,85.26704523176505,0.7807764064044151,79.657641756432,4.999999999999999,53.24319337523509,0.44114190914003737,0.25222955153301774,0.3066285393269449,-0.28350000381469725,-0.1306046034157612,18.443804249614445,False,False,71.64415031140494,71.52265214097085,0.8337235249672376,3.787933511293966,3.192701630657041,1.1994383870112055,0.2639961860519558,0.3132143606523624,-4.689582056016661e-13,1.4210854715202004e-14,0.12149817043409143,1.0,1.0,False,1.0,96.91000366210938,2025-04-21,183.16000366210938,,0.0,0,0.0,-0.008571780371412707,-0.008571780371412707,0.0,0.0,-0.008571780371412707,14.80492655988002,-0.008571780371412664
2025-08-14,181.99960327148438,182.02000427246094,183.02000427246094,179.4600067138672,179.75,129554000,NVDA,46743000000.0,26422000000.0,1.08,33853000000.0,28440000000.0,31937000000.0,0.0,0.0,0.0,13470000000.0,15365000000.0,2025-09-09,15.0,0.5,10.0,56.52611086151937,42.13426024825485,14.829999923706055,9.303533506632711e-05,-0.002161628629357981,0.0023680155473442266,1.4149531994838367,48.47248662904326,4941.626906979407,5.0,100.0,100.0,False,84.65764175643163,83.97338229932771,82.24152768263147,85.70523691602395,0.7807764064044153,79.65764175643163,4.999999999999999,53.30724698266066,0.44114190914003737,0.25222955153301774,0.3066285393269449,-0.28350000381469725,-0.1306046034157612,18.443804249614445,False,False,71.4634347841447,71.3419366137106,0.8362284510525761,3.787933511293966,3.192701630657041,1.195845463929482,0.2639961860519558,0.3132143606523624,-3.694822225952521e-13,9.947598300641403e-14,0.12149817043409143,1.0,1.0,False,1.0,96.91000366210938,2025-04-21,183.16000366210938,,0.0,0,0.0,0.0023680155473442266,0.0023680155473442266,0.0,0.0,0.0023680155473442266,14.839984856151105,-0.0062240629332563704
2025-08-15,180.42977905273438,180.4499969482422,181.89999389648438,178.0399932861328,181.8800048828125,156602200,NVDA,46743000000.0,26422000000.0,1.08,33853000000.0,28440000000.0,31937000000.0,0.0,0.0,0.0,13470000000.0,15365000000.0,2025-09-09,15.0,0.5,10.0,56.52611086151937,41.77083262690791,15.09000015258789,-0.002341281862229483,-0.007582260844864908,-0.00862546581346435,1.408136705970136,48.6181224334101,4957.331624330099,5.0,100.0,100.0,False,84.65764175643133,84.24050911931052,82.50865450261428,85.97236373600676,0.7807764064044151,79.65764175643133,4.999999999999999,53.37149303943819,0.44114190914003737,0.25222955153301774,0.3066285393269449,-0.28350000381469725,-0.1306046034157612,18.443804249614445,False,False,71.08329662262695,71.20479479306104,0.8387409031996182,3.787933511293966,3.192701630657041,1.1922633034650063,0.2639961860519558,0.3132143606523624,-2.984279490192421e-13,7.105427357601002e-14,-0.12149817043409143,1.0,1.0,False,1.0,96.91000366210938,2025-04-21,183.16000366210938,,0.0,0,0.0,-0.00862546581346435,-0.00862546581346435,0.0,0.0,-0.00862546581346435,14.711983074102045,-0.014795843304669034
2025-08-18,181.98959350585938,182.00999450683594,182.94000244140625,180.58999633789062,180.60000610351562,132008000,NVDA,46743000000.0,26422000000.0,1.08,33853000000.0,28440000000.0,31937000000.0,0.0,0.0,0.0,13470000000.0,15365000000.0,2025-09-09,15.0,0.5,10.0,56.52611086151937,42.131943172878685,14.989999771118164,-0.00021760326977848798,0.002145189237690026,0.008645040648247893,1.4326151058974577,48.764195801207016,4898.698726147747,5.0,100.0,100.0,False,84.6576417564308,84.40335278001291,82.67149816331667,86.13520739670915,0.7807764064044153,79.6576417564308,4.999999999999999,53.435932123782635,0.44114190914003737,0.25222955153301774,0.3066285393269449,-0.28350000381469725,-0.1306046034157612,18.443804249614445,False,False,71.1066859146418,71.11762203590106,0.8412609040204504,3.787933511293966,3.192701630657041,1.1886918733783103,0.2639961860519558,0.3132143606523624,-5.258016244624741e-13,-2.2737367544323206e-13,-0.010936121259259152,1.0,1.0,False,1.0,96.91000366210938,2025-04-21,183.16000366210938,,0.0,0,0.0,0.008645040648247893,0.008645040648247893,0.0,0.0,0.008645040648247893,14.839168765793993,-0.006278713323215113
2025-08-19,175.6203155517578,175.63999938964844,182.5,175.49000549316406,182.42999267578125,185229200,NVDA,46743000000.0,26422000000.0,1.08,33853000000.0,28440000000.0,31937000000.0,0.0,0.0,0.0,13470000000.0,15365000000.0,2025-09-09,15.0,0.5,10.0,56.52611086151937,40.65740726612232,15.569999694824219,-0.005425136484688009,-0.017463454720184846,-0.0349980512578294,1.4823864953588608,48.9107080470953,5342.560297650975,5.0,100.0,100.0,False,84.65764175643038,84.50262419661065,82.77076957991441,86.2344788133069,0.7807764064044151,79.65764175643038,4.999999999999999,53.500564815646186,0.44114190914003737,0.25222955153301774,0.3066285393269449,-0.28350000381469725,-0.1306046034157612,18.443804249614445,False,False,71.08775195337661,71.08775195337662,0.8437884761950963,3.787933511293966,3.192701630657041,1.1851311415264993,0.2639961860519558,0.3132143606523624,-4.263256414560601e-13,9.947598300641403e-14,-7.958078640513123e-15,1.0,1.0,False,1.0,96.91000366210938,2025-04-21,183.16000366210938,,0.0,0,0.0,-0.0349980512578294,-0.0349980512578294,0.0,0.0,-0.0349980512578294,14.319826776705153,-0.04105702185032547
2025-08-20,175.38034057617188,175.39999389648438,176.0,168.8000030517578,175.1699981689453,215142700,NVDA,46743000000.0,26422000000.0,1.08,33853000000.0,28440000000.0,31937000000.0,0.0,0.0,0.0,13470000000.0,15365000000.0,2025-09-09,15.0,0.5,10.0,56.52611086151937,40.60185043900101,15.6899995803833,-0.0026570578976855552,-0.006765495935733168,-0.0013664626167051441,1.4779322773406713,49.057660489686164,5298.762430031285,5.0,100.0,100.0,False,84.65764175643,84.56314122325331,82.83128660655706,86.29499583994956,0.7807764064044153,79.65764175643,4.999999999999999,53.56539169672351,0.44114190914003737,0.25222955153301774,0.3066285393269449,-0.28350000381469725,-0.1306046034157612,18.443804249614445,False,False,71.1233939283672,71.1233939283672,0.8463236424717256,3.787933511293966,3.192701630657041,1.1815810758629592,0.2639961860519558,0.3132143606523624,-3.836930773104541e-13,4.263256414560601e-14,1.1368683772161603e-15,1.0,1.0,False,1.0,96.91000366210938,2025-04-21,183.16000366210938,,0.0,0,0.0,-0.0013664626167051441,-0.0013664626167051441,0.0,0.0,-0.0013664626167051441,14.300259268737092,-0.04236738158151889
2025-08-21,174.96038818359375,174.97999572753906,176.89999389648438,173.80999755859375,174.85000610351562,140040900,NVDA,46743000000.0,26422000000.0,1.08,33853000000.0,28440000000.0,31937000000.0,0.0,0.0,0.0,13470000000.0,15365000000.0,2025-09-09,15.0,0.5,10.0,56.52611086151937,40.50462864063404,16.600000381469727,-0.004011843753210287,-0.0036174809287161658,-0.002394516439910399,1.4993100385515878,49.20505445155256,5273.11909643139,5.0,100.0,100.0,False,84.65764175642951,84.60003311660162,82.86817849990538,86.33188773329786,0.7807764064044151,79.65764175642951,4.999999999999999,53.63041335045697,0.44114190914003737,0.25222955153301774,0.3066285393269449,-0.28350000381469725,-0.1306046034157612,18.443804249614445,False,False,71.23314768867962,71.23314768867961,0.84886642566685,3.787933511293966,3.192701630657041,1.1780416444370774,0.2639961860519558,0.3132143606523624,-4.831690603168681e-13,-9.947598300641403e-14,7.958078640513123e-15,1.0,1.0,False,1.0,96.91000366210938,2025-04-21,183.16000366210938,,0.0,0,0.0,-0.002394516439910399,-0.002394516439910399,0.0,0.0,-0.002394516439910399,14.266017062823119,-0.044660448629716444
2025-08-22,177.97006225585938,177.99000549316406,178.58999633789062,171.1999969482422,172.61000061035156,172789400,NVDA,46743000000.0,26422000000.0,1.08,33853000000.0,28440000000.0,31937000000.0,0.0,0.0,0.0,13470000000.0,15365000000.0,2025-09-09,15.0,0.5,10.0,56.52611086151937,41.20139016045464,14.220000267028809,0.015356793254796441,0.013556871947697058,0.017202022168933517,1.4864767768273335,49.35289125924116,5310.265563089994,5.0,100.0,100.0,False,84.65764175642903,84.62252284999276,82.89066823329651,86.35437746668902,0.7807764064044153,79.65764175642903,4.999999999999999,53.69563036204188,0.44114190914003737,0.25222955153301774,0.3066285393269449,-0.28350000381469725,-0.1306046034157612,18.443804249614445,False,False,71.42528503086598,71.42528503086598,0.851416848665536,3.787933511293966,3.192701630657041,1.1745128153939461,0.2639961860519558,0.3132143606523624,-4.831690603168681e-13,0.0,5.684341886080802e-15,1.0,1.0,False,1.0,96.91000366210938,2025-04-21,183.16000366210938,,0.0,0,0.0,0.017202022168933517,0.017202022168933517,0.0,0.0,0.017202022168933517,14.511421404600187,-0.028226676488185783
2025-08-25,179.78985595703125,179.80999755859375,181.91000366210938,176.57000732421875,178.35000610351562,163012800,NVDA,46743000000.0,26422000000.0,1.08,33853000000.0,28440000000.0,31937000000.0,0.0,0.0,0.0,13470000000.0,15365000000.0,2025-09-09,15.0,0.5,10.0,56.52611086151937,41.62268462004484,14.789999961853027,-0.0044010272058598865,-0.0022484064677911197,0.010225248661501984,1.4774511752300223,49.50117224328423,5343.525782920866,5.0,100.0,100.0,False,84.65764175642869,84.63623285677471,82.90437824007847,86.36808747347095,0.7807764064044151,79.65764175642869,4.999999999999999,53.76104331843181,0.44114190914003737,0.25222955153301774,0.3066285393269449,-0.28350000381469725,-0.1306046034157612,18.443804249614445,False,False,71.72033394323641,71.72033394323643,0.8539749344216064,3.787933511293966,3.192701630657041,1.1709945569740823,0.2639961860519558,0.3132143606523624,-3.410605131648481e-13,1.4210854715202004e-13,-1.8189894035458565e-14,1.0,1.0,False,1.0,96.91000366210938,2025-04-21,183.16000366210938,,0.0,0,0.0,0.010225248661501984,0.010225248661501984,0.0,0.0,0.010225248661501984,14.659804296894066,-0.01829005261266326
2025-08-26,181.7496337890625,181.77000427246094,182.38999938964844,178.80999755859375,180.05999755859375,168688200,NVDA,46743000000.0,26422000000.0,1.08,33853000000.0,28440000000.0,31937000000.0,0.0,0.0,0.0,13470000000.0,15365000000.0,2025-09-09,15.0,0.5,10.0,56.52611086151937,42.07638987788447,14.619999885559082,0.004186969919329098,0.004583173313114974,0.010900432347920486,1.448181023626733,49.649898738211625,5422.175765783386,5.0,100.0,100.0,False,84.65764175642838,84.64459063864304,82.91273602194678,86.37644525533929,0.7807764064044153,79.65764175642838,4.999999999999999,53.82665280834379,0.44114190914003737,0.25222955153301774,0.3066285393269449,-0.28350000381469725,-0.1306046034157612,18.443804249614445,False,False,72.14656799731814,72.14656799731813,0.8565407059578523,3.787933511293966,3.192701630657041,1.1674868375131338,0.2639961860519558,0.3132143606523624,-3.126388037344441e-13,2.842170943040401e-14,7.958078640513123e-15,1.0,1.0,False,1.0,96.91000366210938,2025-04-21,183.16000366210938,,0.0,0,0.0,0.010900432347920486,0.010900432347920486,0.0,0.0,0.010900432347920486,14.819602501866115,-0.007588989745886967
2025-08-27,181.57965087890625,181.60000610351562,182.49000549316406,179.10000610351562,181.97999572753906,235518900,NVDA,46743000000.0,26422000000.0,1.08,33853000000.0,28440000000.0,31937000000.0,0.0,0.0,0.0,13470000000.0,15365000000.0,2025-09-09,15.0,0.5,10.0,56.52611086151937,42.03703844988787,14.850000381469727,0.0022785538462906096,0.005398674806389225,-0.0009352377452249705,1.4374492863431674,49.799072082562795,5359.486928571111,5.0,100.0,100.0,False,84.65764175642795,84.64968564106486,82.91783102436862,86.3815402577611,0.7807764064044151,79.65764175642795,4.999999999999999,53.89245942226367,0.44114190914003737,0.25222955153301774,0.3066285393269449,-0.28350000381469725,-0.1306046034157612,18.443804249614445,False,False,72.74228153398654,72.74228153398654,0.8591141863662336,3.787933511293966,3.192701630657041,1.1639896254416033,0.2639961860519558,0.3132143606523624,-4.263256414560601e-13,-1.1368683772161603e-13,3.4106051316484808e-15,1.0,1.0,False,1.0,96.91000366210938,2025-04-21,183.16000366210938,,0.0,0,0.0,-0.0009352377452249705,-0.0009352377452249705,0.0,0.0,-0.0009352377452249705,14.80574265023714,-0.008517129981453446
2025-08-28,180.14981079101562,180.1699981689453,184.47000122070312,176.41000366210938,180.82000732421875,281787800,NVDA,46743000000.0,26422000000.0,1.08,33853000000.0,28440000000.0,31937000000.0,0.0,0.0,0.0,13470000000.0,15365000000.0,2025-09-09,15.0,0.5,10.0,56.52611086151937,41.706018094663264,14.430000305175781,0.003541403909580021,0.007903181098189549,-0.007874492767115715,1.3949377386021464,49.94869361889885,5310.279641112708,5.0,100.0,100.0,False,84.65764175642754,84.65279161464576,82.92093699794952,86.384646231342,0.7807764064044153,79.65764175642754,4.999999999999999,53.95846375245142,0.44114190914003737,0.25222955153301774,0.3066285393269449,-0.28350000381469725,-0.1306046034157612,18.443804249614445,False,False,73.56098509564949,73.5609850956495,0.8616953988080914,3.787933511293966,3.192701630657041,1.1605028892845586,0.2639961860519558,0.3132143606523624,-4.121147867408581e-13,1.4210854715202004e-14,-7.958078640513123e-15,1.0,1.0,False,1.0,96.91000366210938,2025-04-21,183.16000366210938,,0.0,0,0.0,-0.007874492767115715,-0.007874492767115715,0.0,0.0,-0.007874492767115715,14.68915493682607,-0.016324554670133672
2025-08-29,174.1604766845703,174.17999267578125,178.14999389648438,173.14999389648438,178.11000061035156,243257900,NVDA,46743000000.0,26422000000.0,1.08,33853000000.0,28440000000.0,31937000000.0,0.0,0.0,0.0,13470000000.0,15365000000.0,2025-09-09,15.0,0.5,10.0,56.52611086151937,40.31944274902344,15.359999656677246,-0.0059637477949624484,-0.0153447745432983,-0.033246409247044806,1.4439430688921062,50.09876469381463,5702.858559442232,33.39487110305592,100.0,100.0,False,93.39228875162615,88.06458819884237,86.33273358214613,89.79644281553861,0.7807764064044151,88.39228875162615,4.999999999999999,61.186691997108106,0.44114190914003737,0.25222955153301774,0.3066285393269449,-0.28350000381469725,-0.1306046034157612,18.443804249614445,False,False,87.64843064396322,87.64843064396322,0.8642843665143545,6.349286199877344,3.192701630657041,1.1570265976613514,0.15749801922920376,0.3132143606523624,8.734646995198617,1.518727130426143,0.0,1.0,1.0,False,1.0,96.91000366210938,2025-04-21,183.16000366210938,,0.0,0,0.0,-0.033246409247044806,-0.033246409247044806,0.0,0.0,-0.033246409247044806,14.2007932803031,-0.0490282310918395
2025-09-02,170.7608642578125,170.77999877929688,172.3800048828125,167.22000122070312,170.0,231164900,NVDA,46743000000.0,26422000000.0,1.08,33853000000.0,28440000000.0,31937000000.0,0.0,0.0,0.0,13470000000.0,15365000000.0,2025-09-09,15.0,0.5,10.0,56.52611086151937,39.532407124837235,17.170000076293945,-0.007410229210411012,-0.010097253918098681,-0.019520002522982804,1.4487836592999341,50.249286657950826,5953.686409186207,55.52999572503784,100.0,100.0,False,93.39132727027092,90.14408429386435,88.41222967716811,91.87593891056059,0.7807764064044153,88.39132727027092,4.999999999999999,66.83622610026461,0.44114190914003737,0.25222955153301774,0.3066285393269449,-0.28350000381469725,-0.1306046034157612,18.443804249614445,False,False,88.18382247555742,88.1838224755574,0.866881112785751,12.66593534007404,3.192701630657041,1.153560719285332,0.07895192681396986,0.3132143606523624,-0.000961481355233218,-1.518727130426143,1.1368683772161604e-14,1.2,1.0,True,1.2,96.91000366210938,2025-04-21,183.16000366210938,,0.0,0,0.0,-0.019520002522982804,-0.019520002522982804,0.19999999999999996,9.999999999999998e-05,-0.019620002522982804,13.922173680315197,-0.06768629959710301
2025-09-03,170.60089111328125,170.6199951171875,172.41000366210938,168.8800048828125,171.05999755859375,164424900,NVDA,46743000000.0,26422000000.0,1.08,33853000000.0,28440000000.0,31937000000.0,0.0,0.0,0.0,13470000000.0,15365000000.0,2025-09-09,15.0,0.5,10.0,56.52611086151937,39.495369240089694,16.350000381469727,0.005419542688669621,0.0059661985503327575,-0.0009368993046788843,1.4428370215967743,50.400260866006114,5903.758017144441,70.20508589639657,100.0,100.0,False,93.37482487920585,91.40532730598827,89.67347268929203,93.1371819226845,0.7807764064044151,88.37482487920585,4.999999999999999,70.60431856326544,0.44114190914003737,0.25222955153301774,0.3066285393269449,-0.28350000381469725,-0.1306046034157612,18.443804249614445,False,False,88.07324557292561,88.07324557292561,0.8694856609930129,18.59906652449565,3.192701630657041,1.1501052229635744,0.05376613921365158,0.3132143606523624,-0.016502391065074562,-0.015540909709841344,2.2737367544323206e-15,1.2,1.2,False,1.2,96.91000366210938,2025-04-21,183.16000366210938,,0.0,0,0.0,-0.0009368993046788843,-0.001124279165614661,0.0,0.0,-0.001124279165614661,13.90652127050635,-0.06873448046628311
2025-09-04,171.64077758789062,171.66000366210938,171.86000061035156,169.41000366210938,170.57000732421875,141670100,NVDA,46743000000.0,26422000000.0,1.08,33853000000.0,28440000000.0,31937000000.0,0.0,0.0,0.0,13470000000.0,15365000000.0,2025-09-09,15.0,0.5,10.0,56.52611086151937,39.73611195882161,15.300000190734863,0.008357419089116691,0.004935942279683525,0.006095466971544283,1.4425657168442727,50.55168867674941,5837.260477246751,79.7201992932278,100.0,100.0,False,93.30655175023244,92.14754290066087,90.41568828396461,93.87939751735712,0.7807764064044153,88.30655175023244,4.999999999999999,73.07111250166217,0.44114190914003737,0.25222955153301774,0.3066285393269449,-0.28350000381469725,-0.1306046034157612,18.443804249614445,False,False,87.76133170391901,87.76133170391903,0.8720980345770935,23.84113112183123,3.192701630657041,1.1466600775965858,0.04194431861851991,0.3132143606523624,-0.06827312897340221,-0.051770737908327646,-9.094947017729283e-15,1.2,1.2,False,1.2,96.91000366210938,2025-04-21,183.16000366210938,,0.0,0,0.0,0.006095466971544283,0.00731456036585314,0.0,0.0,0.00731456036585314,14.008241359818488,-0.06192268260701622
2025-09-05,167.0012969970703,167.02000427246094,169.02999877929688,164.07000732421875,168.02999877929688,224441400,NVDA,46743000000.0,26422000000.0,1.08,33853000000.0,28440000000.0,31937000000.0,0.0,0.0,0.0,13470000000.0,15365000000.0,2025-09-09,15.0,0.5,10.0,56.52611086151937,38.66203802603262,15.180000305175781,-0.002896236284437803,0.000837536897869251,-0.027030171796929903,1.4464154409938441,50.70357145303202,5830.195569803668,85.99143472006938,100.0,100.0,False,93.11853870329946,92.52660820736983,90.7947535906736,94.25846282406607,0.7807764064044151,88.11853870329946,4.999999999999999,74.7199052588272,0.44114190914003737,0.25222955153301774,0.3066285393269449,-0.28350000381469725,-0.1306046034157612,18.443804249614445,False,False,87.16809879236268,87.16809879236268,0.8747182570493728,28.33885580950939,3.192701630657041,1.1432252521780344,0.03528723977855309,0.3132143606523624,-0.18801304693297993,-0.11973991795957772,1.1368683772161603e-15,1.2,1.2,False,1.2,96.91000366210938,2025-04-21,183.16000366210938,,0.0,0,0.0,-0.027030171796929903,-0.03243620615631588,0.0,0.0,-0.03243620615631588,13.553867155183983,-0.0923503518645389
2025-09-08,168.2911376953125,168.30999755859375,170.9600067138672,167.35000610351562,167.5500030517578,163769100,NVDA,46743000000.0,26422000000.0,1.08,33853000000.0,28440000000.0,31937000000.0,0.0,0.0,0.0,13470000000.0,15365000000.0,2025-09-09,15.0,0.5,10.0,56.52611086151937,38.96064758300781,15.109999656677246,0.002456626412859597,0.0074944888171866175,0.007723585517507514,1.4377612437126865,50.855910561799945,5777.9765196850485,89.56549982942052,100.0,100.0,False,92.72864751635706,92.60548197018157,90.87362735348532,94.33733658687783,0.7807764064044153,87.72864751635706,4.999999999999999,75.68859326378723,0.44114190914003737,0.25222955153301774,0.3066285393269449,-0.28350000381469725,-0.1306046034157612,18.443804249614445,False,False,86.56161964601014,86.44012147557605,0.8773463519918694,32.050007333415785,3.192701630657041,1.1398007157944703,0.031201240910712243,0.3132143606523624,-0.3898911869424069,-0.20187814000942694,0.12149817043409143,1.2,1.2,False,1.2,96.91000366210938,2025-04-21,183.16000366210938,,0.0,0,0.0,0.007723585517507514,0.009268302621009016,0.0,0.0,0.009268302621009016,13.679488497663183,-0.08393798025176712
2025-09-09,170.74085998535156,170.75999450683594,170.97999572753906,166.74000549316406,169.08999633789062,157548400,NVDA,46743000000.0,26422000000.0,1.08,33853000000.0,28440000000.0,31937000000.0,0.0,0.0,0.0,13470000000.0,15365000000.0,2025-09-09,15.0,0.5,10.0,56.52611086151937,39.52777650621202,15.039999961853027,0.002311853583358836,0.0019258006701814434,0.014556455253879275,1.436445137058257,51.008707374106216,5768.436943264904,91.7113701316971,100.0,100.0,False,92.13753990316565,92.42280290743649,90.69094829074025,94.15465752413273,0.7807764064044151,87.13753990316565,4.999999999999999,76.29725024526977,0.44114190914003737,0.25222955153301774,0.3066285393269449,-0.28350000381469725,-0.1306046034157612,18.443804249614445,False,False,85.5272437339285,85.6487419043626,0.8799823430574572,35.03872184306718,3.192701630657041,1.1363864376250405,0.028539853835960107,0.3132143606523624,-0.5911076131914115,-0.2012164262490046,-0.12149817043409143,1.2,1.2,False,1.2,96.91000366210938,2025-04-21,183.16000366210938,,0.0,0,0.0,0.014556455253879275,0.01746774630465513,0.0,0.0,0.01746774630465513,13.91843833231781,-0.06793644129147504
2025-09-10,177.3101348876953,177.3300018310547,179.2899932861328,175.47000122070312,176.63999938964844,226852000,NVDA,46743000000.0,26422000000.0,1.08,33853000000.0,28440000000.0,31937000000.0,0.0,0.0,0.0,13470000000.0,15365000000.0,2025-09-09,15.0,0.5,10.0,56.52611086151937,41.04861153496636,15.350000381469727,0.0028908474672986184,0.018127676283181238,0.0384750968351415,1.4721701841599517,51.161963265123156,6350.165856956401,94.46623636403744,100.0,100.0,False,91.52244114576226,92.07131229706451,90.33945768036827,93.80316691376075,0.7807764064044153,86.52244114576226,4.999999999999999,77.0597165159366,0.44114190914003737,0.25222955153301774,0.3066285393269449,-0.28350000381469725,-0.1306046034157612,18.443804249614445,False,False,84.85703260756803,84.85827588034482,0.8826262539700731,37.49779368664725,3.192701630657041,1.132982386941219,0.026668235692920095,0.3132143606523624,-0.6150987574033877,-0.023991144211976234,-0.0012432727767873076,1.2,1.2,False,1.2,96.91000366210938,2025-04-21,183.16000366210938,,0.0,0,0.0,0.0384750968351415,0.0461701162021698,0.0,0.0,0.0461701162021698,14.561054247473658,-0.02490295847809456
2025-09-11,177.16014099121094,177.1699981689453,180.27999877929688,176.47999572753906,179.67999267578125,151159300,NVDA,46743000000.0,26422000000.0,1.08,33853000000.0,28440000000.0,31937000000.0,0.0,0.0,0.0,13470000000.0,15365000000.0,2025-09-09,15.0,0.5,10.0,56.52611086151937,41.01157365021882,14.710000038146973,0.008310180352278485,0.003368512613989072,-0.00090229324117308,1.487517016535196,51.31567961415484,6271.370996881938,95.0,100.0,100.0,False,90.66039232770021,91.52050578536226,89.78865116866602,93.2523604020585,0.7807764064044151,85.66039232770021,4.999999999999999,77.26215820213794,0.44114190914003737,0.25222955153301774,0.3066285393269449,-0.28350000381469725,-0.1306046034157612,18.443804249614445,False,False,84.04097141642895,84.04511307546161,0.8852781085249332,39.31341264250289,3.192701630657041,1.129588533106527,0.025436611395034947,0.3132143606523624,-0.8620488180620498,-0.2469500606586621,-0.0041416590326662115,1.2,1.2,False,1.2,96.91000366210938,2025-04-21,183.16000366210938,,0.0,0,0.0,-0.00090229324117308,-0.001082751889407696,0.0,0.0,-0.001082751889407696,14.545288238475438,-0.025958746642158262
2025-09-12,177.8101043701172,177.82000732421875,178.60000610351562,176.4499969482422,177.77000427246094,124911000,NVDA,46743000000.0,26422000000.0,1.08,33853000000.0,28440000000.0,31937000000.0,0.0,0.0,0.0,13470000000.0,15365000000.0,2025-09-09,15.0,0.5,10.0,56.52611086151937,41.16203873245804,14.760000228881836,-0.00033458287585352853,-0.000664032603122644,0.003668844397986648,1.4972181626805612,51.469857804649415,6242.593455323345,95.0,100.0,100.0,False,89.70693345768619,90.81250854298355,89.08065392628731,92.54436315967979,0.7807764064044153,84.70693345768619,4.999999999999999,77.33017266344046,0.44114190914003737,0.25222955153301774,0.3066285393269449,-0.28350000381469725,-0.1306046034157612,18.443804249614445,False,False,83.23768424706913,83.24726344050589,0.8879379305887464,40.52619790809003,3.192701630657041,1.1262048455762566,0.024675396450165765,0.3132143606523624,-0.9534588700140176,-0.09141005195196783,-0.009579193436766218,1.2,1.2,False,1.2,96.91000366210938,2025-04-21,183.16000366210938,,0.0,0,0.0,0.003668844397986648,0.004402613277583977,0.0,0.0,0.004402613277583977,14.609325517600437,-0.021670419687210393
2025-09-15,177.74009704589844,177.75,178.85000610351562,174.50999450683594,175.6699981689453,147061600,NVDA,46743000000.0,26422000000.0,1.08,33853000000.0,28440000000.0,31937000000.0,0.0,0.0,0.0,13470000000.0,15365000000.0,2025-09-09,15.0,0.5,10.0,56.52611086151937,41.14583333333333,15.6899995803833,0.005323922883704979,0.009007687527404773,-0.00039369767931174415,1.4758136106260766,51.624499224211654,6177.5138600473165,95.0,100.0,100.0,False,88.74849906172525,90.0067435902028,88.27488897350656,91.73859820689904,0.7807764064044151,83.74849906172525,4.999999999999999,77.39839147449828,0.44114190914003737,0.25222955153301774,0.3066285393269449,-0.28350000381469725,-0.1306046034157612,18.443804249614445,False,False,82.46340869062014,82.4795589418209,0.8906057440999281,41.18943361135581,3.192701630657041,1.122831293897199,0.02427807115377044,0.3132143606523624,-0.9584343959609356,-0.004975525946917969,-0.016150251200754157,1.2,1.2,False,1.2,96.91000366210938,2025-04-21,183.16000366210938,,0.0,0,0.0,-0.00039369767931174415,-0.000472437215174093,0.0,0.0,-0.000472437215174093,14.602423528537331,-0.02213261898965575
2025-09-16,174.87026977539062,174.8800048828125,177.5,174.3800048828125,177.0,140737800,NVDA,46743000000.0,26422000000.0,1.08,33853000000.0,28440000000.0,31937000000.0,0.0,0.0,0.0,13470000000.0,15365000000.0,2025-09-09,15.0,0.5,10.0,56.52611086151937,40.481482611762154,16.360000610351562,-0.0013768488621856978,-0.003475823875214279,-0.016146245385021074,1.482757914401734,51.779605264615384,6193.358637979436,95.0,100.0,100.0,False,87.80191880396791,89.14600600352887,87.41415138683263,90.8778606202251,0.7807764064044153,82.80191880396791,4.999999999999999,77.46681524928114,0.44114190914003737,0.25222955153301774,0.3066285393269449,-0.28350000381469725,-0.1306046034157612,18.443804249614445,False,False,81.72854755099974,81.74464486509966,0.8932815730688186,41.3295848831745,3.192701630657041,1.1194678477073654,0.024195742658114756,0.3132143606523624,-0.946580257757347,0.011854138203588604,-0.01609731409992037,1.2,1.2,False,1.2,96.91000366210938,2025-04-21,183.16000366210938,,0.0,0,0.0,-0.016146245385021074,-0.01937549446202529,0.0,0.0,-0.01937549446202529,14.31949435232801,-0.041079283015016795
2025-09-17,170.280517578125,170.2899932861328,173.1999969482422,168.41000366210938,172.63999938964844,211843800,NVDA,46743000000.0,26422000000.0,1.08,33853000000.0,28440000000.0,31937000000.0,0.0,0.0,0.0,13470000000.0,15365000000.0,2025-09-09,15.0,0.5,10.0,56.52611086151937,39.41897992734555,15.720000267028809,-0.0012424353397253451,-0.0034511967480185257,-0.026246634655319623,1.5311656397746438,51.935177321816006,6447.908787861401,95.0,100.0,100.0,False,86.8762100608523,88.2599044438317,86.52804982713546,89.99175906052794,0.7807764064044151,81.8762100608523,4.999999999999999,77.53544460360347,0.44114190914003737,0.25222955153301774,0.3066285393269449,-0.28350000381469725,-0.1306046034157612,18.443804249614445,False,False,81.04179053201234,81.0437098235493,0.8959654415778958,40.952022575928964,3.192701630657041,1.1161144767357183,0.02441881834153379,0.3132143606523624,-0.9257087431156066,0.02087151464174042,-0.0019192915369580987,1.2,1.2,False,1.2,96.91000366210938,2025-04-21,183.16000366210938,,0.0,0,0.0,-0.026246634655319623,-0.03149596158638355,0.0,0.0,-0.03149596158638355,13.86848810827065,-0.07128141308156317
2025-09-18,176.23019409179688,176.24000549316406,177.10000610351562,172.9600067138672,173.97999572753906,191763300,NVDA,46743000000.0,26422000000.0,1.08,33853000000.0,28440000000.0,31937000000.0,0.0,0.0,0.0,13470000000.0,15365000000.0,2025-09-09,15.0,0.5,10.0,56.52611086151937,40.79629756786205,15.699999809265137,0.004672497836806455,0.017278865887928596,0.03494046885675561,1.567080840272312,52.091216795963085,6272.741230883161,95.0,100.0,100.0,False,85.97603157160877,87.36830741690233,85.63645280020609,89.10016203359856,0.7807764064044153,80.97603157160877,4.999999999999999,77.60428015512991,0.44114190914003737,0.25222955153301774,0.3066285393269449,-0.28350000381469725,-0.1306046034157612,18.443804249614445,False,False,80.35760465488522,80.37736065973792,0.8986573737819954,40.04210459698512,3.192701630657041,1.1127711508018954,0.024973712297712062,0.3132143606523624,-0.9001784892435296,0.02553025387207697,-0.01975600485269297,1.2,1.2,False,1.2,96.91000366210938,2025-04-21,183.16000366210938,,0.0,0,0.0,0.03494046885675561,0.041928562628106736,0.0,0.0,0.041928562628106736,14.44997388047543,-0.03234157764606673
2025-09-19,176.66015625,176.6699981689453,178.0800018310547,175.17999267578125,175.77000427246094,237182100,NVDA,46743000000.0,26422000000.0,1.08,33853000000.0,28440000000.0,31937000000.0,0.0,0.0,0.0,13470000000.0,15365000000.0,2025-09-09,15.0,0.5,10.0,56.52611086151937,40.89583290947808,15.449999809265137,0.0021743762573189773,0.010140585108146638,0.0024398131092768782,1.4964672597372717,52.247725091412946,6215.603785686504,95.0,100.0,100.0,False,85.10351918110213,86.48416080689479,84.75230619019855,88.21601542359103,0.7807764064044151,80.10351918110213,4.999999999999999,77.67332252338092,0.44114190914003737,0.25222955153301774,0.3066285393269449,-0.28350000381469725,-0.1306046034157612,18.443804249614445,False,False,79.73900179211829,79.74631459627444,0.9013573939085242,38.56216473572288,3.192701630657041,1.1094378398159417,0.025932154142623346,0.3132143606523624,-0.8725123905066425,0.02766609873688708,-0.007312804156157426,1.2,1.2,False,1.2,96.91000366210938,2025-04-21,183.16000366210938,,0.0,0,0.0,0.0024398131092768782,0.0029277757311322538,0.0,0.0,0.0029277757311322538,14.492280163318181,-0.0295084908010731
2025-09-22,183.5997772216797,183.61000061035156,184.5500030517578,174.7100067138672,175.3000030517578,269637000,NVDA,46743000000.0,26422000000.0,1.08,33853000000.0,28440000000.0,31937000000.0,0.0,0.0,0.0,13470000000.0,15365000000.0,2025-09-09,15.0,0.5,10.0,56.52611086151937,42.502314956099895,16.100000381469727,0.004731075170536503,0.013408827098540188,0.03928229191902566,1.5520987295144273,52.40470361674131,6793.696003404859,95.0,100.0,100.0,False,84.25931584621088,85.61560758028992,83.88375296359368,87.34746219698616,0.7807764064044153,79.25931584621088,4.999999999999999,77.74257232973827,0.44114190914003737,0.25222955153301774,0.3066285393269449,-0.28350000381469725,-0.1306046034157612,18.443804249614445,False,False,79.15182601073248,79.15222405280824,0.9040655262576829,36.44282341842896,3.192701630657041,1.1061145137780348,0.027440244915115576,0.3132143606523624,-0.8442033348912474,0.028309055615395096,-0.0003980420757534375,1.2,1.2,False,1.2,96.91000366210938,2025-04-21,183.61000061035156,,0.0,0,0.0,0.03928229191902566,0.04713875030283079,0.0,0.0,0.04713875030283079,15.175428139255507,0.0
2025-09-23,178.42005920410156,178.42999267578125,182.4199981689453,176.2100067138672,181.97000122070312,192559600,NVDA,46743000000.0,26422000000.0,1.08,33853000000.0,28440000000.0,31937000000.0,0.0,0.0,0.0,13470000000.0,15365000000.0,2025-09-09,15.0,0.5,10.0,56.52611086151937,41.30323904531973,16.639999389648438,-0.005443591771073009,-0.008632287588600684,-0.028212014146021813,1.598868731256592,52.56215378475594,6716.000726478271,95.0,100.0,100.0,False,83.44317490514388,84.7675154916619,83.03566087496566,86.49937010835814,0.7807764064044151,78.44317490514388,4.999999999999999,77.81203019745065,0.44114190914003737,0.25222955153301774,0.3066285393269449,-0.28350000381469725,-0.1306046034157612,18.443804249614445,False,False,78.60016445949812,78.59921612844182,0.90678179520268,33.56317370811631,3.192701630657041,1.1028011427782185,0.029794560213421598,0.3132143606523624,-0.8161409410670046,0.028062393824242804,0.0009483310562870883,1.2,1.2,False,1.2,96.91000366210938,2025-04-21,183.61000061035156,,0.0,0,0.0,-0.028212014146021813,-0.033854416975226176,0.0,0.0,-0.033854416975226176,14.66167286725157,-0.033854416975226224
2025-09-24,176.96014404296875,176.97000122070312,179.77999877929688,175.39999389648438,179.77000427246094,143564100,NVDA,46743000000.0,26422000000.0,1.08,33853000000.0,28440000000.0,31937000000.0,0.0,0.0,0.0,13470000000.0,15365000000.0,2025-09-09,15.0,0.5,10.0,56.52611086151937,40.96527806034794,16.18000030517578,-0.0031815658943793457,-0.0061737598272493255,-0.008182432970958109,1.6184314410950906,52.720077012509435,6662.869808561234,95.0,100.0,100.0,False,82.65432480667033,83.9425507771244,82.21069616042814,85.67440539382065,0.7807764064044153,77.65432480667033,4.999999999999999,77.88169675163938,0.44114190914003737,0.25222955153301774,0.3066285393269449,-0.28350000381469725,-0.1306046034157612,18.443804249614445,False,False,78.09966852456549,78.09799880339415,0.9095062251899556,29.702900549747955,3.192701630657041,1.0994976969961303,0.03366674572152131,0.3132143606523624,-0.7888500984735458,0.02729084259345882,0.0016697211713392335,1.2,1.2,False,1.2,96.91000366210938,2025-04-21,183.61000061035156,,0.0,0,0.0,-0.008182432970958109,-0.00981891956514973,0.0,0.0,-0.00981891956514973,14.517711080677488,-0.043340922743171174
2025-09-25,177.68011474609375,177.69000244140625,180.25999450683594,173.1300048828125,174.47999572753906,191586700,NVDA,46743000000.0,26422000000.0,1.08,33853000000.0,28440000000.0,31937000000.0,0.0,0.0,0.0,13470000000.0,15365000000.0,2025-09-09,15.0,0.5,10.0,56.52611086151937,41.131945009584776,16.739999771118164,-0.004613504621998388,-0.0017594536664051752,0.004068493053832389,1.577749162313871,52.8784747213119,6563.461731593508,95.0,100.0,100.0,False,81.89169462123998,83.14192072740249,81.41006611070625,84.87377534409873,0.7807764064044151,76.89169462123998,4.999999999999999,77.95157261930392,0.44114190914003737,0.25222955153301774,0.3066285393269449,-0.28350000381469725,-0.1306046034157612,18.443804249614445,False,False,77.68347959681678,77.68143717650702,0.9122388407393975,24.400950674674064,3.192701630657041,1.0962041467007362,0.04098200981316305,0.3132143606523624,-0.7626301854303534,0.026219913043192378,0.0020424203097661577,1.2,1.2,False,1.2,96.91000366210938,2025-04-21,183.61000061035156,,0.0,0,0.0,0.004068493053832389,0.004882191664598867,0.0,0.0,0.004882191664598867,14.588589328704627,-0.038670329770325
2025-09-26,178.18008422851562,178.19000244140625,179.77000427246094,174.92999267578125,178.1699981689453,148573700,NVDA,46743000000.0,26422000000.0,1.08,33853000000.0,28440000000.0,31937000000.0,0.0,0.0,0.0,13470000000.0,15365000000.0,2025-09-09,15.0,0.5,10.0,56.52611086151937,41.247685750325516,15.289999961853027,0.0057290777314567,0.0030215695607576087,0.0028138893192084513,1.5584450865184865,53.0373483367438,6494.907247155791,95.0,100.0,100.0,False,81.15405553518164,82.36588160680319,80.63402699010695,84.09773622349942,0.7807764064044153,76.15405553518164,4.999999999999999,78.02165842932752,0.44114190914003737,0.25222955153301774,0.3066285393269449,-0.28350000381469725,-0.1306046034157612,18.443804249614445,False,False,77.51672788635983,77.51451459846088,0.9149796664445643,16.307020195000906,3.192701630657041,1.0929204622500612,0.06132328212278543,0.3132143606523624,-0.7376390860583371,0.02499109937201638,0.0022132878989509666,1.2,1.2,False,1.2,96.91000366210938,2025-04-21,183.61000061035156,,0.0,0,0.0,0.0028138893192084513,0.0033766671830501413,0.0,0.0,0.0033766671830501413,14.63785013953786,-0.03542423942076795
2025-09-29,181.8398895263672,181.85000610351562,184.0,180.32000732421875,180.42999267578125,193063500,NVDA,46743000000.0,26422000000.0,1.08,33853000000.0,28440000000.0,31937000000.0,0.0,0.0,0.0,13470000000.0,15365000000.0,2025-09-09,15.0,0.5,10.0,56.52611086151937,42.09490882025824,16.1200008392334,0.0028104096748033935,0.0053435312506942,0.02053989343938012,1.588565145930001,53.19669928866871,6547.037387792048,95.0,100.0,100.0,False,80.44011033068176,81.61408321853972,79.88222860184348,83.34593783523596,0.7807764064044151,75.44011033068176,4.999999999999999,78.09195481248295,0.44114190914003737,0.25222955153301774,0.3066285393269449,-0.28350000381469725,-0.1306046034157612,18.443804249614445,False,False,77.58414110359733,77.5818763791481,0.9177287269729044,10.386194776148942,3.192701630657041,1.0896466140909247,0.09628165286254975,0.3132143606523624,-0.7139452044998791,0.023693881558457974,0.0022647244492316077,1.2,1.2,False,1.2,96.91000366210938,2025-04-21,183.61000061035156,,0.0,0,0.0,0.02053989343938012,0.02464787212725614,0.0,0.0,0.02464787212725614,14.998641997995128,-0.011649499416960255
2025-09-30,186.56961059570312,186.5800018310547,187.35000610351562,181.47999572753906,182.0800018310547,236981000,NVDA,46743000000.0,26422000000.0,1.08,33853000000.0,28440000000.0,31937000000.0,0.0,0.0,0.0,13470000000.0,15365000000.0,2025-09-09,15.0,0.5,10.0,56.52611086151937,43.189815238670064,16.280000686645508,0.003766875644270362,0.005457849151298211,0.026010423804146532,1.6170698908676955,53.356529011246316,6719.702452709481,95.0,100.0,100.0,False,79.74855005219159,80.88580107771494,79.1539464610187,82.61765569441118,0.7807764064044153,74.74855005219159,4.999999999999999,78.16246240143816,0.44114190914003737,0.25222955153301774,0.3066285393269449,-0.28350000381469725,-0.1306046034157612,18.443804249614445,False,False,77.94242142226122,77.94017643075529,0.9204860470659828,6.48832681307857,3.192701630657041,1.0863825727586693,0.15412293936616947,0.3132143606523624,-0.6915602784901722,0.022384926009706874,0.0022449915059394245,1.2,1.2,False,1.2,96.91000366210938,2025-04-21,186.5800018310547,,0.0,0,0.0,0.026010423804146532,0.031212508564975837,0.0,0.0,0.031212508564975837,15.466787239820558,0.0
2025-10-01,187.22958374023438,187.24000549316406,188.13999938964844,183.89999389648438,185.24000549316406,173844900,NVDA,46743000000.0,26422000000.0,1.08,33853000000.0,28440000000.0,31937000000.0,0.0,0.0,0.0,13470000000.0,15365000000.0,2025-09-09,15.0,0.5,10.0,56.52611086151937,43.342593864158346,16.290000915527344,0.0034075168215907947,0.009792130522473519,0.003537376222704669,1.5918171564481989,53.51683894294517,6682.559762794354,95.0,100.0,100.0,False,79.07808970901357,80.18009188457941,78.44823726788317,81.91194650127565,0.7807764064044151,74.07808970901357,4.999999999999999,78.23318183076191,0.44114190914003737,0.25222955153301774,0.3066285393269449,-0.28350000381469725,-0.1306046034157612,18.443804249614445,False,False,78.67172325780527,78.6695399903978,0.9232516515396965,3.966943128347131,3.192701630657041,1.083128308876904,0.2520832710845191,0.3132143606523624,-0.6704603431780214,0.02109993531215082,0.0021832674074767056,1.2,1.2,False,1.2,96.91000366210938,2025-04-21,187.24000549316406,,0.0,0,0.0,0.003537376222704669,0.0042448514672456025,0.0,0.0,0.0042448514672456025,15.532441454329085,0.0
2025-10-02,188.87948608398438,188.88999938964844,191.0500030517578,188.05999755859375,189.60000610351562,136805800,NVDA,46743000000.0,26422000000.0,1.08,33853000000.0,28440000000.0,31937000000.0,0.0,0.0,0.0,13470000000.0,15365000000.0,2025-09-09,15.0,0.5,10.0,56.52611086151937,43.72453689575195,16.6299991607666,0.0011518565068935338,0.005410753184391659,0.008812186755381202,1.5836012320818238,53.67763052655575,6667.164613050289,95.0,100.0,100.0,False,78.42749050506909,79.49589698110266,77.76404236440641,81.22775159779891,0.7807764064044153,73.42749050506909,4.999999999999999,78.30411373692954,0.44114190914003737,0.25222955153301774,0.3066285393269449,-0.28350000381469725,-0.1306046034157612,18.443804249614445,False,False,78.21113213656116,78.2090345435177,0.9260255652845067,3.787933511293966,3.192701630657041,1.0798837931572287,0.2639961860519558,0.3132143606523624,-0.6505992039444806,0.019861139233540825,0.0020975930434553904,1.2,1.2,False,1.2,96.91000366210938,2025-04-21,188.88999938964844,,0.0,0,0.0,0.008812186755381202,0.010574624106457441,0.0,0.0,0.010574624106457441,15.696691184164173,0.0
2025-10-03,187.6095428466797,187.6199951171875,190.36000061035156,185.3800048828125,189.19000244140625,137596900,NVDA,46743000000.0,26422000000.0,1.08,33853000000.0,28440000000.0,31937000000.0,0.0,0.0,0.0,13470000000.0,15365000000.0,2025-09-09,15.0,0.5,10.0,56.52611086151937,43.430554425274885,16.649999618530273,-1.4866158967619114e-05,-0.005032158313453827,-0.0067235125023275,1.5965135736841913,53.838905209203396,6604.331341693008,95.0,100.0,100.0,False,77.79557343582749,78.83211072740028,77.10025611070404,80.56396534409652,0.7807764064044151,72.79557343582749,4.999999999999999,78.37525875832867,0.44114190914003737,0.25222955153301774,0.3066285393269449,-0.28350000381469725,-0.1306046034157612,18.443804249614445,False,False,77.62763407598167,77.62563478803192,0.928807813265656,3.787933511293966,3.192701630657041,1.0766489963989803,0.2639961860519558,0.3132143606523624,-0.6319170692415952,0.018682134702885378,0.00199928794976131,1.2,1.2,False,1.2,96.91000366210938,2025-04-21,188.88999938964844,,0.0,0,0.0,-0.0067235125023275,-0.008068215002793,0.0,0.0,-0.008068215002793,15.570046904857891,-0.008068215002792992
2025-10-06,185.5296630859375,185.5399932861328,187.22999572753906,183.3300018310547,185.5,157678100,NVDA,46743000000.0,26422000000.0,1.08,33853000000.0,28440000000.0,31937000000.0,0.0,0.0,0.0,13470000000.0,15365000000.0,2025-09-09,15.0,0.5,10.0,56.52611086151937,42.94907251993815,16.3700008392334,0.003586263355458641,0.010115218005285254,-0.011086248188821868,1.5643356707097833,54.000664442361334,6601.975845043709,95.0,100.0,100.0,False,77.18122744981318,78.18762537096647,76.45577075427022,79.91947998766273,0.7807764064044153,72.18122744981318,4.999999999999999,78.44661753526498,0.44114190914003737,0.25222955153301774,0.3066285393269449,-0.28350000381469725,-0.1306046034157612,18.443804249614445,False,False,77.06968979902156,77.06779428849688,0.9315984205233928,3.787933511293966,3.192701630657041,1.0734238894889685,0.2639961860519558,0.3132143606523624,-0.6143459860143139,0.017571083227281292,0.001895510524676638,1.2,1.2,False,1.2,96.91000366210938,2025-04-21,188.88999938964844,,0.0,0,0.0,-0.011086248188821868,-0.013303497826586241,0.0,0.0,-0.013303497826586241,15.362910819699268,-0.02126437734862519
2025-10-07,185.02969360351562,185.0399932861328,189.05999755859375,184.0,186.22999572753906,140088000,NVDA,46743000000.0,26422000000.0,1.08,33853000000.0,28440000000.0,31937000000.0,0.0,0.0,0.0,13470000000.0,15365000000.0,2025-09-09,15.0,0.5,10.0,56.52611086151937,42.83333177919741,17.239999771118164,-0.003707494362329311,-0.006675985351138336,-0.002694836790410604,1.5454585508719016,54.162909681863766,6555.589725572566,95.0,100.0,100.0,False,76.5834143443161,77.56136031071526,75.82950569401902,79.2932149274115,0.7807764064044151,71.5834143443161,4.999999999999999,78.51819070996797,0.44114190914003737,0.25222955153301774,0.3066285393269449,-0.28350000381469725,-0.1306046034157612,18.443804249614445,False,False,76.53651055158808,76.5347197575073,0.9343974121732037,3.787933511293966,3.192701630657041,1.0702084434012067,0.2639961860519558,0.3132143606523624,-0.5978131054970817,0.01653288051723223,0.00179079408077655,1.2,1.2,False,1.2,96.91000366210938,2025-04-21,188.88999938964844,,0.0,0,0.0,-0.002694836790410604,-0.003233804148492725,0.0,0.0,-0.003233804148492725,15.313230174957601,-0.024429416665432777
2025-10-08,189.09947204589844,189.11000061035156,189.60000610351562,186.5399932861328,186.57000732421875,130168900,NVDA,46743000000.0,26422000000.0,1.08,33853000000.0,28440000000.0,31937000000.0,0.0,0.0,0.0,13470000000.0,15365000000.0,2025-09-09,15.0,0.5,10.0,56.52611086151937,43.77546310424805,16.299999237060547,0.005963041402874625,0.017537139085938236,0.02199528465138445,1.4896599934238866,54.325642387918926,6480.84554894669,95.0,100.0,100.0,False,76.00117192480104,76.95228117008125,75.22042655338501,78.68413578677749,0.7807764064044153,71.00117192480104,4.999999999999999,78.58997892659667,0.44114190914003737,0.25222955153301774,0.3066285393269449,-0.28350000381469725,-0.1306046034157612,18.443804249614445,False,False,76.02740195755743,76.02571396273245,0.9372048134060303,3.787933511293966,3.192701630657041,1.0670026291966606,0.2639961860519558,0.3132143606523624,-0.5822424195150546,0.015570685982027044,0.0016879948249720657,1.2,1.2,False,1.2,96.91000366210938,2025-04-21,189.11000061035156,,0.0,0,0.0,0.02199528465138445,0.02639434158166134,0.0,0.0,0.02639434158166134,15.717412802914037,0.0
2025-10-09,192.5592803955078,192.57000732421875,195.3000030517578,191.05999755859375,192.22999572753906,182997200,NVDA,46743000000.0,26422000000.0,1.08,33853000000.0,28440000000.0,31937000000.0,0.0,0.0,0.0,13470000000.0,15365000000.0,2025-09-09,15.0,0.5,10.0,56.52611086151937,44.57639058430989,16.43000030517578,-0.0028970186885769467,-0.0016856108922210788,0.018296265150970603,1.4720902499127244,54.48886402512228,6549.045773944679,95.0,100.0,100.0,False,75.4336165726532,76.3594124266245,74.62755780992826,78.09126704332074,0.7807764064044151,70.4336165726532,4.999999999999999,78.66198283124552,0.44114190914003737,0.25222955153301774,0.3066285393269449,-0.28350000381469725,-0.1306046034157612,18.443804249614445,False,False,75.5417909154778,75.54020202433912,0.9400206494885052,3.787933511293966,3.192701630657041,1.063806418022978,0.2639961860519558,0.3132143606523624,-0.5675553521478491,0.014687067367205486,0.001588891138683266,1.2,1.2,False,1.2,96.91000366210938,2025-04-21,192.57000732421875,,0.0,0,0.0,0.018296265150970603,0.021955518181164722,0.0,0.0,0.021955518181164722,16.06249674546929,0.0
2025-10-10,183.14981079101562,183.16000366210938,195.6199951171875,182.0500030517578,193.50999450683594,268774400,NVDA,46743000000.0,26422000000.0,1.08,33853000000.0,28440000000.0,31937000000.0,0.0,0.0,0.0,13470000000.0,15365000000.0,2025-09-09,15.0,0.5,10.0,56.52611086151937,42.39814899585865,21.65999984741211,-0.027027764376787222,-0.04069606155001948,-0.04886536482426518,1.3976037035559243,54.65257606246966,6754.464489086688,95.0,100.0,100.0,False,74.879946160609,75.78184624933643,74.04999163264017,77.51370086603268,0.7807764064044153,69.879946160609,4.999999999999999,78.73420307195015,0.44114190914003737,0.25222955153301774,0.3066285393269449,-0.28350000381469725,-0.1306046034157612,18.443804249614445,False,False,75.0792488780728,75.07775430729657,0.94284494576317,3.787933511293966,3.192701630657041,1.060619781114239,0.2639961860519558,0.3132143606523624,-0.5536704120441982,0.013884940103650933,0.0014945707762308302,1.2,1.2,False,1.2,96.91000366210938,2025-04-21,192.57000732421875,,0.0,0,0.0,-0.04886536482426518,-0.05863843778911821,0.0,0.0,-0.05863843778911821,15.120617029322174,-0.05863843778911824
2025-10-13,188.3095245361328,188.32000732421875,190.11000061035156,185.9600067138672,187.97000122070312,153482800,NVDA,46743000000.0,26422000000.0,1.08,33853000000.0,28440000000.0,31937000000.0,0.0,0.0,0.0,13470000000.0,15365000000.0,2025-09-09,15.0,0.5,10.0,56.52611086151937,43.59259428801359,19.030000686645508,0.015344029580113494,0.024354317405597126,0.028172109406748413,1.378902770350534,54.8167799733705,6539.340693809254,95.0,100.0,100.0,False,74.33944419045818,75.21874950127578,73.48689488457954,76.95060411797202,0.7807764064044151,69.33944419045818,4.999999999999999,78.8066402986932,0.44114190914003737,0.25222955153301774,0.3066285393269449,-0.28350000381469725,-0.1306046034157612,18.443804249614445,False,False,74.63951471692675,74.63810903026857,0.9456777276487089,3.787933511293966,3.192701630657041,1.0574426897906917,0.2639961860519558,0.3132143606523624,-0.5405019701508138,0.013168441893384397,0.0014056866581825035,1.2,1.2,False,1.2,96.91000366210938,2025-04-21,192.57000732421875,,0.0,0,0.0,0.028172109406748413,0.033806531288098095,0.0,0.0,0.033806531288098095,15.631792642019304,-0.026814268682823092
2025-10-14,180.0199737548828,180.02999877929688,184.8000030517578,179.6999969482422,184.77000427246094,205641400,NVDA,46743000000.0,26422000000.0,1.08,33853000000.0,28440000000.0,31937000000.0,0.0,0.0,0.0,13470000000.0,15365000000.0,2025-09-09,15.0,0.5,10.0,56.52611086151937,41.67361082854094,20.809999465942383,-0.0012216421112398734,-0.012834461864051683,-0.04402085929536681,1.4307804673379474,54.981477235661124,7125.422741505148,95.0,100.0,100.0,False,73.81148609145716,74.66937046728448,72.93751585058823,76.40122508398073,0.7807764064044153,68.81148609145716,4.999999999999999,78.87929516341023,0.44114190914003737,0.25222955153301774,0.3066285393269449,-0.28350000381469725,-0.1306046034157612,18.443804249614445,False,False,74.22251990045821,74.22119727001683,0.9485190206401809,3.787933511293966,3.192701630657041,1.0542751154584893,0.2639961860519558,0.3132143606523624,-0.527958099001026,0.012543871149787833,0.0013226304413785784,1.2,1.2,False,1.2,96.91000366210938,2025-04-21,192.57000732421875,,0.0,0,0.0,-0.04402085929536681,-0.05282503115444017,0.0,0.0,-0.05282503115444017,14.806042708704886,-0.07822283525870957
2025-10-15,179.8199920654297,179.8300018310547,184.8699951171875,177.2899932861328,184.8000030517578,214450500,NVDA,46743000000.0,26422000000.0,1.08,33853000000.0,28440000000.0,31937000000.0,0.0,0.0,0.0,13470000000.0,15365000000.0,2025-09-09,15.0,0.5,10.0,56.52611086151937,41.627315238670064,20.639999389648438,0.00443954899070742,0.009910759584238482,-0.0011109090129327592,1.3961663981157626,55.146669331617986,7054.92762553824,95.0,100.0,100.0,False,73.2955488233622,74.13304670419336,72.40119208749712,75.8649013208896,0.7807764064044151,68.2955488233622,4.999999999999999,78.95216831999548,0.44114190914003737,0.25222955153301774,0.3066285393269449,-0.28350000381469725,-0.1306046034157612,18.443804249614445,False,False,73.82841864881507,73.82717299393651,0.9513688503092406,3.787933511293966,3.192701630657041,1.0511170296094432,0.2639961860519558,0.3132143606523624,-0.5159372680949588,0.012020830906067204,0.0012456548785621635,1.2,1.2,False,1.2,96.91000366210938,2025-04-21,192.57000732421875,,0.0,0,0.0,-0.0011109090129327592,-0.001333090815519311,0.0,0.0,-0.001333090815519311,14.786304909155724,-0.07945164793098167
2025-10-16,181.7998809814453,181.80999755859375,183.27999877929688,179.77000427246094,182.22999572753906,179723300,NVDA,46743000000.0,26422000000.0,1.08,33853000000.0,28440000000.0,31937000000.0,0.0,0.0,0.0,13470000000.0,15365000000.0,2025-09-09,15.0,0.5,10.0,56.52611086151937,42.08564758300781,25.309999465942383,-0.006810241559458086,0.0007387336675130918,0.011010374839450998,1.3857556632653134,55.31235774797108,6931.644421575075,95.0,100.0,100.0,False,72.79122531744932,73.60921546400407,71.87736084730781,75.34107008070032,0.7807764064044153,67.79122531744932,4.999999999999999,79.02526042430787,0.44114190914003737,0.25222955153301774,0.3066285393269449,-0.28350000381469725,-0.1306046034157612,18.443804249614445,False,False,73.45762603760362,73.45645107221424,0.9542272423043747,3.787933511293966,3.192701630657041,1.0479684038207588,0.2639961860519558,0.3132143606523624,-0.504323505912879,0.011613762182079768,0.001174965389376439,1.2,1.2,False,1.2,96.91000366210938,2025-04-21,192.57000732421875,,0.0,0,0.0,0.011010374839450998,0.013212449807341197,0.0,0.0,0.013212449807341197,14.981668220603986,-0.0672889490340392
2025-10-17,183.20980834960938,183.22000122070312,184.10000610351562,179.75,180.17999267578125,173135200,NVDA,46743000000.0,26422000000.0,1.08,33853000000.0,28440000000.0,31937000000.0,0.0,0.0,0.0,13470000000.0,15365000000.0,2025-09-09,15.0,0.5,10.0,56.52611086151937,42.4120373196072,20.780000686645508,0.0056763137515907225,0.0017574074121746719,0.007755369237354204,1.3811446945176409,55.47854397591726,6885.074497322519,95.0,100.0,100.0,False,72.29824594734805,73.09742842994386,71.36557381324762,74.8292830466401,0.7807764064044151,67.29824594734805,4.999999999999999,79.09857213417683,0.44114190914003737,0.25222955153301774,0.3066285393269449,-0.28350000381469725,-0.1306046034157612,18.443804249614445,False,False,73.11086774265588,73.1097569474476,0.9570942223511308,3.787933511293966,3.192701630657041,1.0448292097547824,0.2639961860519558,0.3132143606523624,-0.492979370101267,0.011344135811611977,0.0011107952082920747,1.2,1.2,False,1.2,96.91000366210938,2025-04-21,192.57000732421875,,0.0,0,0.0,0.007755369237354204,0.009306443084825044,0.0,0.0,0.009306443084825044,15.12109426321477,-0.058608726723637046
2025-10-20,182.6298370361328,182.63999938964844,185.1999969482422,181.72999572753906,183.1300048828125,128544700,NVDA,46743000000.0,26422000000.0,1.08,33853000000.0,28440000000.0,31937000000.0,0.0,0.0,0.0,13470000000.0,15365000000.0,2025-09-09,15.0,0.5,10.0,56.52611086151937,42.277777636492694,18.229999542236328,0.010400477117627371,0.011157477165087304,-0.0031656032485013474,1.3578346533166779,55.6452295111337,6805.016147516476,95.0,100.0,100.0,False,71.81651030422955,72.59737310439711,70.86551848770085,74.32922772109336,0.7807764064044153,66.81651030422955,4.999999999999999,79.17210410940825,0.44114190914003737,0.25222955153301774,0.3066285393269449,-0.28350000381469725,-0.1306046034157612,18.443804249614445,False,False,72.78924637431874,72.78819289896727,0.9599698162523486,3.787933511293966,3.192701630657041,1.0416994191587463,0.2639961860519558,0.3132143606523624,-0.4817356431184976,0.01124372698276943,0.0010534753514707517,1.2,1.2,False,1.2,96.91000366210938,2025-04-21,192.57000732421875,,0.0,0,0.0,-0.0031656032485013474,-0.0037987238982016168,0.0,0.0,-0.0037987238982016168,15.063653401070138,-0.06218481225099038
2025-10-21,181.14991760253906,181.16000366210938,182.7899932861328,179.8000030517578,182.7899932861328,124240200,NVDA,46743000000.0,26422000000.0,1.08,33853000000.0,28440000000.0,31937000000.0,0.0,0.0,0.0,13470000000.0,15365000000.0,2025-09-09,15.0,0.5,10.0,56.52611086151937,41.935186032895686,17.8700008392334,-1.4911017141350236e-05,0.0005204687713442624,-0.008103349389427028,1.3505604331957513,55.81241585379135,6741.829158049164,95.0,100.0,100.0,False,71.34613433792633,72.10890425057764,70.3770496338814,73.84075886727388,0.7807764064044151,66.34613433792633,4.999999999999999,79.24585701179038,0.44114190914003737,0.25222955153301774,0.3066285393269449,-0.28350000381469725,-0.1306046034157612,18.443804249614445,False,False,72.4943313841902,72.49332787449822,0.9628540498883923,3.787933511293966,3.192701630657041,1.0385790038645144,0.2639961860519558,0.3132143606523624,-0.470375966303223,0.01135967681527461,0.0010035096919830267,1.2,1.2,False,1.2,96.91000366210938,2025-04-21,192.57000732421875,,0.0,0,0.0,-0.008103349389427028,-0.009724019267312433,0.0,0.0,-0.009724019267312433,14.917174145162015,-0.07130414520583998
2025-10-22,180.26995849609375,180.27999877929688,183.44000244140625,176.75999450683594,181.13999938964844,162249600,NVDA,46743000000.0,26422000000.0,1.08,33853000000.0,28440000000.0,31937000000.0,0.0,0.0,0.0,13470000000.0,15365000000.0,2025-09-09,15.0,0.5,10.0,56.52611086151937,41.73148119891131,18.600000381469727,-0.005198930936866852,-0.009884185821296354,-0.00485761131057294,1.333865493077025,55.98010450856842,6688.615416060042,95.0,100.0,100.0,False,70.88752093030114,71.63209061075375,69.90023599405751,73.36394522744999,0.7807764064044153,65.88752093030114,4.999999999999999,79.31983150509986,0.44114190914003737,0.25222955153301774,0.3066285393269449,-0.28350000381469725,-0.1306046034157612,18.443804249614445,False,False,72.22828277193894,72.22732110546644,0.9657469492173835,3.787933511293966,3.192701630657041,1.0354679357883287,0.2639961860519558,0.3132143606523624,-0.45861340762519376,0.011762558678029222,0.0009616664724853764,1.2,1.2,False,1.2,96.91000366210938,2025-04-21,192.57000732421875,,0.0,0,0.0,-0.00485761131057294,-0.005829133572687528,0.0,0.0,-0.005829133572687528,14.830219944542824,-0.0767176373918364
2025-10-23,182.1498565673828,182.16000366210938,183.02999877929688,179.7899932861328,180.4199981689453,111363700,NVDA,46743000000.0,26422000000.0,1.08,33853000000.0,28440000000.0,31937000000.0,0.0,0.0,0.0,13470000000.0,15365000000.0,2025-09-09,15.0,0.5,10.0,56.52611086151937,42.16666751437717,17.299999237060547,0.005929952148911788,0.012609920580963996,0.010428249919804289,1.3240558527022799,56.14829698466393,6622.013464248067,95.0,100.0,100.0,False,70.44146715881058,71.16728526065924,69.435430643963,72.89913987735548,0.7807764064044151,65.44146715881058,4.999999999999999,79.39402825510763,0.44114190914003737,0.25222955153301774,0.3066285393269449,-0.28350000381469725,-0.1306046034157612,18.443804249614445,False,False,71.9940240368582,71.99309493588365,0.9686485402754362,3.787933511293966,3.192701630657041,1.0323661869305547,0.2639961860519558,0.3132143606523624,-0.44605377149055414,0.012559636134639618,0.0009291009745663815,1.2,1.2,False,1.2,96.91000366210938,2025-04-21,192.57000732421875,,0.0,0,0.0,0.010428249919804289,0.012513899903765146,0.0,0.0,0.012513899903765146,15.015803832479653,-0.06516377432324612
2025-10-24,186.24961853027344,186.25999450683594,187.47000122070312,183.5,183.83999633789062,131296700,NVDA,46743000000.0,26422000000.0,1.08,33853000000.0,28440000000.0,31937000000.0,0.0,0.0,0.0,13470000000.0,15365000000.0,2025-09-09,15.0,0.5,10.0,56.52611086151937,43.11573946917498,16.3700008392334,0.008172546972973871,0.015531461798238944,0.02250763483915863,1.3349306848176712,56.316994795811304,6717.901514518463,94.79634555405683,100.0,100.0,False,69.9139184211321,70.67798563222301,68.94613101552676,72.40984024891927,0.7807764064044153,64.9139184211321,4.999999999999999,79.41708026001697,0.44114190914003737,0.25222955153301774,0.3066285393269449,-0.28350000381469725,-0.1306046034157612,18.443804249614445,False,False,71.72516418629954,71.7242566554346,0.9715588491768904,3.787933511293966,3.192701630657041,1.029273729375431,0.2639961860519558,0.3132143606523624,-0.5275487376784866,-0.0814949661879325,0.0009075308649289582,1.2,1.2,False,1.2,96.91000366210938,2025-04-21,192.57000732421875,,0.0,0,0.0,0.02250763483915863,0.027009161806990357,0.0,0.0,0.027009161806990357,15.421368107853121,-0.039914631440906574
2025-10-27,191.47933959960938,191.49000549316406,192.0,188.42999267578125,189.99000549316406,153452700,NVDA,46743000000.0,26422000000.0,1.08,33853000000.0,28440000000.0,31937000000.0,0.0,0.0,0.0,13470000000.0,15365000000.0,2025-09-09,15.0,0.5,10.0,56.52611086151937,44.32639016045464,15.789999961853027,0.011797696913067535,0.01846179465779163,0.028079089125798262,1.3704190101906168,56.48619946029198,7024.659318363805,95.0,100.0,100.0,False,69.59632740567756,70.25571902068305,68.5238644039868,71.98757363737928,0.7807764064044151,64.59632740567756,4.999999999999999,79.54309119830933,0.44114190914003737,0.25222955153301774,0.3066285393269449,-0.28350000381469725,-0.1306046034157612,18.443804249614445,False,False,71.64129264675059,71.64039314859197,0.9744779021145445,3.787933511293966,3.192701630657041,1.0261905352908203,0.2639961860519558,0.3132143606523624,-0.31759101545453916,0.20995772222394748,0.0008994981586215545,1.2,1.2,False,1.2,96.91000366210938,2025-04-21,192.57000732421875,,0.0,0,0.0,0.028079089125798262,0.03369490695095791,0.0,0.0,0.03369490695095791,15.940989671303704,-0.0075646442823316526
2025-10-28,201.01881408691406,201.02999877929688,203.14999389648438,191.91000366210938,193.0500030517578,297986200,NVDA,46743000000.0,26422000000.0,1.08,33853000000.0,28440000000.0,31937000000.0,0.0,0.0,0.0,13470000000.0,15365000000.0,2025-09-09,15.0,0.5,10.0,56.52611086151937,46.53472193965205,16.420000076293945,0.002656014462314449,0.009899636973505377,0.049819797443545255,1.385758087311206,56.65591250094908,7698.44854890963,95.0,100.0,100.0,False,69.19991791121018,69.84354672261703,68.11169210592078,71.57540133931329,0.7807764064044153,64.19991791121018,4.999999999999999,79.61795873307076,0.44114190914003737,0.25222955153301774,0.3066285393269449,-0.28350000381469725,-0.1306046034157612,18.443804249614445,False,False,71.53205264552167,71.53114387137646,0.9774057253598954,3.787933511293966,3.192701630657041,1.0231165769279538,0.2639961860519558,0.3132143606523624,-0.3964094944673775,-0.07881847901283834,0.0009087741452219689,1.2,1.2,False,1.2,96.91000366210938,2025-04-21,201.02999877929688,,0.0,0,0.0,0.049819797443545255,0.0597837569322543,0.0,0.0,0.0597837569322543,16.8940019230725,0.0
2025-10-29,207.02847290039062,207.0399932861328,212.19000244140625,204.77999877929688,207.97999572753906,308829600,NVDA,46743000000.0,26422000000.0,1.08,33853000000.0,28440000000.0,31937000000.0,0.0,0.0,0.0,13470000000.0,15365000000.0,2025-09-09,15.0,0.5,10.0,56.52611086151937,47.925924371789996,16.920000076293945,0.00048033227231458753,0.007186426974240989,0.029896008274039154,1.405095088056776,56.82613544520112,7977.403636557696,95.0,100.0,100.0,False,68.8285480025751,69.44730319604733,67.71544857935109,71.17915781274357,0.7807764064044151,63.828548002575104,4.999999999999999,79.69305120767754,0.44114190914003737,0.25222955153301774,0.3066285393269449,-0.28350000381469725,-0.1306046034157612,18.443804249614445,False,False,71.4809746743077,71.48003366961346,0.9803423452633716,3.787933511293966,3.192701630657041,1.0200518266211864,0.2639961860519558,0.3132143606523624,-0.37136990863507435,0.025039585832303146,0.0009410046942423378,1.2,1.2,False,1.2,96.91000366210938,2025-04-21,207.0399932861328,,0.0,0,0.0,0.029896008274039154,0.035875209928846984,0.0,0.0,0.035875209928846984,17.500077788601075,0.0
2025-10-30,202.8787078857422,202.88999938964844,206.16000366210938,201.41000366210938,205.14999389648438,178864400,NVDA,46743000000.0,26422000000.0,1.08,33853000000.0,28440000000.0,31937000000.0,0.0,0.0,0.0,13470000000.0,15365000000.0,2025-09-09,15.0,0.5,10.0,56.52611086151937,46.965277636492694,16.90999984741211,-0.010998119550020391,-0.01229734052651632,-0.020044407027916655,1.4195473859133363,56.99686982505574,7861.940338819238,95.0,100.0,100.0,False,68.4910741504592,69.07400265709042,67.34214804039416,70.80585727378667,0.7807764064044153,63.4910741504592,4.999999999999999,79.76836929796245,0.44114190914003737,0.25222955153301774,0.3066285393269449,-0.28350000381469725,-0.1306046034157612,18.443804249614445,False,False,71.50199440154158,71.5009896306508,0.9832877882545724,3.787933511293966,3.192701630657041,1.016996256787744,0.2639961860519558,0.3132143606523624,-0.33747385211590597,0.03389605651916838,0.0010047708907711694,1.2,1.2,False,1.2,96.91000366210938,2025-04-21,207.0399932861328,,0.0,0,0.0,-0.020044407027916655,-0.024053288433499985,0.0,0.0,-0.024053288433499985,17.079143369943168,-0.024053288433499936
2025-10-31,202.47872924804688,202.49000549316406,207.97000122070312,202.07000732421875,206.4499969482422,179802200,NVDA,57006000000.0,31910000000.0,1.3,41849000000.0,36010000000.0,38748000000.0,0.0,0.0,0.0,22115000000.0,23751000000.0,2025-12-10,15.0,0.5,62.49358645459211,55.976563870469775,38.94038567176232,17.440000534057617,0.0032802030105936186,0.0009653384373748963,-0.0019714815796129104,1.421426298676054,57.168117177123506,7788.414686153252,95.0,100.0,100.0,False,68.202380184864,68.73373152628729,67.00187690959105,70.46558614298353,0.7807764064044151,63.202380184864,4.999999999999999,79.8439136817888,0.44114190914003737,0.25222955153301774,0.3066285393269449,-0.28350000381469725,-0.1306046034157612,18.443804249614445,False,False,71.60756728320374,71.61408688049877,0.986242080842504,3.787933511293966,3.192701630657041,1.0139498399274782,0.2639961860519558,0.3132143606523624,-0.28869396559520055,0.04877988652070542,-0.0065195972950346,1.0,1.2,True,1.0,96.91000366210938,2025-04-21,207.0399932861328,,0.0,0,0.0,-0.0019714815796129104,-0.0023657778955354924,0.19999999999999996,9.999999999999998e-05,-0.0024657778955354923,17.03702999574688,-0.026459756262101133
2025-11-03,206.8684844970703,206.8800048828125,211.33999633789062,205.55999755859375,208.0800018310547,180267300,NVDA,57006000000.0,31910000000.0,1.3,41849000000.0,36010000000.0,38748000000.0,0.0,0.0,0.0,22115000000.0,23751000000.0,2025-12-10,15.0,0.5,62.49358645459211,55.976563870469775,39.78461632361779,17.170000076293945,0.0018767107020742912,0.004090764321836415,0.02168007936469052,1.428943694222469,57.339879042631765,7624.5621699949925,95.0,100.0,100.0,False,67.9889367186927,68.4429724195961,66.71111780289985,70.17482703629236,0.7807764064044153,62.9889367186927,4.999999999999999,79.91968503905657,0.44114190914003737,0.25222955153301774,0.3066285393269449,-0.28350000381469725,-0.1306046034157612,18.443804249614445,False,False,71.86604981921734,71.84925320143942,0.9892052496158203,3.787933511293966,3.192701630657041,1.010912548622616,0.2639961860519558,0.3132143606523624,-0.21344346617129872,0.07525049942390183,0.016796617777915798,1.0,1.0,False,1.0,96.91000366210938,2025-04-21,207.0399932861328,,0.0,0,0.0,0.02168007936469052,0.02168007936469052,0.0,0.0,0.02168007936469052,17.406394158193287,-0.005353326513143316
2025-11-04,198.67893981933594,198.69000244140625,203.97000122070312,197.92999267578125,203.0,188919300,NVDA,57006000000.0,31910000000.0,1.3,41849000000.0,36010000000.0,38748000000.0,0.0,0.0,0.0,22115000000.0,23751000000.0,2025-12-10,15.0,0.5,62.49358645459211,55.976563870469775,38.209615854116585,19.0,-0.011853596017736279,-0.026398599331021066,-0.03958817792007252,1.4408102727367376,57.51215696743844,7857.263022437626,95.0,98.16884491260616,98.16884491260616,False,66.2155243908677,67.57340298593452,65.84154836923828,69.30525760263076,0.7807764064044151,61.2155243908677,4.999999999999999,79.4341996419798,0.44114190914003737,0.25222955153301774,0.3066285393269449,-0.28350000381469725,-0.1306046034157612,18.443804249614445,False,False,71.21950340297872,71.22580888129974,0.9921773212430609,3.787933511293966,3.192701630657041,1.0078843555375145,0.2639961860519558,0.3132143606523624,-1.7734123278249996,-1.518727130426143,-0.0063054783210270676,1.0,1.0,False,1.0,96.91000366210938,2025-04-21,207.0399932861328,,0.0,0,0.0,-0.03958817792007252,-0.03958817792007252,0.0,0.0,-0.03958817792007252,16.71730672931182,-0.044729575990749344
2025-11-05,195.1991424560547,195.2100067138672,202.9199981689453,194.64999389648438,198.77000427246094,171350300,NVDA,57006000000.0,31910000000.0,1.3,41849000000.0,36010000000.0,38748000000.0,0.0,0.0,0.0,22115000000.0,23751000000.0,2025-12-10,15.0,0.5,62.49358645459211,55.976563870469775,37.54038590651292,18.010000228881836,0.0034654743340312155,0.003912342270302682,-0.017514699706973502,1.4627398759833412,57.68495250204604,7946.665372872137,95.0,96.22262986870994,96.22262986870994,False,64.0616319708848,66.20244900931166,64.47059439261542,67.9343036260079,0.7807764064044153,59.06163197088481,4.999999999999999,78.91366191788144,0.44114190914003737,0.25222955153301774,0.3066285393269449,-0.28350000381469725,-0.1306046034157612,18.443804249614445,False,False,70.64985966660973,70.64785649974314,0.9951583224728892,3.787933511293966,3.192701630657041,1.004865233418417,0.2639961860519558,0.3132143606523624,-2.1538924199828955,-0.3804800921578959,0.0020031668665842516,1.0,1.0,False,1.0,96.91000366210938,2025-04-21,207.0399932861328,,0.0,0,0.0,-0.017514699706973502,-0.017514699706973502,0.0,0.0,-0.017514699706973502,16.424508122038556,-0.061460850606224526
2025-11-06,188.0695343017578,188.0800018310547,197.6199951171875,186.3800048828125,196.4199981689453,223029800,NVDA,57006000000.0,31910000000.0,1.3,41849000000.0,36010000000.0,38748000000.0,0.0,0.0,0.0,22115000000.0,23751000000.0,2025-12-10,15.0,0.5,62.49358645459211,55.976563870469775,36.16923112135667,19.5,-0.010729388925125316,-0.020095539494301096,-0.03652479195527836,1.4781743657927655,57.858267201615526,8428.5363930562,95.0,92.34300646272483,92.34300646272483,False,58.6853917662296,63.26787853881672,61.53602392212047,64.99973315551296,0.7807764064044151,53.6853917662296,4.999999999999999,77.80051503721572,0.44114190914003737,0.25222955153301774,0.3066285393269449,-0.28350000381469725,-0.1306046034157612,18.443804249614445,False,False,68.81681192535729,68.81410024083576,0.9981482801343375,3.787933511293966,3.192701630657041,1.0018551550932024,0.2639961860519558,0.3132143606523624,-5.376240204655204,-1.518727130426143,0.0027116845215334707,1.0,1.0,False,1.0,96.91000366210938,2025-04-21,207.0399932861328,,0.0,0,0.0,-0.03652479195527836,-0.03652479195527836,0.0,0.0,-0.03652479195527836,15.824606379913318,-0.09574079777971613
2025-11-07,188.1395263671875,188.14999389648438,188.32000732421875,178.91000366210938,184.89999389648438,264942300,NVDA,57006000000.0,31910000000.0,1.3,41849000000.0,36010000000.0,38748000000.0,0.0,0.0,0.0,22115000000.0,23751000000.0,2025-12-10,15.0,0.5,62.49358645459211,55.976563870469775,36.1826911339393,19.079999923706055,0.0009845789961884233,-0.0034582929427837694,0.000372139859359244,1.47711369950353,58.03210262598037,8339.903246367607,95.0,87.94699088203167,87.94699088203167,False,48.698286836850976,57.580081812896516,55.84822719620027,59.31193642959276,0.7807764064044153,43.698286836850976,4.999999999999999,76.52925729182975,0.44114190914003737,0.25222955153301774,0.3066285393269449,-0.28350000381469725,-0.1306046034157612,18.443804249614445,False,False,66.33948778569163,66.33558539476998,1.0011472211370456,3.787933511293966,3.192701630657041,0.9988540934711454,0.2639961860519558,0.3132143606523624,-9.987104929378624,-1.518727130426143,0.0039023909216564334,1.0,1.0,False,1.0,96.91000366210938,2025-04-21,207.0399932861328,,0.0,0,0.0,0.000372139859359244,0.000372139859359244,0.0,0.0,0.000372139859359244,15.830495346705954,-0.09540428688737759
2025-11-10,199.03892517089844,199.0500030517578,199.94000244140625,193.7899932861328,195.11000061035156,198897100,NVDA,57006000000.0,31910000000.0,1.3,41849000000.0,36010000000.0,38748000000.0,0.0,0.0,0.0,22115000000.0,23751000000.0,2025-12-10,15.0,0.5,62.49358645459211,55.976563870469775,38.278846740722656,17.600000381469727,0.01560432239211762,0.025576051580806558,0.0579325512031128,1.5420109487208022,58.206460339660566,8442.247981027616,95.0,81.696183917452,81.696183917452,False,30.343193893261,46.94712207713009,45.21526746043384,48.678976693826336,0.7807764064044151,25.343193893261,4.999999999999999,74.68949797735218,0.44114190914003737,0.25222955153301774,0.3066285393269449,-0.28350000381469725,-0.1306046034157612,18.443804249614445,False,False,59.70045206786004,59.69443202790613,1.0041551724715017,3.787933511293966,4.927957148339212,0.9958620215426719,0.2639961860519558,0.20292384245610037,-18.355092943589977,-1.518727130426143,0.006020039953912147,1.0,1.0,False,1.0,96.91000366210938,2025-04-21,207.0399932861328,,0.0,0,0.0,0.0579325512031128,0.0579325512031128,0.0,0.0,0.0579325512031128,16.747596328949637,-0.042998749419364164
2025-11-11,193.1492462158203,193.16000366210938,195.4199981689453,191.3000030517578,195.16000366210938,176483300,NVDA,57006000000.0,31910000000.0,1.3,41849000000.0,36010000000.0,38748000000.0,0.0,0.0,0.0,22115000000.0,23751000000.0,2025-12-10,15.0,0.5,62.49358645459211,55.976563870469775,37.14615455040565,17.280000686645508,0.0022892661907207845,-0.008527015951276806,-0.02959055161690649,1.5603844213810354,58.38134191187671,8234.290140947029,95.0,78.7115709859475,78.7115709859475,False,21.595685536292457,37.0502203173577,35.31836570066145,38.782074934053945,0.7807764064044153,16.595685536292457,4.999999999999999,73.85147806434948,0.44114190914003737,0.25222955153301774,0.3066285393269449,-0.28350000381469725,-0.1306046034157612,18.443804249614445,False,False,57.82799387989095,57.94949205032504,1.0071721612092883,3.787933511293966,6.485135650000011,0.9928789123791142,0.2639961860519558,0.1541987791727993,-8.747508356968542,1.518727130426143,-0.12149817043409143,1.0,1.0,False,1.0,96.91000366210938,2025-04-21,207.0399932861328,,0.0,0,0.0,-0.02959055161690649,-0.02959055161690649,0.0,0.0,-0.02959055161690649,16.25202571531874,-0.07131694432211444
2025-11-12,193.78921508789062,193.8000030517578,195.88999938964844,191.1300048828125,195.72000122070312,154935300,NVDA,57006000000.0,31910000000.0,1.3,41849000000.0,36010000000.0,38748000000.0,0.0,0.0,0.0,22115000000.0,23751000000.0,2025-12-10,15.0,0.5,62.49358645459211,55.976563870469775,37.26923135610727,17.510000228881836,0.0005563761095350728,0.0031057084460606177,0.003313312163567561,1.5448960538051095,58.556748916564146,8164.748725115742,95.0,71.10052722956964,71.10052722956964,False,17.098739689215307,29.261397643713536,27.52954302701729,30.993252260409783,0.7807764064044151,12.098739689215307,4.999999999999999,71.59509421550221,0.44114190914003737,0.25222955153301774,0.3066285393269449,-0.28350000381469725,-0.1306046034157612,18.443804249614445,False,False,54.483376800381194,54.51381520775382,1.0101982145033248,3.787933511293966,8.59900404903349,0.9899047391324692,0.2639961860519558,0.11629253740290982,-4.49694584707715,1.518727130426143,-0.030438407372631673,1.0,1.0,False,1.0,96.91000366210938,2025-04-21,207.0399932861328,,0.0,0,0.0,0.003313312163567561,0.003313312163567561,0.0,0.0,0.003313312163567561,16.30587374980392,-0.06823992745763784
2025-11-13,186.84959411621094,186.86000061035156,191.44000244140625,183.85000610351562,191.0500030517578,207423100,NVDA,57006000000.0,31910000000.0,1.3,41849000000.0,36010000000.0,38748000000.0,0.0,0.0,0.0,22115000000.0,23751000000.0,2025-12-10,15.0,0.5,62.49358645459211,55.976563870469775,35.934615501990685,20.0,-0.016594027882646856,-0.024938815851156648,-0.03581012555274732,1.5428793033850499,58.73268293238707,8365.03614554661,95.0,68.11664042649845,68.11664042649845,False,16.978824353869427,24.466425926391867,22.73457130969562,26.198280543088114,0.7807764064044153,11.978824353869427,4.999999999999999,70.75776123118234,0.44114190914003737,0.25222955153301774,0.3066285393269449,-0.28350000381469725,-0.1306046034157612,18.443804249614445,False,False,54.44662305575515,54.56812122618924,1.01323335958811,3.787933511293966,10.441660357018693,0.9869394750351592,0.2639961860519558,0.09577020950770711,-0.11991533534587973,1.518727130426143,-0.12149817043409143,1.0,1.0,False,1.0,96.91000366210938,2025-04-21,207.0399932861328,,0.0,0,0.0,-0.03581012555274732,-0.03581012555274732,0.0,0.0,-0.03581012555274732,15.721958363576194,-0.10160637264041676
2025-11-14,190.15940856933594,190.1699981689453,191.00999450683594,180.5800018310547,182.86000061035156,186591900,NVDA,57006000000.0,31910000000.0,1.3,41849000000.0,36010000000.0,38748000000.0,0.0,0.0,0.0,22115000000.0,23751000000.0,2025-12-10,15.0,0.5,62.49358645459211,55.976563870469775,36.571153494027946,19.829999923706055,-0.00016365894166792128,0.005443307786481499,0.01771378330184148,1.5501110405895293,58.909145542752846,8258.907319032329,95.0,63.253539924135346,63.253539924135346,False,16.91752886808181,21.51942556763977,19.787570950943525,23.251280184336018,0.7807764064044151,11.91752886808181,4.999999999999999,69.34444088037121,0.44114190914003737,0.25222955153301774,0.3066285393269449,-0.28350000381469725,-0.1306046034157612,18.443804249614445,False,False,53.87801207444877,53.99951024488286,1.0162776237799713,3.787933511293966,12.33831186945173,0.9839830933997858,0.2639961860519558,0.08104836468560074,-0.061295485787617565,0.05861984955826216,-0.12149817043409143,1.0,1.0,False,1.0,96.91000366210938,2025-04-21,207.0399932861328,,0.0,0,0.0,0.01771378330184148,0.01771378330184148,0.0,0.0,0.01771378330184148,16.000453727109157,-0.08569242260561376
2025-11-17,186.58961486816406,186.60000610351562,189.0,184.32000732421875,185.97000122070312,173628900,NVDA,57006000000.0,31910000000.0,1.3,41849000000.0,36010000000.0,38748000000.0,0.0,0.0,0.0,22115000000.0,23751000000.0,2025-12-10,15.0,0.5,62.49358645459211,55.976563870469775,35.884616558368386,22.3799991607666,-0.009316461288915168,-0.015651498676300668,-0.018772635535591387,1.5407318055767645,59.086138335826135,8243.32719784204,95.0,60.263375199223546,60.263375199223546,False,17.12054463596052,19.802154344621055,18.07029972792481,21.5340089613173,0.7807764064044153,12.12054463596052,4.999999999999999,68.50564997706493,0.44114190914003737,0.25222955153301774,0.3066285393269449,-0.28350000381469725,-0.1306046034157612,18.443804249614445,False,False,54.26724160020722,54.388739770641315,1.019331034477305,3.787933511293966,14.043189482330513,0.9810355676188967,0.2639961860519558,0.07120889462171144,0.20301576787871056,0.2643112536663281,-0.12149817043409143,1.0,1.0,False,1.0,96.91000366210938,2025-04-21,207.0399932861328,,0.0,0,0.0,-0.018772635535591387,-0.018772635535591387,0.0,0.0,-0.018772635535591387,15.700083040886042,-0.10285638552346808
2025-11-18,181.3498992919922,181.36000061035156,184.8000030517578,179.64999389648438,183.3800048828125,213598900,NVDA,57006000000.0,31910000000.0,1.3,41849000000.0,36010000000.0,38748000000.0,0.0,0.0,0.0,22115000000.0,23751000000.0,2025-12-10,15.0,0.5,62.49358645459211,55.976563870469775,34.87692319429838,24.690000534057617,-0.008397503213040225,-0.016253051865247503,-0.028081486183109683,1.5499655335353353,59.26366290454329,8221.455521536402,95.0,51.01443002768081,51.01443002768081,False,16.89801314408225,18.66841187949721,16.936557262800964,20.400266496193456,0.7807764064044151,11.898013144082249,4.999999999999999,65.74797295596292,0.44114190914003737,0.25222955153301774,0.3066285393269449,-0.28350000381469725,-0.1306046034157612,18.443804249614445,False,False,52.96179500786248,52.84029683742838,1.02239361916083,3.787933511293966,16.28083304431554,0.9780968711647374,0.2639961860519558,0.061421918477884675,-0.22253149187827148,-0.42554725975698204,0.12149817043409143,1.0,1.0,False,1.0,96.91000366210938,2025-04-21,207.0399932861328,,0.0,0,0.0,-0.028081486183109683,-0.028081486183109683,0.0,0.0,-0.028081486183109683,15.259201375899726,-0.12804951153765587
2025-11-19,186.50961303710938,186.52000427246094,187.86000061035156,182.8300018310547,184.7899932861328,247246400,NVDA,57006000000.0,31910000000.0,1.3,41849000000.0,36010000000.0,38748000000.0,0.0,0.0,0.0,22115000000.0,23751000000.0,2025-12-10,15.0,0.5,62.49358645459211,55.976563870469775,35.86923159085787,23.65999984741211,0.003863149507556951,0.006952666200384927,0.028451718376399482,1.5600530947134772,59.44172084662661,8121.014294458984,95.0,47.49127052669183,47.49127052669183,False,17.17350756901049,18.084818871767062,16.352964255070816,19.81667348846331,0.7807764064044153,12.17350756901049,4.999999999999999,64.74622052486701,0.44114190914003737,0.25222955153301774,0.3066285393269449,-0.28350000381469725,-0.1306046034157612,18.443804249614445,False,False,53.70569118817882,53.584193017744724,1.0254654053938288,3.787933511293966,18.262316950765484,0.9751669775890208,0.2639961860519558,0.054757564590296084,0.2754944249282403,0.49802591680651176,0.12149817043409143,1.0,1.0,False,1.0,96.91000366210938,2025-04-21,207.0399932861328,,0.0,0,0.0,0.028451718376399482,0.028451718376399482,0.0,0.0,0.028451718376399482,15.693351876095592,-0.10324102180176134
2025-11-20,180.62994384765625,180.63999938964844,196.0,179.85000610351562,195.9499969482422,343504800,NVDA,57006000000.0,31910000000.0,1.3,41849000000.0,36010000000.0,38748000000.0,0.0,0.0,0.0,22115000000.0,23751000000.0,2025-12-10,15.0,0.5,62.49358645459211,55.976563870469775,34.738461421086235,26.420000076293945,-0.015242255122032589,-0.03139127766629646,-0.03152479491810023,1.505616358737689,59.62031376459878,8082.79460849505,95.0,35.49554134436728,35.49554134436728,False,16.95139814801656,17.642344791949956,15.91049017525371,19.374199408646202,0.7807764064044151,11.951398148016558,4.999999999999999,61.146772428322365,0.44114190914003737,0.25222955153301774,0.3066285393269449,-0.28350000381469725,-0.1306046034157612,18.443804249614445,False,False,52.20728652292367,52.08578835248957,1.0285464208223982,3.787933511293966,20.939389770595913,0.9722458605226848,0.2639961860519558,0.0477568836033726,-0.22210942099393094,-0.4976038459221712,0.12149817043409143,1.0,1.0,False,1.0,96.91000366210938,2025-04-21,207.0399932861328,,0.0,0,0.0,-0.03152479491810023,-0.03152479491810023,0.0,0.0,-0.03152479491810023,15.198622176624095,-0.13151116468042592
2025-11-21,178.8700408935547,178.8800048828125,184.55999755859375,172.92999267578125,181.24000549316406,346926200,NVDA,57006000000.0,31910000000.0,1.3,41849000000.0,36010000000.0,38748000000.0,0.0,0.0,0.0,22115000000.0,23751000000.0,2025-12-10,15.0,0.5,62.49358645459211,55.976563870469775,34.4000009390024,23.43000030517578,0.009961227389035265,0.0038582338199362187,-0.009743105141622355,1.5146492369299815,59.799443265797265,7999.919117725842,95.0,26.177898306065515,26.177898306065515,False,17.01266535170668,17.396525366680013,15.664670749983767,19.12837998337626,0.7807764064044153,12.01266535170668,4.999999999999999,58.36873868366001,0.44114190914003737,0.25222955153301774,0.3066285393269449,-0.28350000381469725,-0.1306046034157612,18.443804249614445,False,False,51.98454800798065,51.97985842001599,1.0316366931756977,3.787933511293966,23.830511027068102,0.9693334936756561,0.2639961860519558,0.041963011152557364,0.06126720369012162,0.28337662468405256,0.004689587964660973,1.0,1.0,False,1.0,96.91000366210938,2025-04-21,207.0399932861328,,0.0,0,0.0,-0.009743105141622355,-0.009743105141622355,0.0,0.0,-0.009743105141622355,15.050540402749453,-0.1399729427172697
2025-11-24,182.5398406982422,182.5500030517578,183.5,176.47999572753906,179.49000549316406,256618300,NVDA,57006000000.0,31910000000.0,1.3,41849000000.0,36010000000.0,38748000000.0,0.0,0.0,0.0,22115000000.0,23751000000.0,2025-12-10,15.0,0.5,62.49358645459211,55.976563870469775,35.10576981764573,20.520000457763672,0.014718526835907575,0.02382861990179408,0.02051653660983299,1.4670376056679995,59.979110962388795,7906.934937495851,95.0,26.76032384201868,26.76032384201868,False,17.74129665400276,17.53112001005365,15.799265393357405,19.262974626749898,0.7807764064044151,12.74129665400276,4.999999999999999,58.626585925701235,0.44114190914003737,0.25222955153301774,0.3066285393269449,-0.28350000381469725,-0.1306046034157612,18.443804249614445,False,False,54.32976333830912,54.30861843801581,1.0347362502661996,3.787933511293966,25.80151339256858,0.9664298508366134,0.2639961860519558,0.038757416465656724,0.7286313022960798,0.6673640986059581,0.021144900293306252,1.0,1.0,False,1.0,96.91000366210938,2025-04-21,207.0399932861328,,0.0,0,0.0,0.02051653660983299,0.02051653660983299,0.0,0.0,0.02051653660983299,15.359325365920233,-0.12232816611108162
2025-11-25,177.8101043701172,177.82000732421875,178.16000366210938,169.5500030517578,174.91000366210938,320600300,NVDA,57006000000.0,31910000000.0,1.3,41849000000.0,36010000000.0,38748000000.0,0.0,0.0,0.0,22115000000.0,23751000000.0,2025-12-10,15.0,0.5,62.49358645459211,55.976563870469775,34.19615525465745,18.559999465942383,0.009405947461920139,0.0026813486214718463,-0.02591068555719489,1.458735465513531,60.15931847138384,7833.935729054312,95.0,27.299262740748446,27.299262740748446,False,18.724824931086047,17.997128329329122,16.265273712632876,19.72898294602537,0.7807764064044153,13.724824931086047,4.999999999999999,58.87133705756466,0.44114190914003737,0.25222955153301774,0.3066285393269449,-0.28350000381469725,-0.1306046034157612,18.443804249614445,False,False,56.17650395288531,56.21054773366587,1.0378451199899388,3.787933511293966,27.07101624608266,0.9635349058727514,0.2639961860519558,0.036939876615999075,0.9835282770832876,0.25489697478720785,-0.034043780780558565,1.0,1.0,False,1.0,96.91000366210938,2025-04-21,207.0399932861328,,0.0,0,0.0,-0.02591068555719489,-0.02591068555719489,0.0,0.0,-0.02591068555719489,14.961354715993226,-0.14506924502138402
2025-11-26,180.2499542236328,180.25999450683594,182.91000366210938,178.24000549316406,181.6300048828125,183852000,NVDA,57006000000.0,31910000000.0,1.3,41849000000.0,36010000000.0,38748000000.0,0.0,0.0,0.0,22115000000.0,23751000000.0,2025-12-10,15.0,0.5,62.49358645459211,55.976563870469775,34.66538355900691,17.190000534057617,0.006903459171132775,0.011837721690690861,0.013721668440651813,1.4599621492679864,60.3400674146512,7783.066518013991,94.34861142503934,27.932409803525474,27.932409803525474,False,19.761035141864973,18.685736740491127,16.95388212379488,20.417591357187373,0.7807764064044151,14.761035141864973,4.999999999999999,58.980914502375065,0.44114190914003737,0.25222955153301774,0.3066285393269449,-0.28350000381469725,-0.1306046034157612,18.443804249614445,False,False,56.544473084880664,56.50463101153614,1.040963330326763,3.787933511293966,27.740225352419067,0.9606486327295465,0.2639961860519558,0.03604873382590584,1.0362102107789255,0.052681933695637895,0.03984207334452094,1.0,1.0,False,1.0,96.91000366210938,2025-04-21,207.0399932861328,,0.0,0,0.0,0.013721668440651813,0.013721668440651813,0.0,0.0,0.013721668440651813,15.166649464829067,-0.1333381686618513
2025-11-28,176.99014282226562,177.0,179.2899932861328,176.5,179.00999450683594,121332800,NVDA,57006000000.0,31910000000.0,1.3,41849000000.0,36010000000.0,38748000000.0,0.0,0.0,0.0,22115000000.0,23751000000.0,2025-12-10,15.0,0.5,62.49358645459211,55.976563870469775,34.03846153846154,16.350000381469727,0.0054584834225450685,0.00859821852104492,-0.018084958427713183,1.4398078632401559,60.5213594189326,7738.626860316653,91.98751994124846,28.16221860621468,28.16221860621468,False,20.455874224185095,19.376777532171293,17.644922915475046,21.10863214886754,0.7807764064044153,15.455874224185095,4.999999999999999,58.53581889466365,0.44114190914003737,0.25222955153301774,0.3066285393269449,-0.28350000381469725,-0.1306046034157612,18.443804249614445,False,False,52.41245836827949,52.45226667595326,1.0440909093405866,3.787933511293966,27.892823049212563,0.9577710054305205,0.2639961860519558,0.035851516292763015,0.6948390823201223,-0.34137112845880324,-0.0398083076737737,1.0,1.0,False,1.0,96.91000366210938,2025-04-21,207.0399932861328,,0.0,0,0.0,-0.018084958427713183,-0.018084958427713183,0.0,0.0,-0.018084958427713183,14.892361239769935,-0.14901171185248752
2025-12-01,179.9099884033203,179.9199981689453,180.3000030517578,173.67999267578125,174.75999450683594,188131000,NVDA,57006000000.0,31910000000.0,1.3,41849000000.0,36010000000.0,38748000000.0,0.0,0.0,0.0,22115000000.0,23751000000.0,2025-12-10,15.0,0.5,62.49358645459211,55.976563870469775,34.5999996478741,17.239999771118164,-0.004565467815318525,0.00045421313066196234,0.016497164796301256,1.4363023094575063,60.70319611585728,7697.624927384844,89.08609093023374,26.73792938663624,26.73792938663624,False,20.684149970552944,19.887160309307195,18.15530569261095,21.61901492600344,0.7807764064044151,15.684149970552944,4.999999999999999,57.44748082106514,0.44114190914003737,0.25222955153301774,0.3066285393269449,-0.28350000381469725,-0.1306046034157612,18.443804249614445,False,False,45.766668706714434,45.743998576739706,1.0472278851796413,3.787933511293966,27.643892071015546,0.954901998077009,0.2639961860519558,0.036174356253130285,0.2282757463678493,-0.46656333595227295,0.022670129974724205,0.25,1.0,True,0.25,96.91000366210938,2025-04-21,207.0399932861328,,0.0,0,0.0,0.016497164796301256,0.016497164796301256,0.75,0.000375,0.016122164796301255,15.132458341883554,-0.13529193843125106
2025-12-02,181.4499053955078,181.4600067138672,185.66000366210938,180.0,181.75999450683594,182632200,NVDA,57006000000.0,31910000000.0,1.3,41849000000.0,36010000000.0,38748000000.0,0.0,0.0,0.0,22115000000.0,23751000000.0,2025-12-10,15.0,0.5,62.49358645459211,55.976563870469775,34.89615513728215,16.59000015258789,0.0018522200441719594,0.010302013712500946,0.008559407295434696,1.4329855882019062,60.885579141956754,7634.495523215064,84.82331403461542,25.096606463970446,25.096606463970446,False,20.660839812022985,20.18919566022679,18.457341043530544,21.921050276923037,0.7807764064044153,15.660839812022985,4.999999999999999,55.94946286238543,0.44114190914003737,0.25222955153301774,0.3066285393269449,-0.28350000381469725,-0.1306046034157612,18.443804249614445,False,False,35.01243055138209,34.95904142349361,1.0503742860767313,3.787933511293966,26.968783464435035,0.9520415848479259,0.2639961860519558,0.03707990763909487,-0.023310158529959324,-0.25158590489780863,0.053389127888476655,0.25,0.25,False,0.25,96.91000366210938,2025-04-21,207.0399932861328,,0.0,0,0.0,0.008559407295434696,0.002139851823858674,0.0,0.0,0.002139851823858674,15.164839560465898,-0.13344159130859792
2025-12-03,179.5800018310547,179.58999633789062,182.4499969482422,179.11000061035156,181.0800018310547,165138000,NVDA,57006000000.0,31910000000.0,1.3,41849000000.0,36010000000.0,38748000000.0,0.0,0.0,0.0,22115000000.0,23751000000.0,2025-12-10,15.0,0.5,62.49358645459211,55.976563870469775,34.53653775728666,16.079999923706055,0.00346277529986061,0.0023850759437296087,-0.01030535824307155,1.4315416500305769,61.06851013867948,7536.34400972508,77.54324724132137,27.355085720088482,27.355085720088482,False,20.957321119940843,20.48906277827843,18.757208161582184,22.220917394974677,0.7807764064044151,15.957321119940843,4.999999999999999,54.886427604521295,0.44114190914003737,0.25222955153301774,0.3066285393269449,-0.28350000381469725,-0.1306046034157612,18.443804249614445,False,False,21.91508299497476,21.894691236991783,1.053530140349486,4.492936481917207,25.76259860190098,0.9491897399995328,0.22257158631659182,0.038815960123145796,0.2964813079178583,0.31979146644781764,0.020391757982976627,0.25,0.25,False,0.25,96.91000366210938,2025-04-21,207.0399932861328,,0.0,0,0.0,-0.01030535824307155,-0.0025763395607678874,0.0,0.0,-0.0025763395607678874,15.125769784373572,-0.13567414001862566
2025-12-04,183.3800048828125,183.3800048828125,184.52000427246094,179.9600067138672,181.6199951171875,167364900,NVDA,57006000000.0,31910000000.0,1.3,41849000000.0,36010000000.0,38748000000.0,0.0,0.0,0.0,22115000000.0,23751000000.0,2025-12-10,15.0,0.5,62.49358645459211,55.976563870469775,35.26538555438702,15.779999732971191,0.0007311117128343536,0.0037243254119594393,0.021103672933937556,1.412971069159755,61.25199075240567,7518.980550014452,71.19679333999396,28.829966541063627,28.829966541063627,False,21.24914641497932,20.78579046349349,19.053935846797245,22.517645080189737,0.7807764064044153,16.24914641497932,4.999999999999999,53.8188459232108,0.44114190914003737,0.25222955153301774,0.3066285393269449,-0.28350000381469725,-0.1306046034157612,18.443804249614445,False,False,17.6722420535084,17.668027498812748,1.0566954764006151,6.622257024390979,24.090277986449134,0.946346437865207,0.15100591781877656,0.04151052140463068,0.2918252950384783,-0.00465601287938,0.004214554695651031,0.25,0.25,False,0.25,96.91000366210938,2025-04-21,207.0399932861328,,0.0,0,0.0,0.021103672933937556,0.005275918233484389,0.0,0.0,0.005275918233484389,15.205572108974438,-0.1311140274542777
2025-12-05,182.41000366210938,182.41000366210938,184.66000366210938,180.91000366210938,183.88999938964844,143971100,NVDA,57006000000.0,31910000000.0,1.3,41849000000.0,36010000000.0,38748000000.0,0.0,0.0,0.0,22115000000.0,23751000000.0,2025-12-10,15.0,0.5,62.49358645459211,55.976563870469775,35.078846858097954,15.40999984741211,0.0018994838690575833,0.007317843918009492,-0.0052895691726204674,1.405397961069759,61.43602263446208,7437.658233899793,62.40754198552312,30.211028243256948,30.211028243256948,False,21.150414265734852,20.928135294495252,19.196280677799006,22.6599899111915,0.7807764064044151,16.150414265734852,4.999999999999999,52.10659410401857,0.44114190914003737,0.25222955153301774,0.3066285393269449,-0.28350000381469725,-0.1306046034157612,18.443804249614445,False,False,15.509463059890285,15.536772750166989,1.0598703227181643,9.300609416997023,22.146602057619,0.94351165285521,0.1075198360843412,0.04515365370264439,-0.09873214924446927,-0.3905574442829476,-0.02730969027670426,0.25,0.25,False,0.25,96.91000366210938,2025-04-21,207.0399932861328,,0.0,0,0.0,-0.0052895691726204674,-0.0013223922931551169,0.0,0.0,-0.0013223922931551169,15.185464377604516,-0.13226303556800276
2025-12-08,185.5500030517578,185.5500030517578,188.0,182.39999389648438,182.63999938964844,204378100,NVDA,57006000000.0,31910000000.0,1.3,41849000000.0,36010000000.0,38748000000.0,0.0,0.0,0.0,22115000000.0,23751000000.0,2025-12-10,15.0,0.5,62.49358645459211,55.976563870469775,35.68269289456881,16.65999984741211,-0.0030042694967975514,0.007025912253847855,0.01721396484079274,1.4112366086642272,61.6206074411369,7445.805122415446,56.12975774645383,32.038590281841266,32.038590281841266,False,21.558491727446636,21.174219009732095,19.44236439303585,22.90607362642834,0.7807764064044153,16.558491727446636,4.999999999999999,51.164962173212345,0.44114190914003737,0.25222955153301774,0.3066285393269449,-0.28350000381469725,-0.1306046034157612,18.443804249614445,False,False,15.340912822693294,15.378237889569476,1.0630547078757728,11.953911728684814,19.994880906235093,0.9406853594564567,0.08365462475353425,0.05001280101089102,0.40807746171178394,0.5068096109562532,-0.03732506687618184,0.25,0.25,False,0.25,96.91000366210938,2025-04-21,207.0399932861328,,0.0,0,0.0,0.01721396484079274,0.004303491210198185,0.0,0.0,0.004303491210198185,15.250814890076315,-0.12852873716880558
2025-12-09,184.97000122070312,184.97000122070312,185.72000122070312,183.32000732421875,185.55999755859375,144719700,NVDA,57006000000.0,31910000000.0,1.3,41849000000.0,36010000000.0,38748000000.0,0.0,0.0,0.0,22115000000.0,23751000000.0,2025-12-10,15.0,0.5,62.49358645459211,55.976563870469775,35.57115408090445,16.93000030517578,-0.0008630792259767261,0.0026417352621372903,-0.0031258519079242486,1.4194602708998965,61.80574683369461,7366.696677343749,47.59301403157332,33.937729981726534,33.937729981726534,False,21.628030519429508,21.351381669595348,19.6195270528991,23.083236286291594,0.7807764064044151,16.628030519429508,4.999999999999999,49.67574631169929,0.44114190914003737,0.25222955153301774,0.3066285393269449,-0.28350000381469725,-0.1306046034157612,18.443804249614445,False,False,15.245687752662693,15.265814625054517,1.0662486605329276,14.906800278998675,17.895426131034895,0.9378675322322886,0.06708347742532259,0.0558802004868587,0.06953879198287183,-0.3385386697289121,-0.02012687239182469,0.25,0.25,False,0.25,96.91000366210938,2025-04-21,207.0399932861328,,0.0,0,0.0,-0.0031258519079242486,-0.0007814629769810622,0.0,0.0,-0.0007814629769810622,15.238896942870928,-0.12920975969621112
2025-12-10,183.77999877929688,183.77999877929688,185.47999572753906,182.0399932861328,184.97000122070312,162785400,NVDA,57006000000.0,31910000000.0,1.3,41849000000.0,36010000000.0,38748000000.0,0.0,0.0,0.0,22115000000.0,23751000000.0,2025-12-10,15.0,0.5,62.49358645459211,55.976563870469775,35.34230745755709,15.770000457763672,0.006632158354709983,0.004796591234865977,-0.006433488855235314,1.4105575022951546,61.99144247839103,7287.590212553253,38.31383780194246,35.19989043221048,35.19989043221048,False,21.51691796269221,21.416005085622185,19.68415046892594,23.14785970231843,0.7807764064044153,16.51691796269221,4.999999999999999,47.80419639925216,0.44114190914003737,0.25222955153301774,0.3066285393269449,-0.28350000381469725,-0.1306046034157612,18.443804249614445,False,False,15.298930254677606,15.27334693736178,1.0694522094352237,18.14416268652855,15.532696912261848,0.9350581458222418,0.05511414427200146,0.06438032014972096,-0.11111255673729659,-0.18065134872016841,0.025583317315825412,0.25,0.25,False,0.25,96.91000366210938,2025-04-21,207.0399932861328,,0.0,0,0.0,-0.006433488855235314,-0.0016083722138088286,0.0,0.0,-0.0016083722138088286,15.214387124458918,-0.13061031452277166
2025-12-11,180.92999267578125,180.92999267578125,181.32000732421875,176.6199951171875,180.27999877929688,182136600,NVDA,57006000000.0,31910000000.0,1.3,41849000000.0,36010000000.0,38748000000.0,0.0,0.0,0.0,22115000000.0,23751000000.0,2025-12-10,15.0,0.5,62.49358645459211,55.976563870469775,34.794229360727165,14.850000381469727,0.0023270002601829542,-0.005109893959979517,-0.015507705530775517,1.4053343217108218,62.1776960464882,7287.198241117939,31.66599166481421,34.84591182552309,34.84591182552309,False,21.555528140117765,21.470473240171998,19.73861862347575,23.202327856868244,0.7807764064044151,16.555528140117765,4.999999999999999,46.101037460916785,0.44114190914003737,0.25222955153301774,0.3066285393269449,-0.28350000381469725,-0.1306046034157612,18.443804249614445,False,False,15.573601451455009,15.573973932485359,1.0726653834146243,21.23470914710022,13.529377926590668,0.9322571749418184,0.04709271000947798,0.07391322834101617,0.038610177425553616,0.1497227341628502,-0.00037248103035040006,0.25,0.25,False,0.25,96.91000366210938,2025-04-21,207.0399932861328,,0.0,0,0.0,-0.015507705530775517,-0.0038769263826938793,0.0,0.0,-0.0038769263826938793,15.155402065619585,-0.1339808743312403
2025-12-12,175.02000427246094,175.02000427246094,182.82000732421875,174.6199951171875,181.11000061035156,204274900,NVDA,57006000000.0,31910000000.0,1.3,41849000000.0,36010000000.0,38748000000.0,0.0,0.0,0.0,22115000000.0,23751000000.0,2025-12-10,15.0,0.5,62.49358645459211,55.976563870469775,33.65769312931941,15.739999771118164,-0.010752025375860397,-0.028924773562129524,-0.032664503634346365,1.3634515163361434,62.364509214269475,7481.969018832832,34.48504287553077,28.28707415342562,28.28707415342562,False,21.873107312337837,21.62765683215281,19.895802215456563,23.359511448849055,0.7807764064044153,16.873107312337837,4.999999999999999,44.88336978595418,0.44114190914003737,0.25222955153301774,0.3066285393269449,-0.28350000381469725,-0.1306046034157612,18.443804249614445,False,False,14.952887191884537,14.984131787427174,1.0758882113897144,23.205525826682617,11.450420242449017,0.9294645943822637,0.04309318424709692,0.08733303920958276,0.31757917222007137,0.27896899479451776,-0.031244595542635808,0.25,0.25,False,0.25,175.02000427246094,2025-12-12,175.02000427246094,Trailing_Stop,0.17127617895436598,235,0.15,-0.032664503634346365,-0.008166125908586591,0.0,0.0,-0.008166125908586591,15.031641144156483,-0.14105289555069542
2025-12-15,176.2899932861328,176.2899932861328,178.4199981689453,175.02999877929688,177.94000244140625,164775600,NVDA,57006000000.0,31910000000.0,1.3,41849000000.0,36010000000.0,38748000000.0,0.0,0.0,0.0,22115000000.0,23751000000.0,2025-12-10,15.0,0.5,62.49358645459211,55.976563870469775,33.90192178579477,16.5,-0.0015108385386657375,-0.009673598483062484,0.007256250615185866,1.3529874024794872,62.551883663054646,7366.615038055138,30.454342390462998,25.35117857917166,25.35117857917166,False,21.86791617043385,21.721451243526896,19.98959662683065,23.453305860223143,0.7807764064044151,16.86791617043385,4.999999999999999,43.04913736075284,0.44114190914003737,0.25222955153301774,0.3066285393269449,-0.28350000381469725,-0.1306046034157612,18.443804249614445,False,False,14.093274720503324,14.052729951626823,1.0791207223659685,24.98727813443836,9.460320738713659,0.9266803790103331,0.04002036534830756,0.1057046613554851,-0.005191141903985397,-0.32277031412405677,0.040544768876500256,0.25,0.25,False,0.25,175.02000427246094,2025-12-12,176.2899932861328,,0.0,0,0.0,0.007256250615185866,0.0018140626537964666,0.0,0.0,0.0018140626537964666,15.058909482981365,-0.13949471168692748
2025-12-16,177.72000122070312,177.72000122070312,178.49000549316406,174.89999389648438,176.25999450683594,148588100,NVDA,57006000000.0,31910000000.0,1.3,41849000000.0,36010000000.0,38748000000.0,0.0,0.0,0.0,22115000000.0,23751000000.0,2025-12-10,15.0,0.5,62.49358645459211,55.976563870469775,34.176923311673676,16.479999542236328,-0.0027323394075896568,0.0018270871487007234,0.00811167955658898,1.3273423989192965,62.73982107921501,7284.378947590912,24.916190666685882,17.17124014678359,17.17124014678359,False,21.023158228244945,21.448845887982323,19.716991271286076,23.18070050467857,0.7807764064044153,16.023158228244945,4.999999999999999,39.22695633239906,0.44114190914003737,0.25222955153301774,0.3066285393269449,-0.28350000381469725,-0.1306046034157612,18.443804249614445,False,False,12.609511357619809,12.636594451198121,1.082362945436008,26.705760025580783,7.637684887650533,0.9239045037680685,0.03744510543950537,0.1309297273597805,-0.844757942188906,-0.8395668002849206,-0.02708309357831297,0.25,0.25,False,0.25,175.02000427246094,2025-12-12,177.72000122070312,,0.0,0,0.0,0.00811167955658898,0.002027919889147245,0.0,0.0,0.002027919889147245,15.089447745030771,-0.137749675898041
2025-12-17,170.94000244140625,170.94000244140625,176.1300048828125,170.30999755859375,176.10000610351562,222775500,NVDA,57006000000.0,31910000000.0,1.3,41849000000.0,36010000000.0,38748000000.0,0.0,0.0,0.0,22115000000.0,23751000000.0,2025-12-10,15.0,0.5,62.49358645459211,55.976563870469775,32.873077392578125,17.6200008392334,-0.011003536401451242,-0.022236238939625452,-0.038149891586355955,1.330874186305291,62.92832315418858,7254.247974082832,20.282674416038535,15.403358766010157,15.403358766010157,False,21.29663975981088,21.389426411089108,19.65757179439286,23.121281027785354,0.7807764064044151,16.29663975981088,4.999999999999999,37.59931988621817,0.44114190914003737,0.25222955153301774,0.3066285393269449,-0.28350000381469725,-0.1306046034157612,18.443804249614445,False,False,12.710491705146167,12.72494381304378,1.0856149097798637,28.24277088550181,6.771550234283554,0.9211369436725733,0.03540729073836525,0.14767667157471842,0.2734815315659347,1.1182394737548407,-0.014452107897613474,0.25,0.25,False,0.25,175.02000427246094,2025-12-12,177.72000122070312,,0.0,0,0.0,-0.038149891586355955,-0.009537472896588989,0.0,0.0,-0.009537472896588989,14.945532546138043,-0.14597336499423855
2025-12-18,174.13999938964844,174.13999938964844,176.14999389648438,171.82000732421875,174.52999877929688,176096000,NVDA,57006000000.0,31910000000.0,1.3,41849000000.0,36010000000.0,38748000000.0,0.0,0.0,0.0,22115000000.0,23751000000.0,2025-12-10,15.0,0.5,62.49358645459211,55.976563870469775,33.488461421086235,16.8700008392334,0.007551304892321253,0.015424305229203128,0.018720000599854014,1.329369480935009,63.1173915844953,7197.959672973156,15.984666695523158,15.408563486035177,15.408563486035177,False,21.827947958539895,21.56062005006387,19.828765433367625,23.292474666760118,0.7807764064044153,16.827947958539895,4.999999999999999,36.600237250389625,0.44114190914003737,0.25222955153301774,0.3066285393269449,-0.28350000381469725,-0.1306046034157612,18.443804249614445,False,False,12.862047708016943,12.850069889283915,1.0888766446652351,29.544484317511767,5.902130227421625,0.9183776738157889,0.033847265339042476,0.16943035166420836,0.5313081987290147,0.25782666716308,0.011977818733028016,0.25,0.25,False,0.25,175.02000427246094,2025-12-12,177.72000122070312,,0.0,0,0.0,0.018720000599854014,0.0046800001499635036,0.0,0.0,0.0046800001499635036,15.015477640695256,-0.14197652021433865
2025-12-19,180.99000549316406,180.99000549316406,181.4499969482422,176.33999633789062,176.6699981689453,324925900,NVDA,57006000000.0,31910000000.0,1.3,41849000000.0,36010000000.0,38748000000.0,0.0,0.0,0.0,22115000000.0,23751000000.0,2025-12-10,15.0,0.5,62.49358645459211,55.976563870469775,34.805770287146935,14.90999984741211,0.0060905233502994705,0.021619421806787775,0.03933620149032113,1.3505928144161516,63.307028071752335,7343.393771927859,15.987615183760633,15.790170323507695,15.790170323507695,False,22.886835342262337,22.07835885504452,20.346504238348274,23.810213471740767,0.7807764064044151,17.886835342262337,4.999999999999999,36.80164909545801,0.44114190914003737,0.25222955153301774,0.3066285393269449,-0.28350000381469725,-0.1306046034157612,18.443804249614445,False,False,14.325200421737131,14.30288290215357,1.0921481794477585,30.25269657818239,6.117771176513486,0.915626669364268,0.03305490462364862,0.16345822214453914,1.0588873837224426,0.5275791849934279,0.022317519583561422,0.25,0.25,False,0.25,175.02000427246094,2025-12-12,180.99000549316406,,0.0,0,0.0,0.03933620149032113,0.009834050372580283,0.0,0.0,0.009834050372580283,15.163140604182205,-0.1335386740932699
2025-12-22,183.69000244140625,183.69000244140625,184.16000366210938,182.35000610351562,183.9199981689453,129064400,NVDA,57006000000.0,31910000000.0,1.3,41849000000.0,36010000000.0,38748000000.0,0.0,0.0,0.0,22115000000.0,23751000000.0,2025-12-10,15.0,0.5,62.49358645459211,55.976563870469775,35.3250004695012,14.079999923706055,0.006229874178387496,0.0038727353731426994,0.014917933953784823,1.3534307960140675,63.49723432268933,7486.376702553213,20.987398508018586,16.634537325917222,16.634537325917222,False,24.70831719153622,23.105063564524183,21.373208947827937,24.83691818122043,0.7807764064044153,19.70831719153622,4.999999999999999,38.405557170371274,0.44114190914003737,0.25222955153301774,0.3066285393269449,-0.28350000381469725,-0.1306046034157612,18.443804249614445,False,False,16.69429866989169,16.720120295021616,1.0954295435712693,30.093423319150517,6.49644884627682,0.9128839055589515,0.03322985189802687,0.15393025076663383,1.8214818492738836,0.762594465551441,-0.02582162512992454,0.25,0.25,False,0.25,175.02000427246094,2025-12-12,183.69000244140625,,0.0,0,0.0,0.014917933953784823,0.003729483488446206,0.0,0.0,0.003729483488446206,15.219691286698492,-0.13030722088492347
2025-12-23,189.2100067138672,189.2100067138672,189.3300018310547,182.89999389648438,182.97000122070312,174873600,NVDA,57006000000.0,31910000000.0,1.3,41849000000.0,36010000000.0,38748000000.0,0.0,0.0,0.0,22115000000.0,23751000000.0,2025-12-10,15.0,0.5,62.49358645459211,55.976563870469775,36.38653975266676,14.0,0.0045704843606495515,0.005442224209167845,0.030050651636426062,1.3572793835847898,63.68801204916383,7835.945727537704,41.15838459460519,17.911627068545897,17.911627068545897,False,29.614439162674163,25.64624700825425,23.914392391558003,27.378101624950496,0.7807764064044151,24.614439162674163,4.999999999999999,43.969028157819764,0.44114190914003737,0.25222955153301774,0.3066285393269449,-0.28350000381469725,-0.1306046034157612,18.443804249614445,False,False,20.41863730401423,20.485802648037023,1.0987207665680656,28.694018337164138,6.733392793313001,0.9101493577149478,0.03485046912041637,0.1485135400081085,4.906121971137942,1.518727130426143,-0.06716534402279364,0.25,0.25,False,0.25,175.02000427246094,2025-12-12,189.2100067138672,,0.0,0,0.0,0.030050651636426062,0.007512662909106516,0.0,0.0,0.007512662909106516,15.334031696916123,-0.12377351220094791
2025-12-24,188.61000061035156,188.61000061035156,188.91000366210938,186.58999633789062,187.94000244140625,65528500,NVDA,57006000000.0,31910000000.0,1.3,41849000000.0,36010000000.0,38748000000.0,0.0,0.0,0.0,22115000000.0,23751000000.0,2025-12-10,15.0,0.5,62.49358645459211,55.976563870469775,36.271153963529144,13.470000267028809,0.003517621421107009,0.002398123404139252,-0.003171111898024437,1.3488046813342358,63.87936296817668,7736.010462038522,49.66276282077293,18.741506778729203,18.741506778729203,False,32.65288370477926,28.381555318701302,26.649700702005056,30.11340993539755,0.7807764064044153,27.652883704779263,4.999999999999999,46.45296137695282,0.44114190914003737,0.25222955153301774,0.3066285393269449,-0.28350000381469725,-0.1306046034157612,18.443804249614445,False,False,23.564272949589284,23.4748137916889,1.1020218780591773,26.869085570657845,6.881984698742847,0.9074230012213071,0.03721749284583177,0.14530691999107076,3.0384445421051005,-1.518727130426143,0.08945915790038726,0.25,0.25,False,0.25,175.02000427246094,2025-12-12,189.2100067138672,,0.0,0,0.0,-0.003171111898024437,-0.0007927779745061092,0.0,0.0,-0.0007927779745061092,15.321875214326429,-0.12446816526115384
2025-12-26,190.52999877929688,190.52999877929688,192.69000244140625,188.0,189.9199981689453,139740300,NVDA,57006000000.0,31910000000.0,1.3,41849000000.0,36010000000.0,38748000000.0,0.0,0.0,0.0,22115000000.0,23751000000.0,2025-12-10,15.0,0.5,62.49358645459211,55.976563870469775,36.64038438063401,13.600000381469727,-0.0001014040437492536,0.0015720828622107774,0.010179726222003582,1.3567835692849959,64.07128880188742,7709.690983360902,53.160116994891865,20.01118228339682,20.01118228339682,False,34.739192417395955,30.863501842272406,29.13164722557616,32.59535645896865,0.7807764064044151,29.739192417395955,4.999999999999999,47.809082725954845,0.44114190914003737,0.25222955153301774,0.3066285393269449,-0.28350000381469725,-0.1306046034157612,18.443804249614445,False,False,25.997600089971325,25.97697395659828,1.1053329077546301,24.784664116075714,6.935240259863156,0.9047048115408026,0.04034753084877937,0.144191111270849,2.0863087126166917,-0.9521358294884088,0.0206261333730464,0.25,0.25,False,0.25,175.02000427246094,2025-12-12,190.52999877929688,,0.0,0,0.0,0.010179726222003582,0.0025449315555008956,0.0,0.0,0.0025449315555008956,15.360868338048814,-0.12223999666708145
2025-12-29,188.22000122070312,188.22000122070312,188.75999450683594,185.91000366210938,187.7100067138672,120006100,NVDA,57006000000.0,31910000000.0,1.3,41849000000.0,36010000000.0,38748000000.0,0.0,0.0,0.0,22115000000.0,23751000000.0,2025-12-10,15.0,0.5,62.49358645459211,55.976563870469775,36.19615408090445,14.199999809265137,-0.003563648189011559,-0.004504222122484802,-0.012124062212741427,1.3585052488230016,64.26379127762986,7669.853671739707,52.364897008556596,19.605011958063173,19.605011958063173,False,35.13540290817107,32.53120162364618,30.799347006949937,34.26305624034243,0.7807764064044153,30.135402908171073,4.999999999999999,47.56888224151961,0.44114190914003737,0.25222955153301774,0.3066285393269449,-0.28350000381469725,-0.1306046034157612,18.443804249614445,False,False,26.982245385379464,26.94003905057999,1.1086538854537145,22.557939412544723,6.971429784592943,0.9019947642097081,0.04433029017907056,0.14344259798901343,0.3962104907751183,-1.518727130426143,0.042206334799474235,0.25,0.25,False,0.25,175.02000427246094,2025-12-12,190.52999877929688,,0.0,0,0.0,-0.012124062212741427,-0.0030310155531853566,0.0,0.0,-0.0030310155531853566,15.314309307205754,-0.12490050088914763
2025-12-30,187.5399932861328,187.5399932861328,188.99000549316406,186.92999267578125,188.24000549316406,97687300,NVDA,57006000000.0,31910000000.0,1.3,41849000000.0,36010000000.0,38748000000.0,0.0,0.0,0.0,22115000000.0,23751000000.0,2025-12-10,15.0,0.5,62.49358645459211,55.976563870469775,36.06538332425631,14.329999923706055,-0.0012211468345215692,-0.003153434362622609,-0.003612835671873982,1.3584071259723516,64.45687212792758,7604.449669287889,47.13210569489113,19.660405701481622,19.660405701481622,False,34.47194613626712,33.28884538680281,31.556990770106566,35.02070000349906,0.7807764064044151,29.47194613626712,4.999999999999999,46.35117899275887,0.44114190914003737,0.25222955153301774,0.3066285393269449,-0.28350000381469725,-0.1306046034157612,18.443804249614445,False,False,27.280155192393334,27.21914763514922,1.1119848410452513,20.154246377287677,7.016822766432583,0.8992928348375802,0.0496173352890498,0.142514644203905,-0.6634567719039524,-1.0596672626790706,0.06100755724411528,0.25,0.25,False,0.25,175.02000427246094,2025-12-12,190.52999877929688,,0.0,0,0.0,-0.003612835671873982,-0.0009032089179684955,0.0,0.0,-0.0009032089179684955,15.300477286466958,-0.12569089856085433
